00000000000000000000000000000000222222222222222002222222000222222200022300000234344222333220000000000222220000022000000002202222000000000000000000000222220222200000000000000000000000000000000000222220
00000000000000000000000000000000022222220022222000000000000022222200022200022033334022320020000020000022220002222200000002202202222000000000000000002222222222200000000000000000000000000000000000222200
00000000000000000000000000000000022222222222220200000000020002222200022224402032230322302220000220220022222002222222200002202200222000000000000002222222222220220000000000000000000000000000000000222200
00000000000000000000000000000000222200022200000220000000022220022200022223000002234403322220022222200020000220002222222000000000000000000000000000000022222200000000000000000000000000000000000000220000
00000000000000000000000000000000222022222000002220000000000000000000022222324004434443000000222202000000220002222222222220020000000000000000002200222222222200000000000000000000000000000000000002220000
00000000000000000000000000000000220022220000002020000000220000000000022243344003343342000000333323000000220022202222222222220000000000000000000200222222222222000000000000000000000000000000000002200000
00000000000000000000000000000000000000020000000022220000222222220000002233220443333400422003333320000000000022222222222222200000022000022200022022000022202222022000000000000000000000000000000000000000
00000000000000000000000000000000000000020000000002220222222222220000000220223440033300222000223320220020000022222222222222200000022000022200222222200222202222022000000000000000000000000000000000000000
00000000000000000000000000000000000000000000000000000222222002220000002033044320033403343320222222222222220222222222222222222222000000222002202222220000000000000000000000000000000000000000000000000000
00000000000000000000000000000000000000000000000000000222222002220020000022003320303342230000222222222222202222222222222222222222222220002202222222222220000000000000000000000000000000000000000000000000
00000000000000000000000000000000000000000000000000000022222002220222000022003320303433400000222222222222222222222222222222222222222222000002222022222222200000000000000000000000000000000000000000000000
00000000000000000000000000000000000000000000000000000000000002220022222000222334443303200002222222000022220220222022222222222222222222220020000000002222200000000000000000000000000000000000000000000000
00000000000000000000000000000000000000000000000000000000000002220022222000222233322223200022222222000222222220022222222222222222222222220020000000000222200000000000000000000000000000000000000000000000
00000000000000000000000000000000000000000000000000000000000002222022200200222233222000200222222222022200222000020220222220002222222222222200000000002000000000000000000000000000000000000000000000000000
00000000000000000000000000000000000000000000000000000000000000222222240022222322222200000222222222222200222222222222002000000222222222222220000002222222200000000000000000000000000000000000000000000000
00000000000000000000000000000000000000000000000000000000000000222222203022223322222200000222222222222200222222222222002000000222222222222222200000222222200000000000000000000000000000000000000000000000
00000000000000000000000000000000000000000000000000000000000000222220022002223333022200000002022222222200222222222200000220020022222222222222200000000000000000000000000000000000000000000000000000000000
00000000000000000000000000000000000000000000000000000000000000222222022222223333002200000000022222222200222222222200000220020022222222222222222000000000000000000000000000000000000022000000000000000000
00000000000000000000000000000000000000000000000000000000000000002220232222223322200000000000022200222222220220000000000000000000222222222202222022220000000000000000000000000200000222222000000000000000
00000000000000000000000000000000000000000000000000000022200002222022200222003330020000000000202202200000000000000000000000000000000022222200000000202000000000000000000000000222002222222000000000000000
00000000000000000000000000000000000000000000000000002222200002222220000022203340320000000000002202200000000000000000000000000000000002222200000200022000000000000000000000000222022222222000000000000000
00000000000000000000000000000000000000000000000000022222000002002200022022223343300000000000000023322000000000000000000000000000000000220000022200222000000000000000000000002222222000200000000000000000
00000000000000000000000000000000000000000000000000002222220002222222034222222433200000000000000333332000000000000000000000000000000000220000020200222000000000000000000000222222220000000000000000000000
00000000000000000000000000000000000000000000000000002222222022222222222222222443200000000000000000033000000000000000000000000000000000000000022000220000000000000000000002222222220000000000000000000000
00000000000000000000000000000000000000000000000000000222222220222222202222222443200000000003320000003322000000000000000000000000000000000000000000220000000000000000000000022222200000000000000000000000
00000000000000000000000000000000000000000000000000000022222220022202202022222443200000000000320000000222000000000000000000000000000000000000000000220000000000000000000000020200000000000000000000000000
00000000000000000000000000000000000000000000000000000022222220020222224022224444200000000003000002222222000000022000000000000000000000000000000000000000000000000000000000000000002000000000000000000000
00000000000000000000000000000000000000000000000000000022222220022222224022333443200000000002000002222222002222022000000000000000000000000000000000000000000000000000000000000000002000000000000000000000
00000000000000000000000000000000000000000000000000000222222222222223343324444430000000000003000032222222222222202200000000000000000000000000000000000000000000000000000000000000000000000000000000000000
00000000000000000000000000000000000000000000000000002222222222222022244344444332200000000003002332202222220222222222000000000000000000000000000000000000000000000000000000000000000000000000000000002200
00000000000000000000000000000000000000000000000000002222222222220322333444443222200000000003003222002222220222222022000000000000000000000000000000000000000000000000000000000000000000000000000000002200
00000000000000000000000000000000000000000000000000000222222220000344342433343230000000000003003020000000220222200000000000000000000000000000000000000000000000000000000000000000000000000000000000000000
00000000000000000000000000000000000000000000000000000022220220000023344303333230000000000003330020000000222222200000000000000000000000000000000000000000000000000000000000000000000000000000000000000000
00000000000000000000000000000000000000000000000000000000220000000003200203333423202200000000330220000000222222200022000000000000000000000000000000000000000000000000000000000000000000000000000000000000
00000000000000000000000000000000000000000000000222200000000002230033330023444433222000000000232220000002222222000000220000000000000000000000000000000000000000000000000000000000000000000000000000000022
00000000000000000000000000000000000000000000000222200000000003330330000044445433220000000000233220000000220220020000320000000000000000000000000000000000000000000000000000000000000000000000000000000022
00000000000000000000000000000000000000000000000000000000000003000000045555555433200000000000233220000032222222223300000000000000000000000000000000000000000000022000000000000000000000000000000000000200
00000000000000000000000000000000000000000000000000000000000002000004555555555432200000000000222220000033222222233300000000000000000000000000000000000000000000022000000000000000000000000000000000000200
00022000000000200000000000000000000000000000000000000022000000000045555555555300000000000000000200200022223333232000000000000000000000000000000000000000000022022000000000000000000000000000000000000000
00222000000000220000000000000000000000000000000000000000000000333345555555553300000000000000232222200232233333000000000000000000000002220000000000000020000022002000000000000000000000000000000000000000
02222000000000222000000000000000000000000000000000000000000000333444555555553000000000000000232222220223232230003000000000000000000002220000000000000000000022000000000000000000000000000000000000000000
02222200000222220002000000000000000000000000000000000000000003334444444455530000000000000000230002222033003330323222000000002300000000000000000000320220000000022220000000000000000000022022000020002202
00222200000222220022000000000000000000000000000000000000000003334444444443320000000000000000230003322033303320023332000000002200000000000000000000223220000000022220000000000000000000022022000022022220
00222200000002222220000000000000000000000000000000000000000003334444444433000000000000000000332203332003320300022330000000000000000002220003300000003002300000202220000000000000000000002000000222222222
00222000000000222000000000000000000000000000000000000000000003333443334440000000000000000000332203333000322000022200000220000022022002222223332200224222420000002222000000000000000000222000000222222222
00022000000000022000000000000000000000000000000000000000000003330333333300000000000000000000332203332000222220022000000220000022033000022222323300344220030000000222000000000000000000222000000222220022
00022000000000022000000000000000000000000000000000000000000223333333333000000220000000000000333333332022222220002000002000002322023222222220022000004322230000000220000000000000000000222000000222222222
00002000000000022000000000000000000000000000000000000000000220333333332000003330000000000000333333222222222220000000002000002222002222222222022000303222244000000220000000000000000020222000000222222222
00000000000000000000000000000000000000002200000000000000000000333333332000000000000000000000333302200222222220002222220000020002000232222222000300323222244000000000022200000000220222222000000222222222
00000000000000000000000000000000000000002200000000000000000000333333332000003000000000000030333202200222222220002222220000022022000222222220000200344322244000000000022200000000222222222000000222222222
00000000000000000000000000000000000000000000000000000000000000333333322000222000000000000320333300000222222222000023320000022222200222222220000200444422244200020000022200000000022222200000000222222222
00000000000000000000000000000000002000020000000000000000000000000033000000000000000000000302333330000022222200000000000000020222000222222220000000244422242200022022222200000000222222200000002222222002
00000000000000000000000000000000002000022000000000000000000000000030000000000000000000000033333330000022222000000000033300022222200222222220000000444422242200022222222200000000222200000000002222222000
00000000000000000000000000000000000000022200000000000000000000000000000000000000000000000333333330000000000000000000033300022222222222202222200000444422242232022022222200000000222220000000220222222000
00000000000000000000000000000000000000022200000000000000000000000000000000000000000000000233333330000000000000000000033000222222222222003222220000444432243232022022222200000000222220000000222222222000
00000000000000000000000200000000000000020000000000000000000000000000000000000000000000000233333330022000000223022000000030222222222220000222022223444223442240002222220000000000222220000000022222222200
00000000000000000002022220000000000000000000000000000000000000000000000000000000000000000220333333000000002220000000000033022202222000220022222202440243242244222222220000330022222220000000022222222222
00000000000000000022002220000000020000000000000000000000000000000000000000000000000000000223333333300000003320000000000033022220222000222002222200433222243444322222222000000022222220000000222222222222
00000000000000222222220000022000022000000000000000000000000000000000000000000000000000000000333333332000033000022000220033022222220000222222220200033233344444422222222200000002022220000000222222202220
00000000000002222222220000022000002000000000000000000000000000000000000000000000000000000000333322322000032000022000220033302222000000222222203400040243244444322440222200000000002220000000222220002200
00000000000002000000000000002200002220000000000000000000000002222220000000000000000000000000333330000300000223330000000033332222000000022222203444443242244444334442222220022330000000000400222220000002
00000000000000000222222200000000002220000000000000000000000002222222200000000000000000000220233330000300000222333322330223333200022220222200003344442042444444444444222222233322422030022200222000002222
00000000000000000222222200000000000220000000000000000000000022222222200000000000000000000320333330000330000223333332220220033300022233222200003344443043444444444432322222403034443003044300220000002222
00000000002022000222220200000200000220000000000000020000000022222222200000000000000000000333433330000000003300300000000000003222000333222000003344443333444444444332222223400043033433344000000000000022
00000000002022000222220000000200000220000000002000200000000022222222220000000000000000000332433330000000003330300000000000002222000002222000000344443433444434444332342222440034433440322000000000000002
00000000000000200022220000000000000220000000002002220000000002222222200000000000000000003334433330000000000322233333300000020220000000002200000344444333443323444444443344444444444444442000000000000000
00000000002200000000220000000022220220000000002220000000000002222220000000000000000000003333453444432000000220033333332220222200003332220200000044443433344323344444443324324444444444443422000000000000
00000000022200000000220000000022220220000000000220000000000002222220000000000000000000000333555554342000003233003333322222222220000333320000033044443433244433444333344222224444555555533342000000000000
00222000022222000022220000000022022222200022000220000000000000022220020000000002200022000234555544442303322233200332000000022222333333322300333344444433344444444333333432244454555555532333000000000000
00222200002222000022220000000022222222200022000220000000000000002220022000000002200032000234555544444333323222300032000000002222223333332300333344444343344444444433322432234245555555433323000000000000
00220220000000000000000000000022222000002222000220000000002220002220022000000000000000300044555555443032000000300000000000002222300323320330333344434334333334434443222432222334445554423000000000000000
02222220000000000000000000000022222000002222000000000000200000002200000000000000020000333445555455442200000000000000000000002222332333330000033344234434433454432433443442224455444454433200000000000000
02222220000000000000000000000022222200002222000000000002200000002200000000000000020000032344534444442200000000000000000000002222332323330000033344434433444444343345544444223355545544433300000000000000
22222220020000000000000000000022222200022200000000000002200000000000000000000000000000000334333444432000000000000000000233330003222003330000033334443334444434454344444444224455455555543300000000000000
22222220020000200000000000000222222000222200220000000002200000000000000000000000000000000333333433333000000000000000000233334432222003330300333333444444444445544445444454433344455555444300000000000000
00000000000000000000000000000222222002220000220000000022200002220000000000000000000000000033333433300000000000000000000003433300000032333302333333444443444544444434555454443333355554444200000000000000
00000220000000200000000000000222220222200002220000000222200000002200000000000000000022000032333433200000220030022000000000000022200230320033333333444444444555444445554554443323334434442000000000000000
00002222000000200000000000000222220222200000000000000022000000002200000000000000000022000003333443200000220030022000000000000432000330330020033344344444444554444555554554443323344334422000000000000000
00000222000022200000000000000222220222000000000000000022200000000000000000000000000000000002343443300003000030022000000003444433442033330020003344444434344554455555554455443323454335422000000000000002
00000220000222200000000000000000222200000000000200000022200000000000000000000000000000000003344444330003000000022000000002443223343003000030000334444433445554445555554455543333443335532000000000000002
00000000000222222000000000000000000000000000002222000022200000000000000000000002200000200003344444332000320000000000000002440003333000000000000033444444454554443555555455544333333445542000000000000000
00000000000200000220000000000000002000000000002220000022200000000000000000000002220022022000344444330000220000022200000002444422003320000000000033344454444433333555554555544333433355544200000002200000
00000000000000000220000000000000002200000000002220000022200000000000000000000002200022222000344554333000220000033330000004444422003320000000000034444444444433333555444445555433223344544200000002200000
00000000000000000000000000000000000000000000000000000020000000000000000000000000000022200000344555433333330003300443304344444200000322320030000003044444444443333554444545555443333343433330032222220000
00000000000000000000000000000000000000000000000200000000000000000000000000000000002222000003334555544433333004400233334445444300000332330330000000444444554443324355444545555434344443233334444222220000
00000000000000000000000000000000000000000000002220000000000000000000000000000000000022000033334555554433333333443003334455544432000033333333022003443334555433334345544455555443333343044444442220000000
00000000000000000000000000000200000000000000002000000000000000000000000000000000000000000003333555554443333333333023344555544442200002333333333303444334455400234335554444555444223332234433430200002220
00000000000000000000000000000200000000000000000000000000000000000000000000000000000000000002333555554443334330333333345555544343200033333330333303444433453303233333555545555444444303432333332000000000
00000000000000000000000000000000000220000000000000000000000000000000000000000000002200000000333555555433333330000003445555544444200003332330333333444444443333333334555545555334444340044332442000000000
00000000000000000000000000000000002222000000000000000000000000000000000000000000002200000002334455555543334430000000345555544444400044333333333234444444440333233334455445553332224444044444442000000000
00000000000000000000000000002200000222002200000000000000000000000000000000000000000000000022334445555554344440000223344444444444442344433330033333004333443443332234555444443222004444322444440000022222
00000000000000000000000000022000000200000000000000000000000000000000000000000000000000000222233445555544344422223333334444444444443444444443334332444333333433322233355554443224430333332033320000220000
00000000000000000000000000022000000000000002000000000000000000000000000000000000000000000220233345555444343444422004433444443344444444444443334333444344233433332333344454443222440344434000440000000000
00000000000000000000000000000000000000000002002000000000000000000000000000000000000000000222233345555554433344222034433344430033334244444333333344444442224444333333333444444222344433344200223002220000
00000000000000000000000000000000000000000022002000000000000000000000000000000000000000000022223334555555433344444433333444433200234223444444433344444432234444332223333444444222233223344200234002222000
00000000000000000000002200000000000000000022000000000000000000000000000000000000000000000323323334445555344444444433333344444332000000344444433334444432223444322233333234442222222222334400003222220000
00000000020222000000002222222000002220002220000000000000000000000000000000000000000000000003323333444444444444444444343344444440222000344444433400334432233344322223333333332202200222233223333222220000
00000000020022000000002222222000002220002200000000000000000000000000000000000000000000000003322233344444444444444444444444444333422000344444444300034432222222222222233344422222200222223333332222220000
00000000000000000000002220222000002220000000000000000000000000000000000000000000000000000002222223334444444444333444444444444434442223044444444300000032222222222222223224422230222222222333333222220000
00000000200000000000022020222000002220000000000000000000000000000000000000000000000000000002222222333444445544444433334444444444433233344444234444440003222222222222222224433220233333200332222222220000
00000002202000000002222222202200000000000000000000000000000000000000000000000000000000000000302322333344555555544333444444444444443442333444444444444443200222222222222223443200033333300000022222222222
00000002220022000000022222200200000002220000000000000000000000000000000000000000000000000000223333333334555555443355544445544444444442444444444424434443322222222222222223333332222330332022022222222222
00000022200022000000002202200020000002222000000000000000000000000000000000000000000000000000223332332233455555555553330023345455454444444444444224433443322222222222220222333332333330222022022222222222
00000022200222000000000002200000220000002200000000000000000000000000000000000000000022000000233333332223345555554443322222344444444544444444444044433443222202222220222222222332330000022000222222222220
00000222200000000000000002200000220000002200000000000000000000000000000000000000000322000000233333222222345555555543333322333334444554444444444444433343222202222220222222222333333000022000222222222200
00000222200002220220202200000000000002222000000000000000000000000000000000000000033300000000003332222222445555454332333222333333443330003333303444433333322222222220222222223233333000000000222222222222
00000222200000200220002200000000000202220000000000000000000000000000000000000000023333000000002222222322444444444443033022222233443322002222203340343433332222222222222222223233333300000000222000222222
00000022200000000000002200022200000000220000000000000000000000000000000032000000020023000000000000000033444455555544343322223333444322222222200300044443333222222222202222223233333300000000022202222202
00000000220000000000002220022222000002220000000000000000000000000000000033000000030000000000000000022223555555555554443322233333444422222222222200003444333222022222202222223033333300000000002202222002
00000000020000000000002222222222000000222000000000000000000000000000000022000000003000000000000000034455555555555554432430023345444432222222222220000233300022022222202222222033320000000000022002222000
00000000000000022002222222222222000222222000000000000000000000000000000022320000033000000000000000000455555554445555433430003344444432222222222220000000000000022000002222222033000000000000222002222022
00000000000000222000220022222222200222220000000000000000000000000000000022230000320000000000000000000344555555555555544440023332254444222202222220000000000000022222202222222032000000000000222022220022
00000000000020222002200022222222220222200000000000000000000000000000000000033003200000000000000002203355555555555555554454444433203344300000220000002000000000000222202220000000000000000000220222200002
00000000000000222002200002222200002002000000000000000000000000000000000000000000000000000000000000022345555555555555554434444430000344320000000000002002202222222222222220000000000000000000220000000022
00000000000000022002000000222200002000000000000000000000000000000000000000000000000000000000000000033344555555555555554445443400000244220000000000002222222222222222222220000000000000000002220002000222
00000000000000000002202200222000000000000000000000000000000000000000000200000000000000000000000003433334555555555555555435443300000344000000000000002222222202222222222222200000000000000022000002202222
00000000000020000000202222022000000000000000000000000000000000000000000200000000000000000000000004443334455555555555555533443200400344300000000000002222222200222222222222200000000000000022000222222202
00000000000022000000222200000000000000000000000000000000000000000000000000000000000000000000000004443334444555555555555533343344300444320000000000022222222200222222222222000000000000000222002222200222
00000000000022022000000000000000000000000000000000000000000000000000000222000000000000000000000004003333344555555555555553323334334444000000000000222222222200222222222222200000000000022222222222002222
00000000000000022000000000000000000000000000000000000000000000000000000222000000000000000000000054000203444455555555555554323432033444300000000033222222222222222222222222200000000000022022222220002222
00000000000000000000000000000000000000000000000000000000000000220000000222000000000000000000000353200000333555555555555554433300003344333233203333332222200000222222222200022000222000022022220000022202
00000000000000000000000000000000000000000000000000000000000000220000000222000000000000000000005444200030344455555555545554422200000344333223333333332222222000222222222200022002222002222022220022222220
00000000000222000000000000000000000000000000000000000000000000000000000000000000000000000000044444443234444455555555545554420000033344320000333333332222222000022222222220000022222222200202222022222222
00000000000020000000000000000000000000000000000000000000000000222200022000000000000000000000223335443344444455555555555544420000000043332200000003333022222200222022222220000222022222222222222002222222
00000000000000000000000000000000000000000000000000000000000000222200022000000000000000000000343434333333444445555555555544320000000033333200000000333002220000223002222200000222002222222222000222222222
00000000000000000000000000000000000000000000000000000000000000000000022200000000000000000000344243332033444345555555455543400000000003043200000000000000020000000000222200000200002222222222000222002222
00000000000000000000000000000000000000000000000000000000000000000000022200000000000000000003334202342034444445555544455544400000000002003300000000000000020000000000222200000200000022222222202220022222
00000000000000000000000000000000000000000000000000000000000000000000000000000000000000000000034304443334444455555444555544300000000000003320000000000000000000000000000002200000000022000222220022200222
00000000000000000000000000000000000000000000000000000000000000000000000000220000000000000000303434443344444445554444555555344400000000000000000000000000000000000000000000222200000222222222200222222200
00000000000000000000000000000000000000000000000000000000000000000000000000220000000000000000003445443444544455554334455554444200000000000000000000000000000000330000000000022200000222200222220002202220
00000000000000000000000000000000000000000000000000000000000000002200000000000000002300300033004454333334544553354333455554544222000000000000000000000000033033330002222200022200000222000222222000022222
00000000000000000000000000000000000000000000000000000000000000002200222200000003002203200033003443344344544343345544555554444332000000000000000000000000003323333022222200222200000220000022022200022222
00000000000000000000000000000000000000000000000000000000000000000002222200220033230003332330333444455444433333334555555554354444000000000000000000000000002202222220020002222200000202200022222220002222
00000000000000000000000000000000000000000000000000000000000000000000222222000033030003223330334444555444444455544455545554434344200000330000000000000000000022222000022200222220000000020000000022000022
00000000000000000000000000000000000000000000000000000000000000000000223322000330043030334323344345544444344454555455455553434434400000340000000000000000000022200000002200002200000000000000000000000022
00000000000000000000000000000000000000000000000000000332000000000003333330022333343334444434444444544234444443555445555555333334442000340000000000000000000022022220000000000000000000000000022000220022
00000000000000000000000000000000000000000000000000000333000000000033333300022333334344444444444555433223444445444445545555333233444000234000000000000000000022022220000000000000000000000000022200020002
00000000000000000000000000000000000000000000003003330033200000032233333332224422333304344444445555433333455555544334555555433322444320034200000000000000002220002220000000000002220000000002000000022202
00000000000000000000000000000000000000000022333033330000000000333203333033223443333224334455555544333334444455555554455555433323334320320000000000002000032222000220000000000220000220000022220222222202
00000000000000000000000000000000000000003333333033230000000000233333332043334343234234333444455444433344444555555554344555542322224223320000000000003000032200000020000000000200000220000022220022220220
00000000000000000000000000000000000000033300333033320000000000033333332244333344333244334445544434444444445555545444344544454440000223340000000044303320334222200222002200000000000000000002220002222220
00000000000000000000000000000000000000033300332033333333333330033333443343333344433344444455543444444444555543333333335555555433000423343000000044000220332222220222002200000000000000000220220002222200
00000000000000000000000000000000000000033333330003333333333333334444444444443334443344334454442444444444555443333333345555554333333004433200042344000000020002200022002200002200000000000000000000220000
00000000000000000000000000000000000000003003330000033332333444433444444444444444444344343444443444444445555543333334555544554333333343333333433444000000320000022220002022222222220002200000000000000022
00000000000000000000000000000000000000000000000000003322442444434444444444444444444343443433332344444455544443234445554334445433444443300444444444400000222000022220000022222020220002200000000000000022
00000000000000000000000000000000000000000000000000333324444444333334444444444444444444444434433444454555555443444555443333344444544433344444443344440000022200022200000022222222000000000022000000000000
00000000000000000000000000000000000000000000000000334322334444432234444433334334444445545444444444555555555333555544333333445555554420344444432344440000022200022200000022222022000000000022222000222000
00000000000000000000000000000000000000000000000000033322000334400003444444444344444455555555544444555555555444445444320535455555544420344444300344440000000222022200000022200000000000000000222000020000
00000000000000000000000000000000000000000000000000033323332433433200334444444344454344545555544454555555555555545554445555544443444432244333322444440000000222202000002202200222220000000000000000000000
00000000000000000000000000000000000000000000000000002223333444433300343334333344335554444555544455555555555555555555555444335444444443344203034444420000000222200000002222200222220000000000000000000000
00000000000000000000000000000000000000000000000000000044334344423334434444434445533443333445544555555555334443445555344445554443344444444200044444000000000022220222222220022202223222200000000000000000
00000000000000000000000000000000000000000000000000000034223344444444433334433455553444033344554555555543333343455533344555555333344433343300344423000000000022220220222202222020223232200000000000000000
00000000000000000000000000000000000000032200000000000033200343344443343334443333445544444434445555555443333344555543345343333332344433333333343332320000000000200000000002222222222030022200000000000000
00000000000000000000000000000000000000332200002230023232000344444433343344444444433444444434444555544444333355555555433334433330045432334444433222420000000022000000000002222223303320022200000000000000
00000000000000000000000000000000000000444200044440343432000334444434434444333433443445444444334555433444444455333333544333440000034444444444444444420000000022000000000000000223333320022200000000000000
00000000000000000000000000000023000002444000444443344443332333443444444444320333344445445444344544434455544433333333333320343200003444444444444443320000000000000000000000000000333300000022000000000000
00000000000000000000000000003333300004444000444444344444343333344444444454320243344445544443344555444444455553333333222320022200000344443322344300220000000000000000000000000033333300000022000000000000
00000000000033200000000000000330000004444422244444244444444334444433343344333344544455444443345555443334444355333300000330000000000444444200044400000000000000000000320002222033333300000000000000000000
00000000000000330222000000003330000004444400004444444444444444444433433343332444445444445432344555443344443334433333320030002200000444344220023200000000020000000000033333332223333320000000000000000000
00000000000000000223300000303300000004444400004444344444444443444433034442033344444444454433334455543334333333333333330033002200000344444433332300000000000000000000033440033233323330000000000000000000
00000000000000000003333333333333000004434422004444444444444444444443333543030334444444444433334445544334554403003333333333320000000044444444333200000000000000200002334402233333330330000000000000000000
00000000000000000003333333332333000004444422004434444444444444444444433443030335555445444433344444554445554400000200222222320000000034444444443303400030300000330003344202333330030330000000000000000000
00000000000000000333033333333330003320044300004433444444444444444444444444003335555555555554445444555455554300023000000003330000200003443444444434442004443300000420330022333300033330000000000000000000
00000000000000000223003333333330002320044400000444444444444444444444445544003335554455544444445444445443555400033000003333333000200033333323444444422033434400003344420043333300003320000000000000000000
00000000000022000000003333333330330220034442220223302224444444444444444554033344555555555544334344444443345420032000000000003332000223000002344444000340034300030044002242333300000300000000000000000000
00000000000023322220223333333300000002333222222222200000444444444444444453323334455555554443234355544443433320022000000000000003200000000002344443000000000000000224000000033200000320000000000000000000
00000000000022222220333333223000000002222022220222200002234444444444444443333343445555555553233355555544433330022000000000000003200000000004444442000000000000000223000004333200000220000000000000000000
00220000000000000000000030000000000022222222222222220000222004444444444553344344444444555554434444555554433000000000000000000033032320320044403300000000000000000243002444333000000000000000000000000000
00220000000000000000000330000000000022222222222222220000223003444444433444444344454444555554444444445555402000000000000000000032333333320344303200000000000000000232002242323000000000000000000000000000
00000000000000000000000330000000000022222222000000000000223222344433333343445544554554445554444553344545320000000000000000000003333444003333000000000000000022400000440030000000000000000000000000000000
00000000000000000000003230022000000000222220000000020000222322334444433433545555553455444454444553344453320000000000000000000033323423000000000000000000000033400220440042400000000000000000000000000000
00000000000000000000033330022000000000322200000000020000222323233443203444544555543344444443334554345533320000000000000000000033334432300333000000000000000034200220344044200000000000000000000000000000
22000000000000000000030330000200000233332332222002230322000332233344334444444444553334554443334444234433300002200000000000332333334433334444233323032000000034000220040004200000000000000000000000000000
22000000000000000000030020000203003323322322222203333322000020332333444444334445555535554444434444333333300002203300000003333333334440233444334434444000030034000420004002300000000000000000000000000000
22000000002200000000003203330003303223302333303000330300222022322332444344443444455555554455555544333333330030303332000033333333333444344444333444444000033442000420004440033000000000000000000000000000
20002220002222220000000002203322333233333322323333223300222222223344444344443333445554345433554554303333333333203333333233333334444443434444433443444223444400000000223340044442220000000000000000000000
00022220002222200000000022333232333333333332333333333333322233434444444333320033333334443554445555333333333333200222333333330334444443333444303444444444442400000000220440044224330000000000000000000000
22222222222222022000000022323333333333333333333333333333332344444444444433320003333333433334455555443332333433322000044443334333343444433444403444444004300000000004220440033000333330000000000000000000
22222222222222222000000022223333333333333333333333333333333343443443444433220033223332433333333355444443344433332000003334444434444444434444300033044002200040000044223344432000002230000000000000000000
22222222222222222220022222000333333333333333333333333333333333333334444433300233330334543333333333445555544433333300003333003344444444444344400043344000000030000042003344400000003330000000000000000000
22222222212222222222000002200233333333333333333333333333344322320024444444333000333344553333333333355544443332333222003333203224444444433344442244444220000000003400000344222000033300000000000000000000
22222222111222222222000002203233333333333333333333333333444322320334444444333300333033543332333333344444444334443332033333302223334444432234344444444440000000000000000022222000003000000000000000000000
22222000011111122000000003033333333333333333333333333334444332333303444433033333333333443333333333333344444444333433333444300000033444302234443444444420000000000000000000022223000000000000000000000000
22222000011121122000000000333333333333333333333333333333444333333300343433002222203433343333333333233333333322334432033445433030033443333233303333244444000000030000000000022332000000000000000000000000
00000000000121100222000003333333333333333333333333333443333323000302344300002220004444343333333333332322233322244432433444543344444444333344433333044422200000300000000000000330000000000000000000000000
00000002221222200222222203233333333333333333333333334444333333223302233300202220203454433333223333323322222223444334444444444434443443302344444443234420000000222000000000000300000000000000000000000000
00200002211100202222222203233333333333333333333333334444443443333302230002000222203344444333233333333322222222333444444444444444433334404444444433334220000000222000000000000000000000000000000000000000
02000222211200212222202203333333333333333333333333333344443444333300300322003333003344443333323333333332222220333334444443344444444444444444444433343222202200222000000000000000000000000000000000000000
00002222211100202222002203333333333333333333333333333332444443333200433333003333003344443334333334333333222220032224444443334444444442244424334334432222202220022000200000000000000000000000000000000000
00002222222112202022002333333333333333333333333333333332223444330020444433003333333444444444443334443333322222233334444333334444444430220000034334422202200022220020200020000000000000000000000000000000
00000222222110000000223333333333333333333333333343333222333344330000333433222233333444444444444444443333322222033333444334434433444320000000344344432200002222222002222222000000003320000000000000000000
00000222221100000000122333333333333333333333334443332333230004330000033223333333333444444444333334443333322222033223422303344444433220000000443323222200002222222002222220000000000320000000000000000000
00311000000000000000000333333333333333333333333333332333322220320000033223333334344444444434344433333333320022222223322220044444422220220002442033002222202222222222222200000022000000000000000000000000
02220000000000000000000333333333333333333333333333332333222220220000033223333334434444444444444333443333330002222222222220024444222222220033422000000233322222222222222200000020200020000000000000000000
22000002200000000022000333333333333333333333333333330203322222000000022233334444444444444344443334444333330000000022000220000443202232322203222000222244442222200000022220000020222020000000000000000000
00122000220000000220002333333333333333333333333333333232222222002222222333344334443443344444334444454343333222200200000000033222222233333333222222222222222322220000000020000222000000000000000000000022
00123200022200000220002233333333333333444333333333333232222222003202222203343444444444444444444444444344433233200303000000333223332333333333222022222222222222220000200020022223200000000000000000000022
22012220020002200222002233333333333333333333333333333333222220222322333244444444444444444444444334434323333233203333320222233223333333333333222200222222222222200002200023422222220002200000000000000000
22103220020000200222002203333333333333333333333333333332222222222222343333444444444444444444444433344344443233333444430222223322433033333334222200222222222222000222222023222022222002200000000000000000
20122000000000222000000003333333333333333333333333333222222222222222330333444444444444444444444444444444443233223443333000033222232200233322222200222222222222022222222222222222222202000000000000000000