20202220022220200000000000222222222000000000000000000002222222222222222222222000000000202222222222220000000002222222222200022002222222222222222222222222222222222222222222222232333333333333333334445555
22202222222222020000000000222222222220000000000000000022222222222222222222222000000022222222222220000000000020222222222222020222222222222222222222222222222222222222222222222223333333333333344444445555
32232222222202000000000000022222222220000000000000000002222222222222222222222000200222222222222202000000000022222222222222022220222222222222222222222222222222222222222222232223333323333333344444555555
22332220002000220000000022222222222220000000000000000022222222222222222222222000002022222222222202200000202022222222222022022222222222222222222222222222222222222022222222222233233233333333334444555555
33333222000002000000000022022222222200000000000000000002222222222022222222222200000022222222222222200002000022222222222022222222222222222222222222222222222222222022222222222222232233333333334444555555
43333220022220000000000002222222222200000000000000000000222222222022222222222220000222222222222222220000000022222222222222222222222222222222222222222222222222222222222222222222333333333333344444555445
44333222320222002000000022222222220000000000000000000000222222222202222222222222200222222222222222222000002202222222220202222222222222222222222222222222222222222202222222222222233333333333444444444444
44333223323223222000000333022222200000000000000000000000222222222222222222222200202222222222222022020000002222222222222222222222222222222222222222222222222222222222222222222222333333333333344444444444
44433333333032300023002333332220000000000000000000000000222222222222222220222000220222222222222020022022000222222222222222222222222222222222222222222222222222222222222222223222233333333333344444444444
44443433330333333020203332002002000000000000000000000020022222222200222220222200000222222222222022002220002222222222222222222222222222222222222222222222222222222222222222222222233333333333333444443344
54444444333333233020223333000000000000000002000000002020022222222220022220222200022222222222222222022200022222222222222222222222222222222222222222222222222222222222022222222222233333333333333334433333
54444444433333333333303333000000000000000202000000000200022222222220220000002000002222222222220222222220022222222222022222222222222222222222222222222220222222222222222222222222223223333333333333333333
55554444333433333330032033300000000000000000000000002200222222222220022200002020002222222222222222222222220022222222022222222222222222222222222222222222222222222222222202202222222323333333333333333443
55555544444434033330333333300000000000000000000000000222222222222220022220002202002222222222222222222222222200000222202222222222222222222222222222222222222222222222220202020222223233233333333333333333
55555544444443333333333333300000000000000000000000000002022222222200020000200222222222222222222222222222222222022222022222202222022222222222222222222222222222222222222202002222222322333333333333333333
55555544444433433322333333330000000000000030300300000002020222222220002200000222222022222222222222222222222222222220222222222222222222222222222222222222222222222222222222220022222322233333333333333333
55454444444444333332333333300000000000000000003000200000000202222220000000222222222022222222222222222222222222222222222222222222222222222222222222222222222222222222222202222222222322323333333333333333
54544444444344433323323333330300000000000000300003000200000022222222002002222202222222222222222222222222222222222222022222222222222222222222222222222222222222222222022002220020222223333333333333333333
44444444434334333322333233300000000000000000000000000000000002222222222002222222222222222222222222222222222222222222222022222022222222222222222222222222222222222222202000203002222322322333333333333333
44444444444434342222222233300000000000000000000000000000000222222222222022222222222222222222222222222222222222222222222222220222222222222202222222222222222222222222220020222222222232332333333333333333
44444444433333333222222333300000000000000000000000000000000002222222222222222222222222222222222222222222222222222222222220200202022222222222222222222222222222222222222200022202222222322233323333333323
43344444433333233002222233230000000000000000000000000000002202222222222222222222222222222222222222222222222222222222222222222222222222222222222222222222222222222222222002222022222222232223322333332233
33333433333333303300002223033000022000000000000000000000002222222222222222222222222222222222222222222222222022222222222222222222222222220222222222222222222222222222222222220222220222232323332233333333
33333333333333330000022330233000020022300000000000000000022222222222222222222222222222222222222222222222220002222222222222222222222222220222222222222222222222222222222222222220222222333223332333333332
33333333333323300000030000320000000032030000200000000000022222222222222222222222222222222222222222222222220000022222222202222222222222220222222222222222222222222222222222222220022222223322332233333330
33333333333333330000000000320020000000030022200000000000002222222222222222222222222222222222222222222222200000000002222000220222222222222222222222222222222222022222222222222222022022223323223333333222
33332332232333300000002003030020000000022020222222000000002222222222222222222222222222222222222222222222200000000002222000002222222220022222222222222222222222222222222222222202022222222333323333332222
23223233233233200000000020002000002002000022222222200000002222222222222222222222222222222222222222222222222220220002222000000222222222202222222222222222222222222222222222222220222002222223332333333202
23222233222033320000000000002000002003300020222222200020222222222222222220222222222222022222222222222222222222220022222200000222222222222222222222222222222222222222222222222222022202222223222233332222
32222222220230200000000000000000000022232002222222222022222222222222222222222222222222222222222222222222222222222222222222222222222222222222222222222222222222222222222222222222022222022222322233333222
22222222220203320000000000000000000023230222222222220022222222222222022222222222222222222222222222222222222222222222222222222222222222222222222222222222222222222222222222222222222002222222022233333222
22200222222222222000000000000000000000203222222222020222222222222222222222222220222222222222222222222222222222222222222222222222222222222222222222222222222222022222222222222222220200022222222223323222
22200022222222202000000000000000000002220222222222200222222222222222222222222222022220222222222222222222222222222222222222222222222222222222222222222222222222222222222222222222222022222233222203222222
22200022222222222222000000000000000002222322222222000202222020202220222222222222022222022222222222222222222222222222222222222222222222222222222222222222222222222222222222222202220020222233322232222222
02200022222222002222000000000002000002222023222222200002020000220020222222222222200020022222222222222222222222222222222222222222222222222222222222222222222222222222222222222222222022002203232222222222
22220202222222002222000000000000000000220223322220000002002000000000022222222222222002022222222222222222222222222222222222222222222222222222222222222222222222222222222222222222222222002202230220222222
20202020222222220220000200220000000000222222222020000022020000000000022222222222200000202222222222222222222222222222222222220222222222222222222222222222222222222222222222222222222202202222202000222222
00222202222222222220002200220000000000202222222202000000000000000000002222222222220000020222222222222222222222222222222222200222222222222222222220222222222222222222222222222222222002220202200222222222
00000002222222202220000220200000000000002222220002000000000000000000002222222222200000000222222222222222222222222222222222200222222222222222220202022222222222222222222222222222202020200000222222222202
00000000022222222222022202200000000200202202220220000000022222200200222222222222220000000222222222222222222222222222222222200022222222222222222220022222222222222222222222222222220222202200222222222202
00000000002222222222222222220000000000200202000000000000002220020222222200222200000020002202222222222222222222220222222220200022222222222222222222002002220022222222222222222222222222020002222222220002
02000000002222222222222222220000000000002000220000000000000222220000000222020000000002000020222222222222222222202222222222202022202222222222222222000022000022222222222222222222222020220000222200002222
00002000002202222222222222220000000202000000020000000000000000200000000002200000002000200222222222222222222222002222222220200220002222222222222222200022200022222222222222222222222020020200222200002220
00200000000022222222222222200000000000000000200000000002220200000000000220000000020000202022222222222222222222222222222220200000002222222222222022000202220000222222222222222222222000000000002000022220
02220000220202222222222222222000200000000020000000000222220202200020200020200000002002022022022222222222222222222222222220202000022222222222222222202200000002222222222222222222222020000220000000020020
22222202202022222222222222222002200000002020000000002222202222200000000002000000002202222222222222222222222222222222222222000000022222222222222222202202000002222222220222222222222222020000022000022020
22222222222222220222222222222222200000002002000000000200002222222000000002000002000022222222202222222222222222222222202222000000002222222222022022202200002002222022200202222222202222200000000002022022
22222222222222220222222222222222200000000002000000020000002022200002000002000220000202220202222222222222222222222222222220000000002222222222222222020000222022222222002202222222220022200020222222202022
22222222222222220022222222222222220000000000000000020000000222222000000002002200202020022220222222222222222222222222222220000000022222222222220000020000000000200222220002222220220220200022222222222022
22222222222220000022222222222222000000000000000000200000000220022220000020020200000020202220222220222222222222222222222222000000022000222222220000000000020002022222000000220222222220000002222200022020
22222222220220000002222222222200000000000020000000000000022000020222000020020000000000000022200020222222222222222222222222220000002002200202200000020000020000002222000000022020222200000002220000222220
22222222222222220000022222222000000000000020000000000000222202200222000020222200200000000022022020222222222222222222222222000000022002220202200000000000200000000002000000222202222202000000000000222222
22222222022202222000222222222200000000000000000000000000000222000022000000220220000000000222020220222222202022002000200220000000000002220000200000020002020000000000200000002222222220000000000000222220
22222222222000200000220202222200000000000020000000000000000002222222000002200220000000000002200020220020020022002000200200000000000000020002000000000000000000000000200000000020222220202000000000222222
02222222222200000000020222222220000000000002000000000000000000220002000000022020220000000022222022020000000002220002200000000000000000002002002000000000002200000000000000200000022222202000202000222222
02222222222000002000020220022020220000000002000000000000000000002200000000000200002000000022222002000000000022220000202000000000000000020020000000000020000000000000020000000002222222202000000022222222
22222222002000020000222220000222000000000002000000000000000000000020000002000000000000000002222200000000000002202222222000000000000000000020002000000000000000000000002000000000222222220220000002222202
22222222002000000000200200002022000000000000000000000000000000000002000000000000000200000002222022000002200222222222222200000000000002000000000000000000000000000000000000000002002022222220000022222222
20220222000000000000000020000000000000000000000000000000000000000000000000020000000000000000000222002200000222220022222200000000000000000000000000000000200222220000000020000000000202222000022222222222
02022200000000000000000000000220002000000020000000000000000000000000000000222000000000000000222222002000000200202202222220000000000000000000000000000000222222200220000000000000000020222022022222222222
00222000000000200000000000200000000000000000000000000000000000000000000000002000000000000000022202000000000000000022222222200000000000000000000000000000022202002022000020000000000000022202022222222222
00020200000000000000000000000000000000000000000000000000000000000000000000002000002000000000202222000000000000000022222222200000000000000000000000000000002202222222000000000000000000222222002222222222
00000200000200000000000000000000000200000000000000000000000000000000000000202000000000000000222222200000000000000222222200000000000000000000002000000000222222222200000000202000000000002222000222222222
00000000000000000000000000002000000020000000000000000000000000000000000000000000200000000020020022202220000000000002222200000000000000000000000000000000002220200000000000022000022200222220022222222222
00000000000000000000000000000200000000000000000000000000000000000000000000002000002000000000020202222222000000000000222000000000000000000000000000000000002222200022000200000020222200200022022222222222
00000000000000200000000000002000002000000000000000000000000000000000000000202200200000222022220000222222000000000000000000000000000000000000000000000000002220000020000200000022220220220002202222222222
00000000000000020000000000000220020220000000000000000000000000000000000000002000200000002222220020222222022000000000000000000000000000000000000000000020000222222200000200220222222220222020222222222222
00000000000000000000000000000222202222000000000000000000000000000000000000200000200020200222222000022222022220000000000000020000000000000000000000000022002222222202022000222222222222222200222222222222
00000000000000000000000000000202222222000000000000000000002000000000000000202000200002020222222002022222222222000000000002000000000000000000000000000200002222222202220000022222222222222222222222222222
00000000000000000000000000000022222222000000000000002000000200000000000000000000000000000222220002020000020202000220000000000000000000000000000000000000202222222200000200022222222222022222222202222222
00000000000000000000000000000022222222200000000220002200000000000000000002220000020000000022222002022000222000020200000000000000000000000000000000000002222222222200020020002222222222022222222022222222
00000000000000000000000000000002222222222222220022222222002000020000000000000000000000000022222220000000222222002000000220000000000000000000000000200022222222222000000002022222222222200222222022222222
00000000000000000000000000000002002222222222222002202222002222200000000000000000000000000002222202220002222202022220202022200000000000000000000020000022222222220000000002202222222222220222222202022222
00000000000000000000000000000000022222222020222200200022222222000000000000000000000000000000222222200002202220022000000022220000000000000000000000000002222202220000000002222222222222022022202222222222
00000000000000000000000000000000222222222222022202200202220222000000000000000000000000000000222222220000022222220020222022220000000000000000000000002000222202200000000022202222222222000202022022222222
00000000000000000000000000000002020202222002220020220202020020200000000000000000000000000000002222220002222222222222222022222200000000000000000000222222022202000000000000022222222222000202220022222222
00000000000000000000020000000000002220000002020200022022002002022222000000000000000000000002002222220222222222220222222022222002000000000000000222222222222202202000000000200222222222000020200202222220
00000000000000000000002000000000222222020000002000220222200022020202000000000000000020000002002222222000222222222222222222220000000000000000000022222222202222202000000000000002222222222222202200222222
00000000000000000000002000000000222222000000020000000002200022220200000000000000000200000022000222222222202222022222222222220002200000000000002222222220222220020000000000000000022222202222002020222222
00000000000000000000000000000000022222000000022000002222222222220220000000000000000000000002000002222222222222222222222222222020222000000000000222222222022200000000000000000000022020220220222200222222
00000000000000000000000000000002222222220000000000222222222222222202200000000000000220000000000000222222222222022222202222222022222000000000000222222222020000000000000000000000000000022022222200022222
00000000000000000000000000000000222222222000000000222222222222222002220000000000000000000000200002222222222220022222200222000022222222200000000022222022000000000000000000000000000002002220222220022222
00000000000000000000000000000000022222222222000000222222222222220200220000000000000000000002220000222222222222002022200020020222222020000000000020000000000000000000000000000000002200002222202222000020
00000000000000000000000000000000002222200000000000200222222222220000002000000000000000020220222000002002222222020000000220000222000002000000000000000000000000000000000000000000000000002222222220000000
00000000000000000000000000000000000220202022000000222222202222202000000020000000000020002222222200002222222202000000000000000000000000000000000000000000000000000000000000000000000002220222222200022000
00000000000000000000000000000000000000000020020000022222222222222202000022200000000000022222222200000222222222000000000000020200000000000000000000000000000000000000000000000000000222222222222222020000
00000000000000000000000000000000200020000002020000000222222222222000000000000000000000000222222220000020222222220000000000000000000000000000000000000000000000000002000000000000000022222222222200002000
00000000000000000000000000000000200000000000000000000222222222220200000000000000000000000022222222000022222222220000000000000020000000000000000000000000000000000000022200000000000222222222220220002000
00000000000000000000000000000000000022002000000000000020202222222220000000000000000000000222222222000002222222222000000000000000000000000000000000020000000000000022222200000000022222222022222202000200
00000000000000000000000000000000000000000000000000000002222222222200000000000000000000000222222220200200222222222000000000000000000000000000000000000000000000020222222220020220202220202000202200002000
00000000000000000000000000000000000000000000000000000002222222222222000000000000000000000022222222220200022222222222000000000000000000000000000000000200000022022222222220000002002222200020200002000000
00000000000000000000000000000000000020000000200000000000222222222220200000000000000000000022222222220200222222222202200000000000000000000000000000000000000002222222222222000000000222222222002022000000
00000000000000000000000000000000000000000000200000000000022022222002220000000000000000000000222222222220022222222222222020000000000000000000200000000000000002222222222222200000000020202000000200000000
20000000000000000000000000000000000000000000200000202200022222222200000000000000000000000000220022222220002222222222000200000000000000000000200000000000000002222222222220000000000222200020000000000000
22000000000000000000000000000000000000000000000000222200022222222200000000000000000000000000002222222222022222222022200000020000000000000000000000000000000000222222222220000000000220022202000000200000
22220000000000000000000000000000000000000000000000222222200222222200020000000000000000000000002222222222002222222222200000002000000000000000000200000000000000222222222222000000022200000000000000000000
20220000000000000000000000000000000000000000000020222222000222222000020000000000000000000000002222222222222222022222200000000000000000000000200200000000000002222222222202220000220020000000000022222000
00022200000000000000000000022000000000000000000000022202000222222222000000000000000000000000002220222222002222022222202000000002000000000002022200000020000022222222222202020200000000000000002220002000
02000000000000000000000000000000000000000000000000000222200022222220002000000000000000000000000222222222000000022222020000020000000002200222222200000202000220222222222220200020000020000000200200022000
00000000000000000000000000000000000000002022000000002222000000002220200000000000000000000000022222222222000000022222200000022222000000000222222200000200000022022202222222222220000000200222200000000002
00000000000000000000000000000000000002002000000000000222020000020222000000000000000000000000022222222222000000022220000000000020000000000222222220000020000022002002202222222220000000202200020020000202
20000000000000000000000000000000220000002002000000000022220000002222000000000200000000000000000222222220002020022220000000022022000002002222222000000000002200000000222020222222000002000000000002000022
20000000000000000000000000000020222220000000000002000022220000222020022222000020000000000000000222222202000020222220000000022222220002202022220000000000000000000022222202222222000000000000000000000002
20000000000000000000000000000002220200000222200020200000002002220000022200000020000000000000002222222202022222222000022200022222220000220022222000000000002020000222222220022222000000000000000000000000
20200000000000000000000000000002222222200022000020022200002222200000000000000020000220000000002200222220002222222220000000202220000000000200202000000000000002002222200220022222000000000000000000022000
20000000000000000000000000000002220220000000000002002202000020000000000000000000022220000000222222220002002000222222200000000220000000000000000000000000000022220002220200022222002000000000000000000000
22000000000000000000000000000002220222000000000002202002220000000000202000002002222220000000200000000002200200020020002000000000200000000002020000000000000000200002002000002202200000000000000000000200
20000000000000000000000000000002222222200000000000222002220200200000000022200202222220000000000022000022020020000002022000000002000000000000200000000000000000002200000000002220200000000000000000000200
20000000000000000000000000000002222222220000000002222202220000000020000202000022222220000000002002002222200020000000222000002002200000000000022000000000000000002200200020000000022222000000000000000202
22022000000000000000000000000002020222222200000000222002000000020000222222202002222200000000000202222000000020000002220000222022000000000000002000000000000000000000000000000000000222220200000000000002
02202202000000000000000000000000222222022220000002222200000002000000020222202002022020000000000222200002000022202220220000000000020000000000000000000000020000000022200000000000002000022200000000000022
00002200200000000000000000000000222222002222000200222220200000002022000222222222222000000000000000000002000002222222220000022220000000000000000000000000000200000200022000000000000200200202022202000022
02222200220000000000020000000000222222202220000020222222200202002020202222222022222000000000000000220000200002222222220000022000220000000000000000000000002000000000220000000000222220002000000222002220
02220000220000020000002200000002222222220222000020222022220222000000020022202022222000000000000000002200000002222222222000000200000200000000000000000000020000000002000220000000000220000000222002222220
00000000000000022200200202220002222222220022200020022022202202000000000222222022002000000000000000002200222002222222222000022000020020000000000000000000000000000000020200000000000020000002202222222222
00000002000000000220022222220222222222222202000222002022000222000000000200000000200000000000000000002200022222202222222222222200002000000000000000000000020000000000000020000200020022000000020220022222
00000202000000000222002222020020222222222200002222002222022202000000000000000002002200000000000000000022022222002202222202022220002020000000000000000000000000000000000000000200000220000000022222000222
22022220202220020022200222002220222002222200022222002222200222000000000000000000002000000000000000000022200222200002222222222202222200000000000000000000000000000000000000000000000000200000000220022222
22222222022020020002222222200020002220020000002220202202200202000000000000000000022000000000000000000020222222000222222222220002222220000000000000000000000000000000000000000000000020000000000220202222
02222222022000220002222222200000000022000000000200202022200200000000000000000000000000000000000000000222222222000222222222220002222220200000000000000000000000020000000000000000000002000000002220202022
20222222222220020022222222200000220022200000022220220022200000000000000000000000000000000000000000202222222222000222222222200000222222200000000020000000000000000000000000000000000000000000000000220022
22222222220220020000002222222000002222222000202022222002000000000000000000000000000020000000000000000222222220200000222222220000222222200000000000000000022200000000000000000000000000200000000000022022
22222222220220000000000002222220002222022000202022022000000000000000000000000020000020000000000000222200222200200000222222200000222222200000002000000000002220000000000000000000000000022200000000022222
20222200220220000000000000022022200200022220222222000000000002000000000000000000000000000000000000000000020002200000000222222222222222200000000000000000002200000000000000000000000000000002202000002220
00002200000022000220022200002022200000002220222022000000200222000000000000000000000000000000000000000000000220000200000002222022222222220000000000000000022200000000000000000000000000000000000000002200
00000000000020000020000222222202220000002222220022000000202222000000000000000000000000200002222000000000002222200200000002222222222222220000000000000000022220200000000000000000000000000000002000020202
00000000000220000000000222222220200000202202020220000002222222000000000000000000000000000000022200020000000222200200000002222222222002220200000000000000222220000000000000000000000000000000002222020000
00000000000000002000000022020222200000000000022220000000222222000000000000000000000000002000020000002200002022222000002002222222222220200000000000000002222220000000000000000000000000000000000222220000
00000000000000000000000002200022200000000000002220000000222002000000000000000000000000000222200000002200020222222200002222222222222222000000000000000000022222000000000000000000000000000000000000000002
00000000000000000020000000200002220000000000000220000000002222000000000022000000000000000022020022000022222222222222222202202222222222222000000020000000222220020000000000000000000000000000000220000000
00000000000000000000000000000202200000000000000200000000000200000000000222000000000000000002202022220022002222222222222202202200222222022000000002000000222220002000000000000000000000000000020020000000
00000000000000000000000000000000220000000000000220000000022200000000000220000000000000000000000020000200202222222222202200202222222222002000000000000002220002000202022200000000000000000000002022222002
22200000000000020022222000000000000000000000000022000000000000000000002200000000000000002000002222200222222022020222222222222020000220002200000000000000000022002222222220000000000000000000002202222000
22202220000002000002022000020000000000000000000022220200202000000000020220000000000000000000020222222022222000002222222222222222220020002000000000000000000222202222222222220000000000000000022022022020
22222220000000002220020000022000000000000000000022000200000000000000022200220020000000000000000222220222220000202022222222222220002020202200000000000000000222220000222222220000000000000000022020002200
00222000000000000002222022000000000000000000000002000220000000000000000022022202200000000002000202222022220022000002222222222000022002002220000000020000220222222222022220022000000000000002220002000000
00220000000000000002222220000000000000000000000000002020000002000000002222000002222000002020022222222222022202200002222222222220000000002220000222220000022220222222222020022000000000000022220022000000
00020000000000000000222000000000000000000020000200000200000000000000022222200022222000000222022222222222222002220000222222222222200020222220000022220222022222222000222002022000000000000000222000000000
00000222000000000000022222022000000000000022202200202000000002000000000022200002222000000000022222222222222222020000002220002220000200222222002222222220222222022022220002022002000000000000220000000000
00002222000000002000022222222000000000000002220220020000000000000000000022220222222002200020222222222222222222000000000022002220000000022222202222222220022222222222200000022222220000002020000000000000
00000222220000002000002222222200000000000002222220000002220000000000002022220022222202200002222222222222222222000000000222222220000000022222222222222222222222200022222000002222200000002000000000000000
00000000220000000200022222222220000000000000222200000200022000000000002222222222222222220000220020222222200222200000000022200220200222022222222222222222222222222222200020200222220000000000000000000000
00000000022200000022022222222000000000000020222220000000220000000000002222022222222202200000022222222222000022200000000020000220000000222222222222222222222222220222000000000222000222000000000000000000
00000022022000000022022222222202200000000022222220000202020000000000220022222200222222202000022202022222220002220002000000200222000002000002222222222222222222222220000000002220020000000000000000000000
00000000222220000002222222222222222000000002202220002200000000000000200222222222222022222220022222200222220200002000000022020222000000000222222222222222222222202200000000022200000002200000000000000000
00000000222202000002222222222222222000000000222220002000000000000200202222202222200002222220022222200222220020000000000022220022000000000222222222222222222222220220000000020020000000000000000000000000
00000000022222000002222202202220222200000002220220002220200000002200200222202222222002222222000022002222202000000000000002222200000002000022220200222220002222220002000000000000000000000000000000000000
00000000002222000000022222220220022200000000222222000022000000002220000220222222000002222202222020222222222000200000000002222020000000000020000020020022000220220020000000020000000000000000000000000000
02000000000222200000022220222220222020000000020022000020000000000222222202222222000002222222020022022222222200000000000002222022000000220020002020002000022202002000000000000000000000000000000000000000
22200000000020000000022020222220222000000000022022000200000000000222022222222220000002222000002020222222222200000000000002220002000000022002020222222200220000000000200000000000000000000000000000000000
20000002000002220000000222222222200000000000222202000000000000000220022222222222000002000200200000000222222200000000000000222200022000222202222222222222200000000022220000000000000000000000000000000000
22202022002000000020000200022222000000000000020222000020000000000220200222222222220002000222220000200022222220000000000000022022222000220202222222222220200000000222200000000000000000000000000000000000
22002222222000000222200220000222000000000000002022000000000000202222222022202220220002200022222000002222222220000000000000002222222200000020002222222222200000202000000000000000000000000000000000000000
02002222220000000220000222002222000000000000000202200000000000022222022222002222222220020222222002022022222220000000000000202202222200002222202222222222220002222000200200000000000000000000000000000000
00002222222000000222000020202222200000000000000200200000000000022222220220000222222222002222220022002202222220000000000000022022222000200222222222222222200000002202000200000000000000000000000000000000
00002222222200000020220000222222220000000000000022000000000002202222222000002220020222220222220020222222222222000000000000220002222022022020222222222222222000000020000000000000000000000000000000000000
00022202222222222022200020222222200000000000000000020000000222000022200000222222222222200002220000202222222222000000000000022222222222002022000222222222002020000000000000000000000000000000000000000000
00022222222222202222022020222222220000000000000000020000000220000222002000200000222000000022222022222200222222000000000000022222222222220202202022222222000020000222200000020000000000000000000000000000
22000002222222222222220002002222222200000000000000000222002200022020002220022202022200000000220022222220222222000000000000000022222200222022200000002222020220000022200000000000000000000000000000000000
20000000222222222202220002222222222000000000000000000020202200002200020022000000220220000002020002202222022220000000000000000002222000222222202020000000000000000022200000000000000000000000000000000000
00000000000222200022222022202222222000000000000000000002020220022200222200000000000000000002000000002222002002222000000000000000200000022002002200002200000000022022220000000000000000000000000000000022
00220000000202200000222222202222222000000000000000000000222220002000002222000000000000000000000000000222220202222022000000000022220000222202022222000222220000022222220000000000000000000000000000000022
00002000000000000002220022222222200202020200000000000000222002222002200000000000000000000000000000022202000000022220000000000022202002022222202222200002002000000222220000000000000000000000000000000000
02000000000000000002200000022222202222220200000000000002220002200002200000000000000000000000000000000022022002002200000000002220000200222220000000000002000000000020000000000000000000000000000000000000
00000000000000000220000000022222200022220000000000000002222220002000000000000000000000000020000000000000000002000200000000002202222222222220000000002000002200000000000000000000000000000000000000000000
00000000000000000000000000000220002002220200000000000002222202222020000000000000200000000000000000000000000000202000000000002222222222222022000000000000000000000000000000000000000000000000000000000000
02000000000200000000000000002200220002002220000000000022222002222022002000000002000000000000000000000002200000022020000000000202220222222220000000000000000000000000000000000000000000000000000000000000
02000000000000000000000000222200000002222220000000000002200022020022202220000000000000200000200000000022022000022200200000000220020222222200220000000000000000000000000000000000000000000000000000000000
22000000000000000000000000222220020022022222200000000000200222222220000200000002220002002000000000000000000000020000000000000020000022222202000000000000000000000000000000000000000000000000000000000000
22222000000000000000000002202202200022222222000000000020000222222200022200220220000000222000000000000000000000000000000000000020000000222220000000000000000000000000000000000000000000000000000000000000
00220220002200200200000000020020000020222222222200000002000222000202222202222020002020002000000000000000000000000002000200000000000002022000000000000000000000000000000000000000000000000000000000000000
22222222000020222200000002000002020200222222200200000000002220002222220022202000000002000020000000000000000200000200000000000000000000020200000000000000000000000000000000000000000000000000000000000000
22222222220000020200200022200000020000220222222020000002220022222220200222222000200020000020000000000000000020000222000000000000000000020000000000000000000000000000000000000000000000000000000000000000
20222222222000202002002222200022022222222222002220000000022000022000002222222200000000000020000000022000020020000000000000000000000000020000000000000000000000000000000000000000000000000000000000000000
22222222222000000220022202220222222222220222222200000000000200020000002202200200000000000000000000022020220220000000000000000000000000020000000000000000000000000000000000000000000000000000000000000002
22222222222200000000022200222222222222222222222000020000000000000000000222000020000000000000000000002220222000000000000000000000000000000000000000000000000000000000000000000000000000000000000000000000
22222222222020000000022220222222200222222222222000000222020000000000000002200000000000000000000000002022000000000000000000000000000000000000000000000000000000000000000000000000000200000000000000000000
02022222222220000200022000222200200020222222222202222222000000000000000000000000002000000000002000002222000000000000000000000000000000000000000000000000000000000000000000000000000000000000000000000000
22222222222220222000220220022200200000222222222222222222220000000000000000000000000000000000000000000202000000000000000000000000000000000000000000000000000000000000000000000022000000000000000000000000
02022222222220022000000222022202220020022222222222222222000000000000000000000000000000000000000020000000000000000000000000000000000000000000000000000000000000000000000000000200000000000000000000000000
00002222222220020220002200200022200200022222200222222220200000000000000000000000000000000000000200000000000000000000000000000000000000000000000000000000000000000000000000000000000000000000000000000002
00020022222200020220002220200002002002002220222222222222000000000000000000000000000000000000000000000000000000000000000000000000000000020000000000000000000000000000000000000200000000000000000000000000
00020020222222202000220222020000002220002202220202000002002002000000000000000000000000000000000200000000000000000000000000000000000000000000000000000000000000000000000000000000000000200000000000000000
00002222222220002000220020002000000022222222022000200002000000000000000000000000020000000000000000000000000000000000000000000000000000000200000000000000000000000000000000000000000000000000000000000000
22220200222222002200200000200200000222222222022220000000200000000000000000000000002200000000000000000000000000000000000000000000000000000000000000000000000000000000000000000000002000000000000000000000
20200000222220202020000000002000000222222222222222222002020000000000002020000000000200000000000000000000000000000000000000000000000000000000000000000000000000000000000000000000000000000000000000000000
00000002022222020220220000000200002222222222222202222002000000220000000200200000022200000000000000000000000000000000000000000000000000000000000000000000000000000000000000000000002000000000000000000000
00000022020220020222220000000000020222222222222002000000022002200000000200000000022000000000000000000000000000000000000000000000000000000000000000000000000000000000000000000000000000000000000000000000
00000000000220200000020000000000002222222222222200000000000000000000000000000000022000000000000000000000000000000000000000000000000000000000000000000000000000000000000000000000000000000000000000000000
00000000022220222200000000000000022222222222222220000000000000000002000000000000002000000000000000000000000000000000000000000000000000000000000000000000000000000000000000000000000000000000000000000000
00000000000020220002000000000000000222222022222200000200000000000002000000000000000000000000000000000000000000000000000000000000000000000000000000000000000000000000000000000000000000000000000000000000
20000000000000020002000000000000002222220220220000000000000000000000000000000000000000000000000000000000000000000000000000000000000000000000000000000000000000000000000000000000002000000000000000000000
20000000000000000000200020000000020222020000020000000000000000000000022000000000000000000000000000000000000000000000000000000000000000000000000000000000000000000000000000000000000020000000000000000000
00000000000000020000000000000220020002222002002020000000000000000000222000000000000000000000000000000000000000000000000000000000000000000000000000000000000000000000000000000000000000000000000000000000
02000000000000000000000000200202000000220000220200000000200000000000022000000000000000200000000000000000000000022200000000000000000000000000000000000000000000000000000000000000000000000000000000000000
00000000000000020200000000022020000000220200220000000000000000000000022000000000000002000000000000000000000000000020000000000000000000000000000000000000000000000000000000000000000000000000000000000000
00000000000000020200000000000020020000000002000000000000000000000020022200000000000000000000000000000000000000022220000000000000000000000000000000000000000000000000000000000000000000000000000000000000
00000000000000020200000000000022000000002202000000000020000002200002222200000000000000000000000000000000000000002200000000000000000000000000000000000000000000000220000000000000000000000000000000000000
00000022220000000200000000002000200000020022222020000002000000000002220000000000000000002000000000000000000000000222200000000000000000000000000000000000000000000220000000000000000000000000000000000000
00000022222000022000000000000000000000000022022220000000000000000000000000000000000000000000000000000000000000000002200000000000000000000000000000000000000000000020000000000000000000000000000000000000