00000000222222222222222222222220220220202222222022020000000022222222000000000000000000000000000000000000000000000000000000000000000000000000000000000000000000000000000000000000000000000000000000000000
00000000222020222222220222222000002202222222222220222222000000222222220000000000000000000000000000000000000000000000000000000000000000000000000000000000000000000000000000000000000000000000000000000000
00002000220222222222222222200000022222222222222222002022222222222222220000000000000000000000000000000000000000000000000000000000000000000000000000000000000000000000000000000000000000000000000000000000
00000000202222222222220000200000022020020222222222002202222000222222020000000000000000000000000000000000000000000000000000000000000000000000000000000000000000000000000000000000000000000000000000000000
00000000022222222222000020000000000022222222222222222020222222200222000000000000000000000000000000000000000000000000000000000000000000000000000000000000000000000000000000000000000000000000000000000000
00000000022222222022002222020000000200022022222222222222222022222222220000000000000000000000000000000000000000000000000000000000000000000000000000000000000000000000000000000000000000000000000000000000
00000000002020020202220000200000000000022222222222222222222020222222222000000000000000000000000000000000000000000000000000000000000000000000000000000000000000000000000000000000000000000000000000000000
00000002000000000000000002000000000000002222222222222022222222222220220000000000000000000000000000000000000000000000000000000000000000000000000000000000000000000000000000000000000000000000000000000000
00000002220000000020000002000000000000022222222222202202200222222222220000000000000000000000000000000000000000000000000000000000000000000000000000000000000000000000000000000000000000000000000000000000
00002000020000000000000000000000000220000222222222222222222222222222220000000000000000000000000000000000000000000000000000000000000000000000000000000000000000000000000000000000000000000000000000000000
00000000000000000000000000000000000020002022202200202222222222222222220000000000000000000000000000000000000000000000000000000000000000000000000000000000000000000000000000000000000000000000000000000000
00000000000200000000000000000000000000002222220000222222222222222222220000000000000000000000000000000000000000000000000000000000000000000000000000000000000000000000000000000000000000000000000000000000
00000000000000000000000000000000000000000222220020222222222022222222222000000000000000000000000000000000000000000000000000000000000000000000000000000000000000000000000000000000000000000000000000000000
02000000000000000000000000000000000000020020222002020022222222222222222200000000000000000000000000000000000000000000000000000000000000000000000000000000000000000000000000000000000000000000000000000000
00020000000000000000000000000000000000000000002200022022220222222222222200000000000000000000000000000000000000000000000000000000000000000000000000000000000000000000000000000000000000000000000000000000
00002222020000000000000000000000000000022220000022000022220222022222202222000000000000000000000000000000000000000000000000000000000000000000000000000000000000000000000000000000000000000000000000000000
00002000000000000000000000000220020000000000200000220022222022222222222222000000000000000000000000000000000000000000000000000000000000000000000000000000000000000000000000000000000000000000000000000000
00000220000000000000000000000202000200020000220000002222002222222220222200000000000000000000000000000000000000000000000000000000000000000000000000000000000000000000000000000000000000000000000000000000
00000000000000000000000000000000000000000200020222200002202222222222020200022000000000000000000000000000000000000000000000000000000000000000000000000000000000000000000000000000000000000000000000000000
00000000200000020000000000000000000000000022002000000022222222222222222220222020000000000000000000000000000000000000000000000000000000000000000000000000000000000000000000000000000000000000000000000000
00000000000000000000000000000000000000000000000022002022222222222222020222222220000000000000000000000000000000000000000000000000000000000000000000000000000000000000000000000000000000000000000000000000
00000000200000200020000000000000000000000000020000200002222222222222202222202220000000000000000000000000000000000000000000000000000000000000000000000000000000000000000000000000000000000000000000000000
00000000000002000000000000000000000000000020000000220200222220222222222222222220020000000000000000000000000000000000000000000000000000000000000000000000000000000000000000000000000000000000000000000000
00000000000020022000000000000000000000000000000020000002222222222222222222222222200000000000000000000000000000000000000000000000000000000000000000000000000000000000000000000000000000000000000000000000
00000000000200000000000000000000000000000000000000200202220200200222002222222220000000000000000000000000000000000000000000000000000000000000000000000000000000000000000000000000000000000000000000000000
00000000000000000000000000000000000000000020000020000222222002000000222222222222020000000000000000000000000000000000000000000000000000000000000000000000000000000000000000000000000000000000000000000000
02000000000000000000000000000000222000000200020000020220220002022000222022202222220000000000000000000000000000000000000000000000000000000000000000000000000000000000000000000000000000000000000000000000
00000000000000000000000000000000000000002002000000000002000002200002222222222222220000000000000000000000000000000000000000000000000000000000000000000000000000000000000000000000000000000000000000000000
00000000000000000000000000000000000000000000000002200000020220002222022220022222222000000000000000000000000000000000000000000000000000000000000000000000000000000000000000000000000000000000000000000000
00000000000020000000000000000000000000002200202200200000222222022222202222222222202200000000000000000000000000000000000000000000000000000000000000000000000000000000000000000000000000000000000000000000
00000002000202002002000000000000000000000020000000000002222022222222222022222222222220000000000000000000000000000000000000000000000000000000000000000000000000000000000000000000000000000000000000000000
00000000000000002222000002000000000000000000000000020022000022222222222222222222202220000000000000000000000000000000000000000000000000000000000000000000000000000000000000000000000000000000000000000000
00000000000020020000000000220000000000000000000002002000002202222222222222222222222020000000000000000000000000000000000000000000000000000000000000000000000000000000000000000000000000000000000000000000
00000000000002200000000000000200000000000000000020002222020022222222222222222222222020000000000000000000000000000000000000000000000000000000000000000000000000000000000000000000000000000000000000000000
00000000000000000000000000000002000000000000000000000222000202222222222222222222222220200000000000000000000000000000000000000000000000000000000000000000000000000000000000000000000000000000000000000000
00000000000000000000000000000002220000000000000000000222000022222222202222222222222222200000000000000000000000000000000000000000000000000000000000000000000000000000000000000000000000000000000000000000
02000000000000000000000000002000220000000000000200000000000022002220222222222222220222222200000000000000000000000000000000000000000000000000000000000000000000000000000000000000000000000000000000000000
00000000000000000000220000000000200000000000000000220000002022022022222222222222222222222220000000000000000000000000000000000000000000000000000000000000000000000000000000000000000000000000000000000000
00000002000000000222022002000000222000000020002000000000022222222222222222222222222222222220000000000000000000000000000000000000000000000000000000000000000000000000000000000000000000000000000000000000
02000000002222222002200202000002000000000000002000000000022202022222222222222222222222222220000000000000000000000000000000000000000000000000000000000000000000000000000000000000000000000000000000000000
00000000000222220220200022000002000000000000000000002000222222022222222222222022222222222222200000000000000000000000000000000000000000000000000000000000000000000000000000000000000000000000000000000000
00000002222020222222222200000020000000000000000000000000022002222022222222222222222222222222000000000000000000000000000000000000000000000000000000000000000000000000000000000000000000000000000000000000
00000000002202222222220222020002000000000000000000220002022220202222222222002222222222222222200000000000000000000000000000000000000000000000000000000000000000000000000000000000000000000000000000000000
00000022222222202222222202202200000000000000000000220200200222202222222222222222222222222222000000000000000000000000000000000000000000000000000000000000000000000000000000000000000000000000000000000000
00020000222000222202022222222020000000000000000000000000000000020222222222222222222222222222200000000000000000000000000000000000000000000000000000000000000000000000000000000000000000000000000000000000
02000002200202222222222222220000000000000000000000000020002202022222222222222222222222222222220000000000000000000000000000000000000000000000000000000000000000000000000000000000000000000000000000000000
00020022202222222222222202222000000000000000000000000020000202002222222222222222222222222222220000000000000000000000000000000000000000000000000000000000000000000000000000000000000000000000000000000000
00200222222222222222222222202000000000000000000000000020020002222222222222222222222222222232200000000000000000000000000000000000000000000000000000000000000000000000000000000000000000000000000000000000
20022022222222222222022002222200000000000000200222222222222222222222222222222222222222220333220200000000000000000000000000000000000000000000000000000000000000000000000000000000000000000000000000000000
22222222222222022222222222222000000000000000222222222222222222222222222222222222222222222033332220000000000000000000000000000000000000000000000000000000000000000000000000000000000000000000000000000000
22202220222222222222222220220000000000002222222222222222222222222222222222222233233320322333333330000000000000000000000000000000000000000000000000000000000000000000000000000000000000000000000000000000
22202222222222222222222222220000000000222222222222222222222222222222222222220022233333333333333330000000000000000000000000000000000000000000000000000000000000000000000000000000000000000000000000000000
20222222222222222222222222220000000222222222222222222222222222222222222222222333333233322333344444300000000000000000000000000000000000000000000000000000000000000000000000000000000000000000000000000000
20222222222222222222220222200000022022222222222222222222222222222222222222233333333333333344444444400000000000000000000000000000000000000000000000000000000000000000000000000000000000000000000000000000
22220222222222222222222222200022222022222222222222222222222222222222222222223333333334444444454544000000000000000000000000000000000000000000000000000000000000000000000000000000000000000000000000000000
20222222222222222222222222000020222002222222222222222222222222222222222222232223333444444454455544000000000000000000000000000000000000000000000000000000000000000000000000000000000000000000000000000000
22222222222222222222222222220222022222222222222222222222222222222222222222233333334344455555555554400000000000000000000000000000000000000000000000000000000000000000000000000000000000000000000000000000
22220222222222222222222222222220222222222222222222222222222222222222222222203333333344455555555555000000000000000000000000000000000000000000000000000000000000000000000000000000000000000000000000000000
22002222222222222222222222222222222222222222222222222222222222222222222222220323334444445555555555000000000000000000000000000000000000000000000000000000000000000000000000000000000000000000000000000000
20000222222222222222222222222222222222222222222222222222222222222222222222222333334444455555555555000000000000000000000000000000000000000000000000000000000000000000000000000000000000000000000000000000
00002222222222222222222222222202002222222222222222222222222222222222222222222333344455555554555554000000000000000000000000000000000000000000000000000000000000000000000000000000000000000000000000000000
00022222222222222222222222222022220202222202020222222022222222222222222222233333344555555555455444000000000000000000000000000000000000000000000000000000000000000000000000000000000000000000000000000000
02000202222022222222222222202222202220000002220002200200002222222222222222233333444555555555555455000000000000000000000000000000000000000000000000000000000000000000000000000000000000000000000000000000
00202002222222222222222222222222222022222200000222222222222202222222222222223333445555555555555555000000000000000000000000000000000000000000000000000000000000000000000000000000000000000000000000000000
20002000002202222222222222222222222222222222002222222222222222022222222222233334444454555555555555500000000000000000000000000000000000000000000000000000000000000000000000000000000000000000000000000000
00022020202022222222022222222222222200002222022222222222222222222222222222033333344444445555555555500000000000000000000000000000000000000000000000000000000000000000000000000000000000000000000000000000
00000022220222222222222222220002200022022220222222222222222222202222222222233333344444444445544455440000000000000000000000000000000000000000000000000000000000000000000000000000000000000000000000000000
00000002200222222222222222220022202222222222222222222222222222220222222222233333333444444445444444430000000000000000000000000000000000000000000000000000000000000000000000000000000000000000000000000000
00000000022222222222020022220222022222222222222222222222222222222222222220033333334444445455544444433030000000000000000000000000000000000000000000000000000000000000000000000000000000000000000000000000
00000000222222222222222222022202022222222222222222222222222222222222222222222333334444555555544433333333000000000000000000000000000000000000000000000000000000000000000000000000000000000000000000000000
00000000000022222202222220000220222222222222222222222222222222222222222222233333333444455555554433333333300000000000000000000000000000000000000000000000000000000000000000000000000000000000000000000000
00000000002022202222222222002022222222222222222222222222222222222222222222233233333334455555554433333032033002000000000000000000000000000000000000000000000000000000000000000000000000000000000000000000
00000000202000222222202202022022222222222222222222222222222222222222222023323023333334555555544433332322002320000000000000000000000000000000000000000000000000000000000000000000000000000000000000000000
00000022222222222222222022220222222222222222222222222222222222222222222223222230333444555555444433333322000020000000000000000000000000000000000000000000000000000000000000000000000000000000000000000000
00000222200022202222220222220202222222222222222222222222222222222220222222222023333444455554444333330022200000000000000000000000000000000000000000000000000000000000000000000000000000000000000000000000
00022022222222222222202000220222222222222222222222222222222222222222222220222333333344444444443333222022000002000000000000000000000000000000000000000000000000000000000000000000000000000000000000000000
00220222222222222222220200002222222022222222222222222222222222222222222222222232233334444444443333322002200000000000000000000000000000000000000000000000000000000000000000000000000000000000000000000000
00002022222222222222222002000222222222222222222222222222222222222222222222222222223334444443433323222002002000000000000000000000000000000000000000000000000000000000000000000000000000000000000000000000
22000202222222222222222222022222222222222222222222222222222222222222322222222222203333333333233333222022000000000000000000000000000000000000000000000000000000000000000000000000000000000000000000000000
02020222220222222222222222002222222222222222222222222222222222222222222222222222202333333333333322222222020200000000000000000000000000000000000000000000000000000000000000000000000000000000000000000000
00020022220002222222222220222222222222222222222222222222222222222222222222222222222023332232333222222222202220200000000000000000000000000000000000000000000000000000000000000000000000000000000000000000
00000222222200002222222220222222222222222222222222222222222222222022222222222222222222022222222222222222022022002000000000000000000000000000000000000000000000000000000000000000000000000000000000000000
00020222220200022222220222222222222222222222222222222222222322222222222222222222222222222222222222222220222200000000000000000000000000000000000000000000000000000000000000000000000000000000000000000000
00000020022022222222222022022222220202222222222222222222233332323223222222222222222222222222222222222202222000000000000000000000000000000000000000000000000000000000000000000000000000000000000000000000
00000200220022222222222222222222222002222222222222222223233333333233222222222222022222222222222222222222222000000000000000000000000000000000000000000000000000000000000000000000000000000000000000000000
00000000000222222222200222222022222222222222222222222233333333332233232222222222222222222222222222222222222200000000000000000000000000000000000000000000000000000000000000000000000000000000000000000000
00000000002222222222222222202222022222022222222222222233333333223333332222222222222222222222222222222222222220000000000000000000000000000000000000000000000000000000000000000000000000000000000000000000
00000000002222222222202222222002222222222222222222222333333333333333323222222222222222222222222222222222222200000000000000000000000000000000000000000000000000000000000000000000000000000000000000000000
00000000022222222222222222222200222222222222222222223333333333333333333222222222222222222222222222222222222220000000000000000000000000000000000000000000000000000000000000000000000000000000000000000000
00000000022222222222222222222202220222202222222222233333333443343333333222222222222222222222222222222222222222200000000000000000000000000000000000000000000000000000000000000000000000000000000000000000
00000000022222222222222222222202220222202222222222233333344344433333322222222222222222222222222222222222222022000000000000000000000000000000000000000000000000000000000000000000000000000000000000000000
00000000222222222222222220022222022222002222222222233333444444433433222222222222222222222222222222222222222200222022000000000000000000000000000000000000000000000000000000000000000000000000000000000000
00000000222222222222222222022200002202222222222222233334444444434232222232222222222222222222222222222222222220022222200000000000000000000000000000000000000000000000000000000000000000000000000000000000
00000000022222222222222222202220000222202202222222233334444444334323233322222222222222222222222222222222222222222002000000000000000000000000000000000000000000000000000000000000000000000000000000000000
00000202022222222222002222202222220222222222222222233334444444333333332222222222222222222222222222222222222222222002000000000000000000000000000000000000000000000000000000000000000000000000000000000000
00200222022222222222222222222222222022222222222222233334445555432333222222332222222222222222222222222222222222222220200000000000000000000000000000000000000000000000000000000000000000000000000000000000
00202222222222222222222222202222002222022222222222223334445555432222233232333222222222222222222222222222222222222220000000000000000000000000000000000000000000000000000000000000000000000000000000000000
00222222222222222222222222222222222202220222222222222334455555542233333333322322222222222222222222222222222222222202000000000000000000000000000000000000000000000000000000000000000000000000000000000000
22202222022222222222222222222222222202222222222222233333445555544344433333333222222222222222222222222222222222222220200222200000000000000000000000000000000000000000000000000000000000000000000000000000
22222222222222222222222222222202222222222222222222233344455555553444433333332222222222222222222222222222222222222220022020220222222000000000000000000000000000000000000000000000000000000000000000000000
22222220022222222222222222222222222222222222222222333344455555554334433333333222222222222222222222222222222222222222220222222222222220000000000000000000000000000000000000000000000000000000000000000000
22222222222222222222222222222222222222202202222222333444555555554444333333333322222222222222222222222222222222222222000200222222222220000000000000000000000000000000000000000000000000000000000000000000
02222220222222222222222222222222222222222222222223333444455544444444433333323322222222222222222222222222222222222222222222222222222000000000000000000000000000000000000000000000000000000000000000000000
00222222202222222222222222222222220022222222222223333444444444444444433333333222222222222222222222222222222222222222222222222222200000000000000000000000000000000000000000000000000000000000000000000000
00200002222222222222222222202222222222222222222223333444444444444433433333223222222222222222222222222222222222222222222222202200000000000000000000000000000000000000000000000000000000000000000000000000
22200002222222222222222222222222202222222222222223333344444443434433333332332222222222222222222222222222222222222222222220200220000000000000000000000000000000000000000000000000000000000000000000000000
22200020222222222222222222222222202222202222202322333334344333333333323333322222222222222222222222222222222222222222222222220222000000000000000000000000000000000000000000000000000000000000000000000000
20000022222222222222222222222222222222022222333333333333334323222233332333332222222222222222222222222222222222222222222222222222200000000000000000000000000000000000000000000000000000000000000000000000
00000022222222222222222222222220200222022202333333333333333333322223332332332222222222222222222222222222222222222222222020222002200000000000000000000000000000000000000000000000000000000000000000000000
00002220222222222222222222222220222222222233333333303333333323332232333322222222222222222222222222222222222222222222222202222222220000000000000000000000000000000000000000000000000000000000000000000000
00000220222222222222222222222222222222222033333333333332333322232222322222222222222222222222222222222222222222222222222202222222222200000000000000000000000000000000000000000000000000000000000000000000
00000000222222222223222222233322222222222233334444333022333322222222222222222222222222222222222222222222222222222222222222022222222200000000000000000000000000000000000000000000000000000000000000000000
00002000202222223333332222333332322222003034444443333022233322222222222222222222222222222222222222222222222222222222222222222222222200000000000000000000000000000000000000000000000000000000000000000000
00002000220222223233333333333333322222233334455544433333223222222222222222222222222222222222222222222222222222222222222222222222222200000000000000000000000000000000000000000000000000000000000000000000
00020202222222233333333333333332232020333344455544443303222222222222222222222222222222222222222222222222222222222222222202222222222220000000000000000000000000000000000000000000000000000000000000000000
00222220022222233334444344433333232220333445555554443333222222222222222222222222222222222222222222222222222222222222222222222222222200000000000000000000000000000000000000000000000000000000000000000000
00000020022222233344444444443332022203333445555554443333222222222222222222222222222222222222222222222222222222222222222222222222222200000000000000000000000000000000000000000000000000000000000000000000
00000220202222233344455555444332222233333445555544443333322222222222222222222222222222222222222222222222222222222222222222222222222000000000000000000000000000000000000000000000000000000000000000000000
00002222022222233344455555443332222222333444444444443333322222222222222222222222222222222222222222222222222222202222222222222222222000000000000000000000000000000000000000000000000000000000000000000000
00002222222222223334445554443332232223333344444443333333222222222222222222222222222222222222222222222222222222222222222222222222220000000000000000000000000000000000000000000000000000000000000000000000
01022222222222222333445554433322222222333333333333333330222222222222222222222222222222222222222222222222222222222222222222222222020000000000000000000000000000000000000000000000000000000000000000000000
01122222222222022233444444433332222223333333333333333332222222222222222222222222222222222222222222222222222222222222222222222222222000000000000000000000000000000000000000000000000000000000000000000000
00112222202222222223334444333222222222233303323223230222222222222222222222222222222222222222222222020222222222222222222222222222222000000000000000000000000000000000000000000000000000000000000000000000
00100222022222222222334443333222222202220000002222222222222222222222222222222222222222222222222200000022222222222222222222222222202200000000000000000000000000000000000000000000000000000000000000000000
00120212222202222023333333333222222222222222222222222222222222222222222222222222222222222222220200000000202222222222222222222222222220000000000000000000000000000000000000000000000000000000000000000000
02222212222222222222323333332222222222222222222222222222222222222222222222222222222222222222222220020000002022222222222222222222222202000000000000000000000000000000000000000000000000000000000000000000
22222222222222222222233333322222222222222222222222222222222222222222222222222222222222222222202222222000000020202222222222222222222202200000000000000000000000000000000000000000000000000000000000000000
22222122222222222222222222222222202222222222222222222222222222222222222222222222222222222222222222022220002222022222222222222222222222220000000000000000000000000000000000000000000000000000000000000000
22211222222222222222222222222222222222222222222222222222222222222222222222222222222222222222222222222222222222222222222222222222222222222000000000000000000000000000000000000000000000000000000000000000
22122222222222222222222222222222222222222222222222222222222222222222222222222222222222222222222222022222222222222220222222222222222222222000000000000000000000000000000000000000000000000000000000000000
22222222222222222222222222222222222222222222222222222222222222222222222222222222222222222222222222222222222222222220222222222222222222222000000000000000000000000000000000000000000000000000000000000000
22222222222222222222222222222222222222222222222222222222222222222222222222222222222222220222222202220222222222222220022222222222222022222200000000000000000000000000000000000000000000000000000000000000
22122222222222222222222222222222222222222222222222222222222222222222222222222222222222222222222220202202202202222222222222222222222202222200000000000000000000000000000000000000000000000000000000000000
12211222222222222222222222222222222222222222222222222222222222222222222222222222222222222222222222020022200200222222222222222222222222222220000000000000000000000000000000000000000000000000000000000000
22111222221122222222222222222222222222222222222222222222222222222222222222222222222222222222222222222220200000220222022222222222222222222222000000000000000000000000000000000000000000000000000000000000
11211122222222222222222222222222222222222222222222222222222222222222222222222222222222222222222220222220002000022222022222222222222222222222200000000000000000000000000000000000000000000000000000000000
12121222222222222222222222222222222222222222222222222222222222222222222222222222202222222222222222020000200020002222222222222222222222222222220000000000000000000000000000000000000000000000000000000000
11222222222222222222222222022222220222222222222222222222222222222222222222222222222222222222222222000000000022022200202222222222222222222222222000000000000000000000000000000000000000000000000000000000
11222212222222222222222222222222222222222222222222222222222222222222222222222222222222222222222222200000000002222222022222222222222222222222222000000000000000000000000000000000000000000000000000000000
22222222222222222222222222222222222222222222222222222222222222222222222222222222222222222222222200000000000002000222022222222222222222222222220000000000000000000000000000000000000000000000000000000000
12222222222222222222222222220000222222222222222222222222222222222222222222222222222222222222222200000000000020022222222222222222222222222222220000000000000000000000000000000000000000000000000000000000
22222222222222222222222202002202222222222222222222222222222222222222222222222222222222222222222000000000000000002222222222222222222022222222220000000000000000000000000000000000000000000000000000000000
22222222222222222022220022022202222222222222222222222222222222222222222222222222222222022222200000000000000000022222222222222222022020222222200000000000000000000000000000000000000000000000000000000000
22222222222222222020220022020222222222222222222222222222222222222222222222222222222222222220000002000000000002222222222222222222220022222222200000000000000000000000000000000000000000000000000000000000
22222222222222222222200002222020222222222222222222222222202222222222222222222222222222222000000200000000000000022222222222222202222222222222200000000000000000000000000000000000000000000000000000000000
22222222222222221220000002222000222222222222222222222222222222222222222222222222222222202020020220000000000200002022222222222022222222202222222000000000000000000000000000000000000000000000000000000000
12222222212222211220000020222020222222222222222222222222222222222222222222222222222220000200202000000000000000020000222222222222220220222222222200000000000000000000000000000000000000000000000000000000
22222222222112112200000020000020222222222222222222222222222222222222222222222222222000002222000000002000000000002222222222222222022222222222222200000000000000000000000000000000000000000000000000000000
11222222222111112120000022000002222222222222222222222222222222222222222222222222200002202222200002000020000000202222222222222202002222022222222220000000000000000000000000000000000000000000000000000000
12222222222011110011000002002222222222222222222222222222222222222222222222222222000202220022222200000220000000222222222222222200022202200222222222000000000000000000000000000000000000000000000000000000
22222111210001200002200200022000022000022222222222222222222222222222222222222222220022202222222222200200000022222222220222222022002222222222222222000000000000000000000000000000000000000000000000000000
22202122102000100002010222220020200002222222222222222222222222222222222222222222222220020022222002000020000002202222222222222220202222220222222222200000000000000000000000000000000000000000000000000000
20002222221000000000022222002022000002202022222222222222222222222222222222222222222222222022020000220200000020000222222222222222202220220222222222222000000000000000000000000000000000000000000000000000
00000002000000000011122220022202000220022222220222222222222222222222222222222222220222222222222200000200000002200002202222222222222200222222222222202022222200000000000000000000000000000000000000000000
00000000000000000222222020220220000000000222222022222222222222222222222222222222222222222222222222220000000002200000022222222222202000222222222222222222222000000000000000000000000000000000000000000000
00000200000000000221222020222222002200000222222222222222222222222222222222222222222222222222222222200000020000022020222222222222222202200222222222022020000000000000000000000000000000000000000000000000
00000000000000000202222202222220220200000020000002222222222222222222222222222222222222222222222002200000000002222002222220222222200020000002222222222222000200000000000000000000000000000000000000000000
00000000000000002202220202220220200000000002200002022222222222222222222222222222222222222222222022222000000000000002200222222222202020002002222220200002000000000000000000000000000000000000000000000000
00000000000000000002222200200000000000000000020202222222222222222222222222222222222222222222220222220020000000000022000000222222000002000022002020020002000220000000000000000000000000000000000000000000
20000000000002000022220200000000000000000000002222220222222222222222222222022222222222222222222222000002200000000200000022002222200002000022222200222220000020000000000000000000000000000000000000000000
22000000000002002200222000200000002220000020002222222222222222222222222222202222222222220202222220000022200020002000000220022222220000000222222200020000000000000000000000000000000000000000000000000000
22200000000200000200222022022000002222200220022002222220222222222222222222202022222222202022202000000220200200020000002200202022002000200222202020020020000000000000000000000000000000000000000000000000
20200000000000020202200000202002002220022020000002222222222222222202222222222222202222222022000200000200020000000000022022222220002200022020000200200000000000220000000000000000000000000000000000000000
22200000000220022200220022022022002000000000220022222222220222020022222222220002222222222222202200000000000200000000000222220000002000020200000020200000000000220000000000000000000000000000000000000000
22200000002022220002220202000020000000000022222020002222202220000222222222022202222222200202222200000000200000000000202220000000022002000002000000002200000000200000000000000000000000000000000000000000
22200000020222022022000200220000002200000022222000000002022020222220222202200000222222220002002000000202000000000002000000000000220000000000020000002000000000220000000000000000000000000000000000000000
22022000022022222020220000000000020000000000002200000000202002222022002022222222200222222220220000000200000000000000000000000002200020000000000220020000000000000000000000000000000000000000000000000000
20022000022020020022220000000000002020000002020002000000000220222220222000002202202020000222200000000020000000000000000000000000000000000002000000020020000000000000000000000000000000000000000000000000
00222200002200000222002000000000020220000020020000002002220222200020000000022020202020200020000000000200000000000000000000000000000000000000200200220000000200000000000000000000000000000000000000000000
00222200002000000000000000000000000000002222200000020022222000020020200000000202000000202222000000220000000000000000000000000000000000000000000000000000000000000000000000000000000000000000000000000000
22022000000000000002000000000000002202002022220202000222022000000222220000020202002020222002000000000000000000000000000000000020000000000000000000000000000000000000000000000000000000000000000000000000
22220000000000000000000000000000000000000000000220200000022200002200000000200002000002222222220000000200000000000000000000020000000000000000000000000000000000000000000000000000000000000000000000000000
02220000000002002000000000200000000000202000200020000000200022000000000000000000000002222222000000002000000000000000000000000000000000000000000000000000000000000000000000000000000000000000000000000000
02000000000022000020000000002222200020000022000200000202000002000000000000000000020002020220000000000000000000000000000000000000000000000000000000000000000000000000000000000000000000000000000000000000
20000000000000022020020000000022002000000000002002202000000000200000000000000000000000200200000000000000000000000000000000000000000000000000000000000000000000000000000000000000000000000000000000000000
00000000000220222222000020000002200000000002022222220000200020002220000000000000000000000220000000000000000000000000000000000000000000000000000000000000000000000000000000000000000000000000000000000000
00000000200000000000200000002202000000000220000022000000222002200000002000000000000000000000000000000000000000000000000000000000000000000000000000000000000000000000000000000000000000000000000000000000
00000000000000000220000000202002022000002000000000020002222200000002000000000000000000000000000000000000000000000000000000000000000000000000000000000000000000000000000000000000000000200000000000000000
00000020020000220000000220022020220200000002000202022000200000000220000000000000000000000000000000000000000000000000000000000000000000000000000000000000000000000000000000000000000002000000000000000000
02220000000202000000222000220000000000020000000000000020222000000000000000000000000000000000000000000000000000000000000000000000000000000000000000000000000000000000000000000000000000200000000000000000
02000002020000002200000000000000002200222000000002000222000000000000000000000200000000000000000000000000000000000000000000000000000000000000000000000000000000000000000000000000000000020200000000000000
02000220000022002020220000000000000022220000000000000000000000000000020000000000200000000000000000000000000000000000000000000000000000000000000000000000000000000000000000000000002200000000000000000000
00002000000220002002200000000000000000020002200000000000000000000000000000000000000000000000000000000000000000000000000000000000000000000000000000000000000000000000000000000000000200200000000000000000
00200000000000202000000000000000000000000020020000000000000000002000000000000000000000000000000000000000000000000000000000000000000000000000000000000000000000000000000000000000002000000200000000000000
00000000002000000000000000000000000000000000000200000000000000000000000020000000000000000000000000000000020000000000000000000000000000000000000000000000000000000000000000000000200002022020020000000000
02200000000000000000000000000000002000000000020000000000000000000000000000000000000000000000000000000000000000000000000000000000000000000000000000000000000000000000000000000000002000000002000000000000
00002000000000000002000000000000000000000000000000000200000000000000000000000000000000000000000000000000000000000000000000000000000000000000000000000000000000000000000000000000000000002200000000000000
00000000000000020000000000000000000000200000000000000000000000000000000000000000000000000000000000000000000000000000000000000000000000000000000000000000000000000000000000000000000000000000000000000000
00000000000000000000000000000000200000000000000000000000000000000000000000000000000000000000000000000000000000000000000000000000000000000000000000000000000000000000000000000000000020000002000000000000
00000000000000000000000000000000000000000000200000000000000000000000000000000000000000000000000000000000000000000000000000000000000000000000000000000000000000000000000000000000000200000002000000000000
00000000000000000000000000000000000000000000000000000000000000000000000000000000000000000000000000000000000000000000000000000000000000000000000000000000000000000000000000000000002000000000000000000000
00000000000000000000000000000000000000000000022000002000020200000000000000000000000000000000000000000000000000000000000000000000000000000000000000000000000000000000000000000000000000000000000000000000
00000000000000000000000000000000000000000000000200000000000000000000000000000000000000000000000000000000000000000000000000000000000000000000000000000000000000000000000000000000020000000000000000000000
00000000000000000000000000000000000000000000000000000000000000000000000000000000000000000000000000000000000000000000000000000000000000000000000000000000000000000000000000000000000000000000000000000000
00000000000000000000000000000000000000000000000000000000000000000000000000000000000000000000000000000000000000000000000000000000000000000000000000000000000000000000000000200002000000000000000000000000
00000000000000000000000000000000000000000000000000000000000000000000000000000000000000000000000000000000000000000000000000000000000000000000000000000000000000000000000000000000000000000000000000000000
00000000020002000020000000000000000000000000000000000000000000000000000000000000000000000000000000000000000000000000000000000000000000000000000000000000000000000000000000020000202000000000000000000000
00000000220000000000000000000000000000000000000000000000000000000000000000000000000000000000000000000000000000000000000000000000000000000000000000000000000000000000000002000000020000000000000000000000
00000000000000020000000000000000000000000000000000000000000000000000000000000000000000000000000000000000000000000000000000000000000000000000000000000000000000000000000000000020000000002000000000000000
00000000000000000000000000000000000000000000000000000000000000000000000000000000000000000000000000000000000000000000000000000000000000000000000000000000000000000002020000000000000000200000000000000000