00000000000000000000000000000000000000000000000000000000000000000002000000000000000000000000000000000000000000000000000000022222202000000000000000000000000020000000000000000000000000000000000000000000
00000000000000000000000000000000000000000000000000000000000000000000000000000000000000000000000000000000000000000000000000002222220000000000000000000000000000000000000000000000000000000000000000000000
00000000000000000000000000000000000000000000000000000000000000000020002000000000000000000000000000000000000000000000000000002222220000000000000000000000000000000000000000000000000000000000000000000000
00000000000000000000000000000000000000000000000000000000000000000222200000000000000000000000000000000000000000000000000000002222200000000000000000000000000000000000000000000000000000000000000000000000
00000000000000000000000000000000000000000000000000000000000000000000000000000000000000000000000000000000000000000000000000000022000000000000000000000000000000000000000000000000000000000000000000000000
00000000000000000000000000000000000000000000000000000000000000000000000000000000000000000000000000000000000000000000000000000020000000000000000000000000000000000000000000000000000000000000000000000000
00000000000000000000000000000000000000000000000000000000000000000000000000000000000000000000000000000000000000000000000000000022000000000000000000000000000000000000000000000000000000000000000000000000
00000000000000000000000000000000000000000000000000000000000000000000000000000000000000000000000000000000000000000000000000000000000000000000000000000000000000000000000000000000000000000000000000000000
00000000000000000000000000000000000000000000000000000000000000000000000000000000000000000000000000000000000000000000000000000000000000000000000200020000000000000000000002200000000000000000000000000000
00000000000000000000000000000000000000000000000000000000000000000000000000000000000000000000000000000000000000000000000000000000000000000000000000000000000000000000002223320000000000000000000000000000
00000000000000000000000000000000000000000000000000000000000000000000000000000000000000000000000000000000000000000000000000000000000000000000000000000000000000000000000023330000200000000000000000000000
00000000000000000000000000000000000000000000000000000000000002000000000000000000000000000000000000000000000000000000000000000000000000020002000000000020000000000000000033333333000000000000000000000000
00000000000000000000000000000000000000000000000000000000000002000000000000000000000000000000000000000000000000000000000000000000000000002000020002000000000000000000000034333330000000000000000000000000
00000000000000000000000000000000000000000000000000000000000002220000000000000000000000000000000000000000000000000000000000000000000000000002200000000000000000000000030034443333000000000000000000000000
00000000000000000000000000000000000000000000000000000000000000200222000200000000000000000000000000000000000000000000000000220000000000000022222000002000000000000032033345554430000000000000000000000000
00000000000000000000000000000000000000000000000000000000000000020000000000000000000000000000000000000000000000000000000000020000000000000222222000200000000000000003334345554433000000000000000200000000
00000000000000000000000000000000000000000000000000000000000000200000222000000000000000000000000000000000000000000000000000000000000000000022222000000000000000030223345555554330200000000000000000000000
00000000000000000000000000000000000000000000000000000000000000000000000000000000000000000000000000000000000000000000000000000202000000002022220002020000000000033333344555554332300200000000002022000000
00000000000000000000000000000000000000000000000000000000000000000000000000000000000000000000000000000000000000000000000000000000000000000022222002222220000000003233345555554433300000000000002200020000
00000000000000000000000000000000000000000000000000000000000000000000000000000000000000000000000000000000000000000000000000000000000000000000020000222220000000003333345555554443300000000000002002000000
00000000000000000000000000000000000000000000000000000000000000000000000000000000000000000000000000000000000000000000000000000000000000000000000000022220000000003333445545555443320000000000220222200000
00000000000000000000000000000000000000000000000000000000000000000000000000000000000000000000000000000000000000000000000000000000000000000000000000222200000000033333344445544444330000000000000222220000
00000000000000000000000000000000000000000000000000000000000000000000000000000000000000000000000000000000000000000000000000000000000000000000000002222000000000000333334444444443330000000000002222220000
00000000000000000000000000000000000000000000000000000000000000000000000000000000000000000000000000000000000000000000000000000000000000022000000000000000000000003333333344444433302000000000022222222200
00000000000000000000000000000000000000000000000000000000000000000000000000000000000000000000000000000000000000000000000000000000000000000000000000000000000000000033033344333333300000200000220222020000
00000000000000000000000000000000000000000000000000000000000000000000000000000000000000000000000000000000000000000000000000000000000000000000000000000000000000020000333333333333332202000000202200000000
00000000000000000000000000000000000000000000000000000000000000000000000000000000000000000000000000000000000000000000000000000000000000000000000000000000000000000000333333333333320020200002022020000000
00000000000000000000000000000000000000000000000000000000000000000000000000000000000000000000000000000000000000000000000000000000000000000000000000000000000000000000332333333223220000220002020000000000
00000000000000000000000000000000000000000000000000000000000000000000000000000000000000000000000000000000000000000000000000000000000000000000000000000000000000000000000333333222200002200022200020000020
00000000000000000000000000000000000000000000000000000000000000000000000000000000000000000000000000000000000000000000000000000000000000000000000000000000000000000000020333332222200002000020200020000220
00000000000000000000000000000000000000000000000000000000000000000000000000000000000000000000000000000000000000000000000000000000000000000000000000000000000000000000000333333020202222000202000220220202
00000000000000000000000000000000000000000000000000000000000000000000000000000000000000000000000000000000000000000000000000000000000000000000000000000000000000000000023323333200002202000200202202022222
00000000000000000000000000000000000000000000000000000000000000000000000000000000000000000000000000000000000000000000000000000000000000000000000000000000000000000000200333323200202002002000022000222220
00000000000000000000000000000000000000000000000000000000000000000000000000000000000000000000000000000000000000000000000000000000000000000000000000000000000000000000200002323000222220220020022002000222
00000000000000000000000000000000000000000000000000000000000000000000000000000000000000000000000000000000000000000000000000000000000000000000000000000000000000000000220000323202002200222222222020222022
00000000000000000000000000000000000000000000000000000000000000000000000000000000000000000000000000000000000000000000000000000000000000000000000000000000000000000000200020232000020220222022222200200222
00000000000000000000000000000000000000000000000000000000000000000000000000000000000000000000000000000000000000000000000000000000000000000000000000000000000000000000200302332002020222220202222220022022
00000000000000000000000000000000000000000000000000000000000000000000000000000000000000000000000000000000000000000000000000000000000000000000000000000000000000000002200202232220020220022200222222200220
00000000000000000000002000000000000000000000000000000000000000000000000000000000000000000000000000000000000000000000000000000000000000000000000000000000000000000002003222022222000222200022222202202202
00002000000000000000000000000000000000000000000000000000000000000000000000000000000000000000000000000000000000000000000000000000000000000000000000000000000000000000000020220222022000000000222000022020
00000000000000000000000000000000022000000000000000000000000000000000000000000000000000000000000000000000000000000000000000000000000000000000000000000000000000000000000000000202000002000222222022022000
00000000000000000000000000000000002000000020000000000000000000000000000000000000000000000000000000000000000000000000000000000000000000000000000000000000000000000000000220000000000000000202222222220002
00000000000000000000000000000000000200000020000000000000000000000000000000000000000000000000000000000000000000000202000000000000000000000000000000000000000000000020002220000000020000000222222222200220
00000000000000000000000000000000000200000000020000000000000000000000000000000000000000220000000000000000000000022222200000000000000000000000000000000000000000000000003000000000000020000022220022220000
00000000000000000000000000000000000200022000220000000000000000000000000000000000000000220000000000000000000000222222220000000000000000000000000000000000000000000000000000000000000000000022020002000020
00000000000000000000000000000000022000000222000000000000000000000000000000000000000000000000000000000000000000222222220000000000000000000000000000000000000000000000000000000000000000000002000000200020
00000000000000000000000000000000002020000220000000000000000000000000000000000000000000000000000000000000000202222222200000000000000000000000000000000000000000000000000000000000000000000000000000200000
00000000000000000000000000000000000000002002200000000000000000000000000000000000000000002020000000000000000002222022200000000000000000000000002000000000000000000000000000000000000000000002000000000000
00000000000000000000000000000000002000202000000000000000000000000000000000000000000000000000000000000000000000000220000000000000000000000022002000000000000000000000000000000000000000000000000000000000
00000000000000000000000000000000000000200000000000000000000000000000000000000000000000000000000000000000000000000200000000000000000000000000200002202000000000000000000000000000000000000000000000000000
00000000000000000000000000000000000000000020000000000000220000000000000000000020022000000000000000000000000000000000000000000000000000000022202002000000000000000000000000000000000000000000000000000000
00000000000000200000000000000000220200022000000000000000220000000000000020200002022000000000000000000000000000000000000000000000000000000022222202000020000000000000000000000000000000000000000000000000
00000000000000000000000000000000220000022000000000000000000000000000000002222200000000000000000000000000000000000000000000000000000000000020222220020000000000000000000000000000000000000000000000000000
00000000000020000002000000000002222000000200020000000002220000000000000000002000000000000000000000000000000000000000000000000000000000000022202222220000000000000000000000000000000000000000000000000000
00000000002000000000222000000022220020000000000000000000220000000000000000000000000000000000000000000000000000000000000000000000000000000022222220200022200000000000000000000000000000000000000000000000
22000000000000000000000000200000200000200000200000000000000000000000000000020000000000000000000000000000000000000000000000000000000000000000222222022222000200000000000000000000200000000000000000000000
22000000000020000002200000200200020200000000000000000000000000000000000000000000000000000000000000000000000000000000000000000220000000000002222220000200020000000000000000000000000000000000000000000000
00000000000002000220022000000000000000000000020000000000000000000000000000000000200000000000000000000000000000000000002000000220000000000000222200000000000000000000000000000000000000000000000000000000
00000000000020000222200202220022000000000000000000000000000000000000000000000000222000000000000000000000000000000000000000002222000000000000222200002000000220000000000000000000000000000000000000000000
00000000002220000022222220202000000000200002000000000000000000000000000000000000200000000000000000000000000000000000000000002222000000000002222220002000000020000000000000000000000000000000000000000000
00000000002200202022202222200000000000200002200000000000000000000000000000000022222000000000000000000000000000000000000000002222000000000000022000000000000200000000000000000000000000000000000000000000
00000000002200202222022222200000000000000022200000000000000000000000000000020022222000200000000000000000000000000000000000000222000000000000020000002000200020000000000000000000020000000000000000000000
00000000020020222022222222220000000000000200000000000000000000000000000000000002222202000000000000000000000000000000000000002222000000000000000020020020002000022020000000000000020000000000000000000000
00000202000220222222222222222000000002222222020020020000000000000000000002222022222020002200000000000000000000000000000000000220000000000000000000200000000000000020000000000000002020000000000000000000
00000002202222022222222222222000000000222222220000022000000000000000000002220222222020022222200000000000000000000000000000000000000000000000000000002020000000000220020000000000000222000000002000000000
00000000000202222222222222222000002000222002220000002000000000000000000000022222222000220022200000000000000000000000000000000000000000000020000020000000000000022200000000000000000220220000000000000000
22000000202200022222222222222200000000020222222000000200000000000000000000222222222000220022200000000000000000000000000000000000000000000020000000000200200200022000200000000000000220020000000000000000
00000000200002022222222222222200000000000222222000000200000000000000000000222222222222022200000000000000000000000000000000000000000000000020000000200202022220222200000000000000000220000000000000000000
00000000222020222222222222222200000220022222222000020000000000000000000002222222202222000000000000000000000000000000000000000000000002000000000000000220002000222200000000000000000222000000000000000000
00000000022220222222222222222202220222022022222220000220000000000000002022222222200222000000000000000000000000000000000000000000000000002000000000000000022000000200000000000000000020000000000000000000
00000020000022222222222222222220020222222020222220002222000000000000000222222200200002000000000000000000000000000000000000000000000000000000000000000000222002222200000200000000000020000000000000000000
00000022222222222222222222222220020022222222222200020220200000000000000222222222200000000000000000000000000000000000000000000020000000000000000000000000220202222200000000000000000000000000000000000000
00000022020222222222222222222220000020222222222200000022000200000000000000002202000000000000000000000000000000000000000000000000000000000000000000000002200020222000000000000000000000000000000000000000
00000222222222222222222222222220000000222222222220000000000220000000000000000000000000002200000000000000000000000000000000000000000020000000000000020020200000000000000000002000000000000000000000000000
00000202222220222222222222222220000200222222222200000000000020000000000000000000000000002200000000000000000000000000000000000002022002200000000000000020000202000000000000002020000000000000000000000000
00000022222220222222222222222222200202222222222200000000000020000000000000000000200000000000000000000000000000000000000000000002000000200000000002000000000222200000000002002020000000000000000000000000
00020022022222222222222222222222202202222222222200000000000020000000000000000000200000000000000000000000000000000000000000000000200000000000000000000000000022002000000000000202000000000000000000000000
00000002022222222222222222222022220000222222222200000000000022200000000000002200000002000220000000000000000000000000000000000200200000000000000002000000000000000000000020000020000000000000000000000000
00000002222222222222222222222222020022222222222200000000002222200000000000002200000000000020000000000000000000000000000000000000200000000000022000020200000222000000000000200020000000000000000000000000
00000002222222222222222222222222220020222222222222022000000222200000000000000000000000000000000000000000000000000000000000000022200000000002200000000000002220000000000000200000000000000000000000000000
00002220222222222222222222222222020000222222222200222000000202200000000000000000000000000000000000000000000000000000000000000022220002000002220000002000002020000000020002000000000000000000000000000000
00022220202222222222222222222222020000222222222200222000000002200000000000000000000000000000000000000000000000000000000000000222200002000222220020002200000000000000000000020000000000000000000000000000
20002022222222222222222222222222200002222222222020200000000002200000000000000000000000000000000000000000000000000000000000000222000022000222220220002200020000000000020000220000000000000000000000000000
22220222222222222222222222222222222002222222222000002000000002200000000000000002000000000000000000000000000000000000002220002220000002000222202200002200000000020000000000000000000000000000000000000000
00222022222222222222222222222222220002222222222000000000000000000000000000000020000000000000000000000000000000000000000000000222022200002222200000200000020200002000000000000000000000000000000000000000
00222222222222222222222222222222222022222222222000000000000000000000000000000000000000000000000000000000000000000000000000000000022200002222000000002000000022200000000200000000000000000000000000000000
00220222222222222222222222222222222222222222222000000000000000000000000000000000000000000000000000000000000000000000000000000002022222202220000000000000002220000000200000000000000000000000000000000000
00022222020022222222222222222222222220222220202002000000000000000000000000000000000000000000000000000000000000000000000000000000000000202220000000000000000220000000200000000000000000000000000000000000
00022002022222222222222222222222222200222222222000000000000000000000000000000000000000000000000000000000000000000000000000000000000020002020000000000002022000000000000000000000000000000000000000000000
02222220022022222222222222222222222222222222222200000000000000000000000000000000000000000000000000000000000000000000000000000000000020020220000000000200202200000000000000000000000000000000000000000000
00222020020002222222222222222222222222222222022200000000000000000000000000000000000000000000000000000000000000000000000000000000000002000222200000000000222020000000000000000000000000000000000000000000
02202020020000222222222222222222222222222222002220000000000000000000000000000000000000000000000000000000000000000000000000000000000000000222000000000000022000000000000000000000000000000000000000000000
00000000000000222222222222222222222222222222000002200000020000000000000000000000000000000000000000000000000000000000000000000000000000000000000000000000000002000000000000000000000000000000000000000000
00000000000000222222202222222222222222222220002022200000020000000000000000000000000000000000000000000000000000000000000000000000000000000000000000000000000000000000000000000000000000000000000000000000
00000000000000222222000022222222222222202220200202200000020000000000000000000000000000000000000000000000000000000000000000000000000000020000000000000000000000000000000000000000000000000000000000000000
00020000000002002200220222222222222222222222220222200000000000000000000000002202000000000020000000000000000000000000000000000000000000000000000000000000000000000000000000000000000000000000000000000000
00022200000000000222220222222222222222222002222002220000000000000000000000002200000000000020000000000000000000000000000000000000000000000000000000000000000000000000000000000000000000000000000000000000
22000000000002000220002022222222222222222222220000220000000000000000000000000000000000220000000000000000000000000000000000000000000000000000000000000000000000000000000000000000000000000000000000000000
00200000000000200000002222222222220222222222222200220000000000000000000000000000000000220000000000000000000000000000000000000000000000000000000000000000000000000000000000000000000000000000000000000000
00020200020000200000020222222222222222222222222200220000000000000000000000000220200000000022000022000000000000000000000000000000000000000000000000000000000000000000000000000000000000000000000000000000
22222000222202200000000022222222222222222222222200220000000000000000000000000002000000000022200022200000000000000000000000000000000000000000000000000000000000000000000000000000000000000000000000000000
22222200222202000000000022222222222222222222220000220000000000000000000000000000000000200002200022000000000000000000000000000000000000000000000000000000000000000000000000000000000000000000000000000000
22222222222000000000002222222222222222202200200000020000000000000000000000020000022022020022000022220000000000000000000000000000000000000000000000000000000000000000000000000000000000000000000000000000
22222222222200000000000022222222222222022200000000020000000002000000000002220002022022200022200022220000000000000000000000000000000000000000000000000000000000000000000000000000000000000000000000000000
02222222222200000000000022222222222222202200202200020000000000020000000222200000222222220002000022000000000000000000000000000000000000000000000000000000000000000000000000000000200000000000000000000000
22222222222200000000000002222222222222222220222200200000000000022200222022022222222222220002200000000000002222000000000000000000000000000000000000000000000000000000000000000000200200000000000000000000
22222222222200000000200002022222222222222222220000000000000000000202222002022222222222220202220000000002002222000000000000000000000000000000000000000000000000000000000000000000002220000000000000000000
02222222222220000000002000002222222222222222200000000020002000002222222220222222222222222220000222000000022220000000000000000000000000000000000000000000000000000000000000000000000002000000000000000000
22222222220220000000000000202222220222222222022222000000000030000022200220222222222220222200220222000000022222220002000000000000000000000000000000000000000000000000000000000000000000020000000000000000
22022200220220200000000000002220222222222000222000000000000003020020020200222222222222220020022200220000022222022000000000000000000000000000000000000000000000000000000000000200000000000000000000000000
22222222202222200020000000000002222222200000000020000000000003020030032222222222200000002200000222200222202222220000000000200000000000000020000000000000000000000000000000000000000000000000000000000000
22222222222222002020000000020002222222200000000020000000000000033030322022222222000002200220000222000222200000220000000000200000000000000000000000000020000000000000000000000002000000000000000000000000
00022222200222222220000000000222200000000000000000000000000033322232000022020222000000000000002022202022220000000000030030000000000000000000022020002020000000000000000000000000022020000000000000000000
00022222200022220000000000000222200220000000000000002000202233323333300022220222000000200000002200002022220000020020030000300000000000000000220022200020000000000000000000000000222000000000000000000000
00200022200220000000000000000022222222000000020000000000220233333033330220222022000000220000002022000222220222222222200003330000000000000000000000000020000000000000000000000000222000222002000000000000
00000022000000000000000000000000002020222000000022000000202033333333333330222220020222000002202200222222222222222222220000332000000000000200022200000000000000000000000000000000222000002220000000000000
00000022000000000000000000000000000200022000000022000000000003333333333330222202200220000002222222222222222222222222222002232000000000000002022022200000000000000000000000000000222002022220200000000000
00020000000000000020000000000000002202000000000000000000000003333433333322222222220000000000020022222222222222222222222222200022220200000220222202002200000000000000000000000000022000000200000000000000
00000000000000000000000000000000002222002000000002000000000003334343433332222220000200000000000022222222222222222222222222200002220222222222222220002200000000000000000000000000022000000000200000000000
00000000000000000020000022000000000022202220002000000000000003333443433333222222222002000000000222222222222222222222202200000000222222222222222220002200000000000000000000000000000000020020000000000000
00020200000000000220002002220000000002222000002220000000000000444434433333222200002220220000022022002222222222202222222200222320202022222222222220002000000000000000000000000000000000000000000000000000
00000000000000020000000000220000000000222000002200000000000000444444443333222200222220222000022022002222222200002223202200323220000020222222222220020000000000000000000000000000000000000000000000000000
00220000000000000000000220020000000000002220002200000022200002444444433333222202202200202220000000000000220022220000000200023000222220222222222222020000000000000000000000000000000000000000000000000000
00020000000000000200020202000000000000000000002200000000202022055554444222233303302200002222000000000220220022220200000002200000222220022222222222220000000000000000000000000000000000000000000000000000
00002222000000000000000000222000000000000000000002200020000222255554444344332202000222220220000000222222220002000000000000000000000022222222222222200000000000000000000000000000000000000000000000000000
00000000000000002022202222202200000000000000000000000022202220055555444320222222200002220222200000322222220220000223203300000000000222222222222222222200000000000000000000000000000000000000000000000000
20200000000000000020002222022222200000000000000000000000002220255555444333332233230002220022200000322222220200002333303200000000003332222222222222202200000000000000000000000000000000000000000000000000
00000000000000000022222222220202222222222000000200000220002222255555544333330000022002200020000022220322220000000000030000000000000333222222222222202220000000000000000000000000000000000000000000000000
00000000000000000022222222222202222222222000000000002220222222355555544343432200022000000000000022022322222000000000000000000000000333332222222222202200000000000000000000000000000000000000000000000000
00000000000000002222222222222222222222200000020000000000222222555554444443320200202000200000000000003000002200000000000000000000003333333222222220002000200000000000000000000000000000000000000000000000
00000000000000002022222222222222222222222000000000000002002224455444422333302322022220220200000000033300003000300000000000000000004333343332222220002200000022000000000000000000000000000000000000000000
00000000000000000022222222222222222222222000000000000022000224445444442233302232022220220200200000033300000000000000000000000000000334433343222220003200000002000000000000000000000000000000000000000000
00000000000002002222222222222222222222222220000000000022002234444444444222333322222222000020000000023333000000000000000000000000003433334444322233233200022000000000000000000000000000000000000000000000
00000000000002002222222222022222222222222220000000000022222334444434433322223222222222000000000000003330330000000000000000000000034444444444443555523300022000000000000000000000000000000000000000000000
00000000000000020220222222222222222222222220000000000200222344344444333322222200022220000000000200023323200000000000000000000000004434344445555555303200002000000000000000000000000000000000000000000000
00000000000000002220222222222222222222222220002000000002223333333334433333322200022222000000000320003333220000000000000000000000334443444455555555233220002000000000000000000000000000000000000000000000
00000000000000000000022002022222222222222222220000020002222333333343233332322222222222220000000303320300333200000000000000000000004444444455555555444220000020000000000000000000000000000000000000000000
00000000000002000000002200002222222222222222020000000000032223333333332222202222000222000000000333332320300000000000000000000000003434444455555555543222300000000000000000000000000000000000000000000000
00000000200022200000002200222222222222222220220000000000002223333333322322222222202022000000003222233320030000000000000000000000004444444445455555544422302000000000000000000000000000000000000000000000
00000000000022200000002222022222222222222222200000000000020320333333222222222222200222222220002222223320330000000000000000000033034433444444455555544400000000002200000000000000000000000000000000000000
00000000000222200000000222222222222222222222200000000000000020322332222222222222220222222222222222222220230000000020000000000000044344444444445544444300000300022200000000000000000000000000000000000000
00000000000222222000002022222222222222222220200000000000003233333300002222222222222222022222222222020000000000000023330000000032434443434444454542230332223000000000200000000000000000000000000000000000
00000000000202220220000002222222222222222002000000000000000322230000002222222222222222222222222222220000000000000000332022000000333433443443344442200000200200000220222000000000000000000000000000000000
00000000000222220222002222222222222202222000000000000000000022200000000222222222222222222222222222220000000000000000023022222003342433443334332243200003330000000020022000000000000000000000000000000000
00000000022222222220002022222222220022200000200000000000000000000000000222222222222222222222222222220000000000000000003222222222003334333333430033000000003002020000000000000000000000000000000000000000
00000000022222200022220022222222220022200000000000000000020000000000002222222222222222222222222222220000000000000000002222222222022443433333320033000000330002000000000000000000000000000000000000000000
00000000200000020002200222222022220000000000000000000000020000000000000022222222222222222222222222222020000000000000000222222222222343333033320003200000000030000000000000000000000000000000000000000000
00000000222220222202222200000220000000000000000000000000000000000200200022222222222222222222222222022000002222022222222222222222002223332333320000000000000000000000000000000000000000000000000000000000
00000000222220222000222220000220000000000000000000000000200000000222000002222222222222222222222222200000002223002222222222222222002223333232220000000000000000000000000000000000000000000000000000000000
00000000222002022222222222202000002200000000000000000000000000000020000002222220000222222222222222222220002222320002222222222220220323332033000030000000000000000000000000000000000000000000000000000000
00000000022002022222222222202000022220000000000000000002220000020000000022222200000222222222222222222220002222220003222222222222220033332033000000000000000000000000000000000000000000000000000000000000
00000002222002000002222222222000022200200000000000000000222200222220002222022200002022222222222222222220002222220322022222022000002203220022000000000000000000000000000000000000000000000000000000000000
00000002222222002022222222220220002222000000000000000000020000020022222222222220000222222222222222222220000020222032232020220022223222222020000000000000000000000000000000000000000000000000000000000000
00000000222222000002222222220220002220000000000000000000000002000022222222222200220222222222222222222220000000222003320200202222222222222222000030000000000000000000000000000000000000000000000000000000
00000000222220220222222222220002200200200000000000000000000000000000000222222200200020222222222222222220002200002223222200002220000222222222220233200000000000000000000000000000000000000000000000000000
00000000200220220020022222220002200002200000000000000000000000000000000222222220200020222222222222222220022200000222222220000220000022222222220332300000000000000000000000000000000000000000000000000000
00000000000200000000000002220020002200000000000000000000000000000000000000222222000222222222222222222222200000002202222222000000000002222222200333200000000000000000000000000000000000000000000000000000
00000000000220002200000000000002222220000000000000000000000020000000000022222220202200022222222222222220200000002222222222222220022222222222223000000000000220000000000000000000000000000000000000000000
00020200000220002200000000000222222200000000000000000000000020000000000002222220200002002222222222222220000000000222222222222220002222222222222000000000000220000000000000000000000000000000000000000000
00000000000000000000000000002220020000200000000000000000000000000000000200022202022020000022002222222220220000002022222222222222222222222220220000000000000000000000000000000000000000000000000000000000
00020000020000000000000022022220000000200000000000000000000000000000000000002222022020000020000202222220020200000002222222222222222222222220220000000000000000000000000000000000000000000000000000000000
00000000002020000000000200200000000000000000000000000000000000000000000000002202202002000000002222222222200000000000022222222222222222022022000000000000000000000000000000000000000000000000000000000000
00000000000002022022000200200000000000000000000000000000000000000000000000000000200000220000002022022222200022000020002222222222222222222222220000000000000000000000000000000000000000000000000000000000
00000000000000000020000000000000000000000000000000000000000000000000000000000200200000220000000022020222200222000000002222222222222222200222220000000000000000000000000000000000000000000000000000000000
00000000200200000000000220022220000000000000000000000000000000000000000000000000000002000000000022222222220000000002200222222222222222222200222000002200000000000000000000000000000000000000000000000000
00000002000000000000000000002220000000000000000000000000000000000000000000000002220200020000000022022222220000000002202022222222222222222200222220002220000000000000000000000000000000000000000000000000
00000000000000000002200000220000002200000000000000000000000000000000000000000000220222002200000022222222220002000002222222222222002220222202222220000222000000000000000000000000000000000000000000000000
00002000000220002222000002200000002200000000000000000000000000000000000000000000000002222000200222222220220000000002222222222222222222222222220000020000022000000000000000000000000000000000000000000000
00000000000220002200000000022000002200000000000000000000000000000000000000000000000020220222000222222222220000000002222222222002222222222222220002220000222000000000000000000000000000000000000000000000
00000000202220000000000200002220020000000000000000000000000000000000000020000000200002020000022022222222200000000222222222222022222222222222220000200000000000000000000000000000000000000000000000000000
00000000022220002000000200002222220000000000000000000000000000000000000020000002000022020000022022222222222000000222222222222222222222222222222002020000000000000000000000000000000000000000000000000000
00000000000022000000000002000022200000000000000000000000000000000000000000000002000002000000000222222220202200000002222222222220222222222022222220020000000000000000000000000000000000000000000000000000
00000000000222200000000200002200000000000000000000000000000000000000000002000020000222000220000222220000220000002000002000022200222222222222202000000022000000000000000000000000000000000000000000000000
00000000000002000000002200000000000000000000000000000000000000000000000000000000000022000020002222020000020000002000000022022000222222222222000000000022002000002000000000000000000000000000000000000000
00000000000000200000000000000000000000000000000000000000000000000000000000000000000002000022200002220000022022222000000022200002222222222202200222200000022220020000000000000000000000000000000000000000
00000000000000000000000000000000000000000000000000000000000000000000000000000000000002020002200002220000000022222000020222200202022222222222000222200000022220000000000000000000000000000000000000000000
00000000000000000000000000000000000000000000000000000000000000000000000000000000000220002200000000220020000002222020002200220220222222222200020220200000000000000000000000000000000000000000000000000000
00000000000000000000000000000000000000000000000000000000000000000000000000002000000022200000000002220000002222220222200000000022222222202022222200020000000000200000000000000000000000000000000000000000
00000000000000000000000000000000000000000000000000000000000000000000000000000200000022200000000000220000022200220022200000000000222222200022222000220000000000000000000000000000000000000000000000000000
00000000000000000000000000000000000000000000000000000000000000000000000000002222000022000000220000222000000000222022200000000200222222200222022000000000000000000000000000000000000000000000000000000000
00000000000000000000000000000000000000000000000000000000000000000000000000002222000022002000000000222000000000222222200000000000002222200222022000000000000000000000000000000000000000000000000000000000
00000000000000000000000000000000000000000000000000000000000000000000000000000000000002000000222000002000000000002222200000000002002222202222220000000000000000000000000000000000000000000000000000000000
00000000000000000000000000000000000000000000000000000000000000000000000000000000000000002202200200002000002200002002220022000220022222222200220000000000000000000000000000000000000000000000000000000000
00000000000000000000000000000000000000000000000000000000000000000000000000000000000000002202202200020000002200000022220022000220202220022220200000002000000000000000000000000000000000000000000000000000
00000000000000000000000000000000000000000000000000000000000000000000000000002000002000000000000000000002000000000222000000202222200002222200000000000000000000000000000000000000000000000000000000000000
00000000000000000000000000000000000000000000000000000000000000000000000000000000000000000000200000000000000000002220000002200220000002200000000000000000000000000000000000000000000000000000000000000000
00000000000000000000000000000000000000000000000000000000000000000000000000000000002000000020000000000000020000000000022222002000002222222000000000000000000000000000000000000000000000000000000000000000
00000000000000000000000000000000000000000000000000000000000000000000000000000000000002000020022200000002020000000220020200000220022222200000000000000000000000000000000000000000000000000000000000000000
00000000000000000000000000000000000000000000000000000000000000000000000000000000000022000000022200000000000200000220020000022220022222200000000000000000000000000000000000000000000000000000000000000000
00000000000000000000000000000000000000000000000000000000000000000000000000000000000220000000000000000000000000220222200000002022220222200000002000000000000000000000000000000000000000000000000000000000
00000000000000000000000000000000000000000000000000000000000000000000000000000000000220000000000000000000000002220002200000020002220222200000002000000000000000000000000000000000000000000000000000000000
00000000000000000000000000000000000000000000000000000000000000000000000000000000000022000000000020000000000000000000000000222200222220000000000000000000000000000000000000000000000000000000000000000000
00000000000000000000000000000000000000000000000000000000000000000000000000000000000002022000000200000000000000000000000000022200222220000000000000000000000000000000000000000000000000000000000000000000
00000000000000000000000000000000000000000000000000000000000000000000000000000000000022000000000200000000000000000000000000000222222200000000000000000000000000000000000000000000000000000000000000000000
00000000000000000000000000000000000000000000000000000000000000000000000000000000000000220000000000000000000000000000000000000000000000000000000002200000000000000000000000000000000000000000000000000000
00000000000000000000000000000000000000000000000000000000000000000000000000000000000000220000000000000000000000000000000000000000000000000000000022200000000000000000000000000000000000000000000000000000
00000000000000000000000000000000000000000000000000000000000000000000000000000000000000022200000000000000000000000000000000000000000000000000000022000000000000000000000000000000000000000000000000000000
00000000000000000000000000000000000000000000000000000000000000000000000000000000000000002200200000000000000000000000000000000000000000000000000000000000000000000000000000000000000000000000000000000000
00000000000000000000000000000000000000000000000000000000000000000000000000000000000000000000000000000000000000000000000000000000000000000000000000000000000000000000000000000000000000000000000000000000
00000000000000000000000000000000000000000000000000000000000000000000000000000000000000000000000000020000000000000000000000000000000000000000000000000000000000000000000000000000000000000000000000000000