00000000000000000000000000000000000000000000000000000000000000000000000000000000000000000000000000000000000000000000000000000000000000000000000000000000000000000000000000000000000000000000000000000000
00000000000000000000000000000000000000000000000000000000000000000000000000000000000000000000000000000000000000000000000000000000000000000000000000000000000000000000000000000000000000000000000000000000
00000000000000000000000000000000000000000000000000000000000000000000000000000000000000000000000000000000000000000000000000000000000000000000000000000000000000000000000000000000000000000000000000000000
00000000000000000000000000000000000000000000000000000000000000000000000000000000000000000000000000000000000000000000000000000000000000000000000000000000000000000000000000000000000000000000000000000000
00000000000000000000000000000000000000000000000000000000000000000000000000000000000000000000000000000000000000000000000000000000000000000000000000000000000000000000000000000000000000000000000000000000
00000000000000000000000000000000000000000000000000000000000000000000000000000000000000000000000000000000000000000000000000000000000000000000000000000000000000000000000000000000000000000000000000000000
00000000000000000000000000000000000000000000000000000000000000000000000000000000000000000000000000000000000000000000000000000000000000000000000000000000000000000000000000000000000000000000000000000000
00000000000000000000000000000000000000000000000000000000000000000000000000000000000000000000000000000000000000000000000000000000000000000000000000000000000000000000000000000000000000000000000000000000
00000000000000000000000000000000000000000000000000000000000000000000000000000000000000000000000000000000000000000000000000000000000000000000000000000000000000000000000000000000000000000000000000000000
00000000000000000000000000000000000000000000000000000000000000000000000000000000000000000000000000000000000000000000000000000000000000000000000000000000000000000000000000000000000000000000000000000000
00000000000000000000000000000000000000000000000000000000000000000000000000000000000000000000000000000000000000000000000000000000000000000000000000000000000000000000000000000000000000000000000000000000
00000000000000000000000000000000000000000000000000000000000000000000000000000000000000000000000000000000000000000000000000000000000000000000000000000000000000000000000000000000000000000000000000000000
00000000000000000000000000000000000000000000000000000000000000000000000000000000000000000000000000000000000000000000000000000000000000000000000000000000000000000000000000000000000000000000000000000000
00000000000000000000000000000000000000000000000000000000000000000000000000000000000000000000000000000000000000000000000000000000000000000000000000000000000000000000000000000000000000000000000000000000
00000000000000000000000000000000000000000000000000000000000000000000000000000000000000000000000000000000000000000000000000000000000000000000000000000000000000000000000000000000000000000000000000000000
00000000000000000000000000000000000000000000000000000000000000000000000000000000000000000000000000000000000000000000000000000000000000000000000000000000000000000000000000000000000000000000000000000000
00000000000000000000000000000000000000000000000000000000000000000000000000000000000000000000000000000000000000000000000000000000000000000000000000000000000000000000000000000000000000000000000000000000
00000000000000000000000000000000000000000000000000000000000000000000000000000000000000000000000000000000000000000000000000000000000000000000000000000000000000000000000000000000000000000000000000000000
00000000000000000000000000000000000000000000000000000000000000000000000000000000000000000000000000000000000000000000000000000000000000000000000000000000000000000000000000000000000000000000000000000000
00000000000000000000000000000000000000000000000000000000000000000000000000000000000000000000000000000000000000000000000000000000000000000000000000000000000000000000000000000000000000000000000000000000
00000000000000000000000000000000000000000000000000000000000000000000000000000000000000000000000000000000000000000000000000000000000000000000000000000000000000000000000000000000000000000000000000000000
00000000000000000000000000000000000000000000000000000000000000000000000000000000000000000000000000000000000000000000000000000000000000000000000000000000000000000000000000000000000000000000000000000000
00000000000000000000000000000000000000000000000000000000000000000000000000000000000000000000000000000000000000000000000000000000000000000000000000000000000000000000000000000000000000000000000000000000
00000000000000000000000000000000000000000000000000000000000000000000000000000000000000000000000000000000000000000000000000000000000000000000000000000000000000000000000000000000000000000000000000000000
00000000000000000000000000000000000000000000000000000000000000000000000000000000000000000000000000000000000000000000000000000000000000000000000000000000000000000000000000000000000000000000000000000000
00000000000000000000000000000000000000000000000000000000000000000000000000000000000000000000000000000000000000000000000000000000000000000000000000000000000000000000000000000000000000000000000000000000
00000000000000000000000000000000000000000000000000000000000000000000000000000000000000000000000000000000000000000000000000000000000000000000000000000000000000000000000000000000000000000000000000000000
00000000000000000000000000000000000000000000000000000000000000000000000000000000000000000000000000000000000000000000000000000000000000000000000000000000000000000000000000000000000000000000000000000000
00000000000000000000000000000000000000000000000000000000000000000000000000000000000000000000000000000000000000000000000000000000000000000000000000000000000000000000000000000000000000000000000000000000
00000000000000000000000000000000000000000000000000000000000000000000000000000000000000000000000000000000000000000000000000000000000000000000000000000000000000000000000000000000000000000000000000000000
00000000000000000000000000000000000000000000000000000000000000000000000000000000000000000000000000000000000000000000000000000000000000000000000000000000000000000000000000000000000000000000000000000000
00000000000000000000000000000000000000000000000000000000000000000000000000000000000000000000000000000000000000000000000000000000000000000000000000000000000000000000000000000000000000000000000000000000
00000000000000000000000000000000000000000000000000000000000000000000000000000000000000000000000000000000000000000000000000000000000000000000000000000000000000000000000000000000000000000000000000000000
00000000000000000000000000000000000000000000000000000000000000000000000000000000000000000000000000000000000000000000000000000000000000000000000000000000000000000000000000000000000000000000000000000000
00000000000000000000000000000000000000000000000000000000000000000000000000000000000000000000000000000000000000000000000000000000000000000000000000000000000000000000000000000000000000000000000000000000
00000000000000000000000000000000000000000000000000000000000000000000000000000000000000000000000000000000000000000000000000000000000000000000000000000000000000000000000000000000000000000000000000000000
00000000000000000000000000000000000000000000000000000000000000000000000000000000000000000000000000000000000000000000000000000000000000000000000000000000000000000000000000000000000000000000000000000000
00000000000000000000000000000000000000000000000000000000000000000000000000000000000000000000000000000000000000000000000000000000000000000000000000000000000000000000000000000000000000000000000000000000
00000000000000000000000000000000000000000000000000000000000000000000000000000000000000000000000000000000000000000000000000000000000000000000000000000000000000000000000000000000000000000000000000000000
00000000000000000000000000000000000000000000000000000000000000000000000000000000000000000000000000000000000000000000000000000000000000000000000000000000000000000000000000000000000000000000000000000000
00000000000000000000000000000000000000000000000000000000000000000000000000000000000000000000000000000000000000000000000000000000000000000000000000000000000000000000000000000000000000000000000000000000
00000000000000000000000000000000000000000000000000000000000000000000000000000000000000000000000000000000000000000000000000000000000000000000000000000000000000000000000000000000000000000000000000000000
00000000000000000000000000000000000000000000000000000000000000000000000000000000000000000000000000000000000000000000000000000000000000000000000000000000000000000000000000000000000000000000000000000000
00000000000000000000000000000000000000000000000000000000000000000000000000000000000000000000000000000000000000000000000000000000000000000000000000000000000000000000000000000000000000000000000000000000
00000000000000000000000000000000000000000000000000000000000000000000000000000000000000000000000000000000000000000000000000000000000000000000000000000000000000000000000000000000000000000000000000000000
00000000000000000000000000000000000000000000000000000000000000000000000000000000000000000000000000000000000000000000000000000000000000000000000000000000000000000000000000000000000000000000000000000000
00000000000000000000000000000000000000000000000000000000000000000000000000000000000000000000000000000000000000000000000000000000000000000000000000000000000000000000000000000000000000000000000000000000
00000000000000000000000000000000000000000000000000000000000000000000000000000000000000000000000000000000000000000000000000000000000000000000000000000000000000000000000000000000000000000000000000000000
00000000000000000000000000000000000000000000000000000000000000000000000000000000000000000000000000000000000000000000000000000000000000000000000000000000000000000000000000000000000000000000000000000000
00000000000000000000000000000000000000000000000000000000000000000000000000000000000000000000000000000000000000000000000000000000000000000000000000000000000000000000000000000000000000000000000000000000
00000000000000000000000000000000000000000000000000000000000000000000000000000000000000000000000000000000000000000000000000000000000000000000000000000000000000000000000000000000000000000000000000000000
00000000000000000000000000000000000000000000000000000000000000000000000000000000000000000000000000000000000000000000000000000000000000000000000000000000000000000000000000000000000000000000000000000000
00000000000000000000000000000000000000000000000000000000000000000000000000000000000000000000000000000000000000000000000000000000000000000000000000000000000000000000000000000000000000000000000000000000
00000000000000000000000000000000000000000000000000000000000000000000000000000000000000000000000000000000000000000000000000000000000000000000000000000000000000000000000000000000000000000000000000000000
00000000000000000000000000000000000000000000000000000000000000000000000000000000000000000000000000000000000000000000000000000000000000000000000000000000000000000000000000000000000000000000000000000000
00000000000000000000000000000000000000000000000000000000000000000000000000000000000000000000000000000000000000000000000000000000000000000000000000000000000000000000000000000000000000000000000000000000
00000000000000000000000000000000000000000000000000000000000000000000000000000000000000000000000000000000000000000000000000000000000000000000000000000000000000000000000000000000000000000000000000000000
00000000000000000000000000000000000000000000000000000000000000000000000000000000000000000000000000000000000000000000000000000000000000000000000000000000000000000000000000000000000000000000000000000000
00000000000000000000000000000000000000000000000000000000000000000000000000000000000000000000000000000000000000000000000000000000000000000000000000000000000000000000000000000000000000000000000000000000
00000000000000000000000000000000000000000000000000000000000000000000000000000000000000000000000000000000000000000000000000000000000000000000000000000000000000000000000000000000000000000000000000000000
00000000000000000000000000000000000000000000000000000000000000000000000000000000000000000000000000000000000000000000000000000000000000000000000000000000000000000000000000000000000000000000000000000000
00000000000000000000000000000000000000000000000000000000000000000000000000000000000000000000000000000000000000000000000000000000000000000000000000000000000000000000000000000000000000000000000000000000
00000000000000000000000000000000000000000000000000000000000000000000000000000000000000000000000000000000000000000000000000000000000000000000000000000000000000000000000000000000000000000000000000000000
00000000000000000000000000000000000000000000000000000000000000000000000000000000000000000000000000000000000000000000000000000000000000000000000000000000000000000000000000000000000000000000000000000000
00000000000000000000000000000000000000000000000000000000000000000000000000000000000000000000000000000000000000000000000000000000000000000000000000000000000000000000000000000000000000000000000000000000
00000000000000000000000000000000000000000000000000000000000000000000000000000000000000000000000000000000000000000000000000000000000000000000000000000000000000000000000000000000000000000000000000000000
00000000000000000000000000000000000000000000000000000000000000000000000000000000000000000000000000000000000000000000000000000000000000000000000000000000000000000000000000000000000000000000000000000000
00000000000000000000000000000000000000000000000000000000000000000000000000000000000000000000000000000000000000000000000000000000000000000000000000000000000000000000000000000000000000000000000000000000
00000000000000000000000000000000000000000000000000000000000000000000000000000000000000000000000000000000000000000000000000000000000000000000000000000000000000000000000000000000000000000000000000000000
00000000000000000000000000000000000000000000000000000000000000000000000000000000000000000000000000000000000000000000000000000000000000000000000000000000000000000000000000000000000000000000000000000000
00000000000000000000000000000000000000000000000000000000000000000000000000000000000000000000000000000000000000000000000000000000000000000000000000000000000000000000000000000000000000000000000000000000
00000000000000000000000000000000000000000000000000000000000000000000000000000000000000000000000000000000000000000000000000000000000000000000000000000000000000000000000000000000000000000000000000000000
00000000000000000000000000000000000000000000000000000000000000000000000000000000000000000000000000000000000000000000000000000000000000000000000000000000000000000000000000000000000000000000000000000000
00000000000000000000000000000000000000000000000000000000000000000000000000000000000000000000000000000000000000000000000000000000000000000000000000000000000000000000000000000000000000000000000000000000
00000000000000000000000000000000000000000000000000000000000000000000000000000000000000000000000000000000000000000000000000000000000000000000000000000000000000000000000000000000000000000000000000000000
00000000000000000000000000000000000000000000000000000000000000000000000000000000000000000000000000000000000000000000000000000000000000000000000000000000000000000000000000000000000000000000000000000000
00000000000000000000000000000000000000000000000000000000000000000000000000000000000000000000000000000000000000000000000000000000000000000000000000000000000000000000000000000000000000000000000000000000
00000000000000000000000000000000000000000000000000000000000000000000000000000000000000000000000000000000000000000000000000000000000000000000000000000000000000000000000000000000000000000000000000000000
00000000000000000000000000000000000000000000000000000000000000000000000000000000000000000000000000000000000000000000000000000000000000000000000000000000000000000000000000000000000000000000000000000000
00000000000000000000000000000000000000000000000000000000000000000000000000000000000000000000000000000000000000000000000000000000000000000000000000000000000000000000000000000000000000000000000000000000
00000000000000000000000000000000000000000000000000000000000000000000000000000000000000000000000000000000000000000000000000000000000000000000000000000000000000000000000000000000000000000000000000000000
00000000000000000000000000000000000000000000000000000000000000000000000000000000000000000000000000000000000000000000000000000000000000000000000000000000000000000000000000000000000000000000000000000000
00000000000000000000000000000000000000000000000000000000000000000000000000000000000000000000000000000000000000000000000000000000000000000000000000000000000000000000000000000000000000000000000000000000
00000000000000000000000000000000000000000000000000000000000000000000000000000000000000000000000000000000000000000000000000000000000000000000000000000000000000000000000000000000000000000000000000000000
00000000000000000000000000000000000000000000000000000000000000000000000000000000000000000000000000000000000000000000000000000000000000000000000000000000000000000000000000000000000000000000000000000000
00000000000000000000000000000000000000000000000000000000000000000000000000000000000000000000000000000000000000000000000000000000000000000000000000000000000000000000000000000000000000000000000000000000
00000000000000000000000000000000000000000000000000000000000000000000000000000000000000000000000000000000000000000000000000000000000000000000000000000000000000000000000000000000000000000000000000000000
00000000000000000000000000000000000000000000000000000000000000000000000000000000000000000000000000000000000000000000000000000000000000000000000000000000000000000000000000000000000000000000000000000000
00000000000000000000000000000000000000000000000000000000000000000000000000000000000000000000000000000000000000000000000000000000000000000000000000000000000000000000000000000000000000000000000000000000
00000000000000000000000000000000000000000000000000000000000000000000000000000000000000000000000000000000000000000000000000000000000000000000000000000000000000000000000000000000000000000000000000000000
00000000000000000000000000000000000000000000000000000000000000000000000000000000000000000000000000000000000000000000000000000000000000000000000000000000000000000000000000000000000000000000000000000000
00000000000000000000000000000000000000000000000000000000000000000000000000000000000000000000000000000000000000000000000000000000000000000000000000000000000000000000000000000000000000000000000000000000
00000000000000000000000000000000000000000000000000000000000000000000000000000000000000000000000000000000000000000000000000000000000000000000000000000000000000000000000000000000000000000000000000000000
00000000000000000000000000000000000000000000000000000000000000000000000000000000000000000000000000000000000000000000000000000000000000000000000000000000000000000000000000000000000000000000000000000000
00000000000000000000000000000000000000000000000000000000000000000000000000000000000000000000000000000000000000000000000000000000000000000000000000000000000000000000000000000000000000000000000000000000
00000000000000000000000000000000000000000000000000000000000000000000000000000000000000000000000000000000000000000000000000000000000000000000000000000000000000000000000000000000000000000000000000000000
00000000000000000000000000000000000000000000000000000000000000000000000000000000000000000000000000000000000000000000000000000000000000000000000000000000000000000000000000000000000000000000000000000000
00000000000000000000000000000000000000000000000000000000000000000000000000000000000000000000000000000000000000000000000000000000000000000000000000000000000000000000000000000000000000000000000000000000
00000000000000000000000000000000000000000000000000000000000000000000000000000000000000000000000000000000000000000000000000000000000000000000000000000000000000000000000000000000000000000000000000000000
00000000000000000000000000000000000000000000000000000000000000000000000000000000000000000000000000000000000000000000000000000000000000000000000000000000000000000000000000000000000000000000000000000000
00000000000000000000000000000000000000000000000000000000000000000000000000000000000000000000000000000000000000000000000000000000000000000000000000000000000000000000000000000000000000000000000000000000
00000000000000000000000000000000000000000000000000000000000000000000000000000000000000000000000000000000000000000000000000000000000000000000000000000000000000000000000000000000000000000000000000000000
00000000000000000000000000000000000000000000000000000000000000000000000000000000000000000000000000000000000000000000000000000000000000000000000000000000000000000000000000000000000000000000000000000000
00000000000000000000000000000000000000000000000000000000000000000000000000000000000000000000000000000000000000000000000000000000000000000000000000000000000000000000000000000000000000000000000000000000
00000000000000000000000000000000000000000000000000000000000000000000000000000000000000000000000000000000000000000000000000000000000000000000000000000000000000000000000000000000000000000000000000000000
00000000000000000000000000000000000000000000000000000000000000000000000000000000000000000000000000000000000000000000000000000000000000000000000000000000000000000000000000000000000000000000000000000000
00000000000000000000000000000000000000000000000000000000000000000000000000000000000000000000000000000000000000000000000000000000000000000000000000000000000000000000000000000000000000000000000000000000
00000000000000000000000000000000000000000000000000000000000000000000000000000000000000000000000000000000000000000000000000000000000000000000000000000000000000000000000000000000000000000000000000000000
00000000000000000000000000000000000000000000000000000000000000000000000000000000000000000000000000000000000000000000000000000000000000000000000000000000000000000000000000000000000000000000000000000000
00000000000000000000000000000000000000000000000000000000000000000000000000000000000000000000000000000000000000000000000000000000000000000000000000000000000000000000000000000000000000000000000000000000
00000000000000000000000000000000000000000000000000000000000000000000000000000000000000000000000000000000000000000000000000000000000000000000000000000000000000000000000000000000000000000000000000000000
00000000000000000000000000000000000000000000000000000000000000000000000000000000000000000000000000000000000000000000000000000000000000000000000000000000000000000000000000000000000000000000000000000000
00000000000000000000000000000000000000000000000000000000000000000000000000000000000000000000000000000000000000000000000002000000000000000000000000000000000000000000000000000000000000000000000000000000
00000022000000000000000000000000000000000000000000000000000000000000000000000000000000000000000000000000000000000000000000000000000000000000000000000000000000000000000000000000000000000000000000000000
00000022000000000000000000000000000000000000000000000000000000000000000000000000000000000000000000000000000000000000000000000000000000000000000000000000000000000000000000000000000000000000000000000000
00000000000000000000000000000000000000000000000000000000000000000000000000000000000000000000000000000000000000000000000000000000000000000000000000000000000000000000000000000000000000000000000000000000
00000000000000000000000000000000000000000000000000000000000000000000000000000000000000000000000000000000000000000000000000000000000000000000000000000000000000000000000000000000000000000000000000000000
00000000000000000000000000000000000000000000000000000000000000000000000000000000000000000000000000000000000000000000000000000000000000000000000000000000000000000000000000000000000000000000000000000000
00000000000000000000000000000000000000000000000000000000000000000000000000000000000000000000000000000000000000000000000000000000000000000000000000000000000000000000000000000000000000000000000000000000
00000000000000000000000000000000000000000000000000000000000000000000000000000000000000000000000000000000000000000000000000000000000000000000000000000000000000000000000000000000000000000000000000000000
00000000000000000000000000000000000000000000000000000000000000000000000000000000000000000000000000000000000000000000000000000000000000000000000000000000000000000000000000000000000000000000000000000000
00000000000000000000000000000000000000000000000000000000000000000000000000000000000000000000000000000000000000000000000000000000000000000000000000000000000000000000000000000000000000000000000000000000
00000000000000000000000000000000000000000000000000000000000000000000000000000000000000000000000000000000000000000000000000000000000000000000000000000000000000000000000000000000000000000000000000000000
22202200000000000000000000000000000000000000000000000000000000000000000000000000000000000000000000000000000000000002200000000000000000000000000000000000000000000000000000000000000000000000000000000000
22222200000000000000000000000000000000000000000000000000000000000000000000000000000000000000000000000000000000000002200200000000000000000000000000000000000000000000000000000000000000000000000000000000
22222200000000000000000000000000000000000000000000000000000000000000000000000000000000000000000000000000000000000000222200000000000000000000000000000000000000000020000000000000000000000000000000000000
22222200000000000000000000000000000000000000000000000000000000000000000000000000000000000000000000000000000000000000222200000000000000000000000000000000000000000220000000000000000000000000000000000000
22222200000000000000000000000000000000000000000000000000000000000000000000000000000000000000000000000000000000000000222202200000000000022000000000000000000000222220000000000000000000000000000000000000
22200000000000000000000000000000000000000000000000000000000000000000000000000000000000000000000000000000000000000220022222222000000000222000000000000000000000220000000000000000000000000000000000000000
22200000000000000000000000000000000000000000000000000000000000000000000000000000000000000000000000000000000000000220002200222000000000222000000000000000000002220000000000000000000000000000000000000000
20000022200000000000000000000000000000000000000000000000000000000000000000000000000000000000000000000000000000000222220000222000000000000000000000000000022222000002200000000000000000000000000000000000
20000022200000000000000000000000000000000000000000000000000000000000000000000000000000000000000000000000000000000002220022222200000002000000000000000000222222000002200000000000000000000000000000000000
00000000000000000000000000000000000000000000000000000000000000000000000000000000000000000000000000000000000000000222222202222200000020000000000000000000002220000000000000000000000000000000000000000000
22000222200000000022200000000000000000000000000000000000000000000000000000000000000000000000000000000000000000000222202002222220002200000000000000000022200000000000000000000000000000000000000000000000
20000222200000000002200000000000000000000000000000000000000000000000000000000000000000000000000000000000000000000222200000222220002200000000020000000022200000000000000000000000000000000000000000000000
20000222220220000000000000000000000000000000000000000000000000000000000000000000000000000000000000000000000000000222200222200220022200000222220000000000022000000000000000000000000000000000000000000000
20000222200220000000000000000000000000000000000000000000000000000000000000000000000000000000000000000000000000002222222222200220022200020222220000000000022000000000000000000000000000000000000000000000
22202000000000220000000000000000000000000000000000000000000000000000000000000000000000000000000000000000000000002222222222200000000022222022220000000000000000000000000000000000000000000000000000000000
22000002222000022200000000000000000000000000000000000000000000000000000000000000000000000000000000000000000000000200030000000000002220022222220000000000000000000000000000000000000000000000000000000000
00000002222000002220000000000000000000000000000000000000000000000000000000000000000000000000000000000000000000000200000000000000002222202222220000000000000000000000000000000000000000000000000000000000
20002200000000000220000000000000000000000000000000000000000000000000000000000000000000000000000000000000000000000022222200000000222222000220000000000000000000000000000000000000000000000000000000000000
20002200000000220220000000000000000000000000000000000000000000000000000000000000000000000000000000000000000000000022222200000000222220000200000000000000000000000000000000000000000000000000000000000000
20000000022002222222222000000000000000000000000000000000000000000000000000000000000000000000000000000000000000000002200000000000002220000000000000000000000000000000000000000000000000000000000000000000
02200022222222222222222222000000000000000222000000000000000000000000000002200000000000000000000000220330000000003002200000000000000000000000000000000000000000000000000000000000000000000000000000000000
02200222222222222222222222000000000000000222000000000000000000000000000002200000000000000000000000220333300000000003200000000000000000000000000000000000000000000000000000000000000000000000000000000000
00002222222222222222222222222000000000000222000000000000000002200022000220000000000000000000000000220333330000002000000002222000000000000000000000000000000000000000000000000000000000000000000000000000
00000022222222022222222222222000000002200000000000000000000002200022000220000002200000000000000003333333333330032000000002222000000000000000000000000000000000000000000000000000000000000000000000000000
20000222222202022222222222220000000002200000000000000000000022200000000220000022200000000000000033333333333333032000000022000000000000000000000000000000000000000000000000000220000000000000000000000000
00000022222220002222222222220000000000000000000000000220000020022000000000020000200000000000000033333333333003302002222222200000000000000000000000000000000000000000022200222000222000000000000000000000
00000002222220000002222222220000000000000000000000000220000020022000000000022222200000000000000033333330043300002002222222220000000000000000000000000000000000000000022202222000022000000000000000000000
00000000000000002202222222220000000002200000002200000000000000022202000000022222022220000000000023333333344422003333200000220000000000000000000000000000000000000000000222220000000000220000000000000000
00000000000000002200022222220000000002200000002200000000000000200200000022222222022220000000000022033333334434403332200000200000000000000000000000000000000000000000022222220000000000220000000000000000
00000000000000000000222200000000000002200000000220000000000000000000000022222222000000000002333033333333334444443320000022200000000000000000000000000000000000000000022200000000000022000000000000000000
00000000000000000000222000000000000000022000002222222000000000000000022222222202000000000023330333333333344444433432223222200000000000000000000000000000000000002200222000002220022000000000000000000000
00000000000000000000000000000000000000022000002222222000000000000000022222222200000000000222203323333003344444444434333222200000000000000000000000000000000000002200222000002220022000000000000000000000
00000000000000000000000000000000000000000000222222222200002200000000222222220000022000000022222022333303444444444444433322200220000000000000000000000000000000000000000200222222222222000000000000000000
00000000000000000000000000000000000000000000002222222200002200000000222222220000022000000002222023333034444444444444433322200220000000000000000000000000000000000000002200220222222222000000000000000000
00000000000000000000000000000000000002222220002222222222222200000002222222200000000000000000022203222333444444444444443302200000200000000000000000000000000000000000002200000002222022220220000000000000
00000000000000000000000000000000000000222222222222222222220000000002222222222022022000000000000333223333344444455444443333320222200000000000000220000000000000000000002200220002222000002220000000000000
00000000000000000000000000000000000000222222222222222220000000000022002222222022022000000000000323322333444444555554443333322222000000000000200220000000000000000000002200220002222000000000000000000000
00000000000000000000000000000000000000022222222222222220000000000022222222222000222000000002222232333333444444555555444333022220000000000222000000000000000000002222200000000000000000000000000000000000
00000000000000000000000000000000000000022222222222222220000000002222222222220222222000000022222232333333444445555555443300022220000000000222000000000000000000002202200000000000000000002000000000000000
00000000000000000000000000000000000000000000000000000000000000002222002222220022000000002002322222333333444445555555433300002000000000000000000000000000000000000020000000000002220200022000000000000000
00000000000000000000000000000000000000000000000000000000000000022222000222220022000000022222333233323333444445555555443330002000020000000000000000000000000000000020000000000002200200002000000000000000
00000000000000000000000000000000000000000000000000000000000000022222002222200000000000022222333332033333444455555555544333200222220000000000000000000000000000000000000000000000000000000000000000000000
00000000000000000000000000000000000000000000000000200000000000002220002222222222000000222203333322333334444455555555544423000022222220111000000000000000000000000000022000000000000022222220000000000000
00000000000000000000000000000000000000000000000000200000000000002200022222222222000000222200003333333334444445555555544422003332222222010000000000011000000000000000022200000000000222222220000000000000
00000000000000000000000000000000000000000000000000000000000000000000022222200000000000000022233333333334444444555555443300200333222222222000000000000000000000000000000022000000022222220000000000000000
00000000000000000000000000000000000000000000000000000000000000000000222222200000000000000033323333333334444444455555443202200222222222222000000000000000000000000000000022200000222222220000000000000000
00000000000000000000000000000000000000000000000000000000000000000000222220000000000000000003300333333333444444444544443322222223322222222200000000000000000000000000000000000000000000222000000000000000
00000000000000000000000000000000000000000000000000000000000000000000000220000000000000000003303333333333344444444444444332233330012222222200000000020000000000000000000000000000000000000000000000000000
00000000000000000000000000000000000000000000000000000000000000000000000220000000000000000003330223333333344344444444444431123222112222222220000000020000000000000000000000000000000000000000000000000000
00000000000000000000000000000000000000000000000000000000000000000000000020000000000000000030333322333333223334444444444433112221211222222222000002200000000000000000000000000000000000000000022200000000
00000000000000000000000000000000000000000000000000000000000000000000000022000000000000000003022333333332233334444444444433311221122222222222000002200000000000000000000000000000000000000000022200000000
00000000000000000000000000000000000000000000000000000000000000000000000000000000000000000002200303333222333333444444444333322222222222222222001220000000000000000000000000000000000000000333322200000222
00000000000000000000000000000000000000000000000000000000000000000000000000000000000000000000000333300002333333344444333333333222222222222220222000000000000000000000000000000000000000000333002200022202
00000000000000000000000000000000000000000000000000000000000000000000000000000000000000000000000300000003333333334444333333333222222222222221222220000000000000000000000000000000000000000000002200022000
00000000000000000000000000000000000000000000000000000000000000000000000000000000000000000000000032000223333333333334333333333322222222222221222222220000000000000000000000000000000000000000000000022220
00000000000000000000000000000000000000000000000000000000000000000000000000000000000000000000000022000222333333333333333333333331222222222222222222220000000000000000000000000000000000000000000000022222
00000000000000000000000000000000000000000000000000000000000000000000000000000000000000000002222000000222233333333333333333333331222222222222222222200000200000000000000000002222000000000000000000000002
00000000000000000000000000000000000000000000000000000000000000000000000000000000000000000000030000000222222333333333333333333111222222222222220020000000000000000000000000000232232000000000000000000202
00000000000000000000000000000000000000000000000000000000000000000000000000000000000000000000000000000222332233333333333333333111122222222222120000000000000000000000000000000232222000000000000000002222
00000000000000000000000000000000000000000000000000000000000000000000000000000000000000000000000000000022222233333333333133333333122222222222122000022222000000000000000003330003200000000000000000022002
00000000000000000000000000000000000000000000000000000000000000000000000000000000000000000000000000000002223322333333333133331331122222222222220000022222000000000000000000333002200000000000000000022000
00000000000000000000000000000000000000000000000000000000000000000000000000000000000000000000000000000000023333333333333333333331312222222221000000000000000000000000000000233334200300000000000000000000
00000000000000000000000000000000000000000000000000000000000000000000000000000000000000000000000000000000000003333333333333333331112222122221122220022000000000000000000000000333344244322222200022000000
00000000000000000000000000000000000000000000000000000000000000000000000000000000000000000000000000000000000000003333333333333333111112111221122220022222000000000000000000000233344444442232200022000000
00000000000000000000000000000000000000000000000000000000000000000000000000000000000000000000000000000000000000000003333333333333111112211221122200022222200220000000000000000033443444440000020000000000
00000000000000000000000000000000000000000000000000000000000000000000000000000000000000000000000000000000000000000000033331333333111122221222122222222222222220000000000000000033344444420033320000000000
00000000000000000000000000000000000000000000000000000000000000000000000000000000000000000000000000000000000000000000000011133333311222221122222222222222222220000000000023333444344444440344220000000000
00000000000000000000000000000000000000000000000000000000000000000000000000000000000000000000000000000000000000000000000000013333331222221122222222222222222222220000000000003444444444444432220000000220
00000000000000000000000000000000000000000000000000000000000000000000000000000000000000000000000000000000000000000000000000000111133222222012222222222222222220220000000000000004444445454422220000000220
00000000000000000000000000000000000000000000000000000000000000000000000000000000000000000000000000000000000000000000000000000000111112222012222222222222222220000000000000003343344455555322220000022000
00000000000000000000000000000000000000000000000000000000000000000000000000000000000000000000000000000000000000000000000000000000002111122222221222222222022220000000000000000222444455554222220000022000
00000000000000000000000000000000000000000000000000000000000000000000000000000000000000000000000000000000000000000000000000000000000000022222221122222222000022200000000022223234444455554020001200203002
00000000000000000000000000000000000000000000000000000000000000000000000000000000000000000000000000000000000000000000000000000000000000000020022220022200000002220000002222224334444555550220002200000000
00000000000000000000000000000000000000000000000000000000000000000000000000000000000000000000000000000000000000000000000000000000000000000000000210222200000000220020002222224434444555554430032200000000
00000000000000000000000000000000000000000000000000000000000000000000000000000000000000000000000000000000000000000000000000000000000000000000000000022222000000222220022222224444445555554445030033200002
00000000000000000000000000000000000000000000000000000000000000000000000000000000000000000000000000000000000000000000000000000000000000000000000000002222200000222220022222324444455555555543333334200002
00000000000000000000000000000000000000000000000000000000000000000000000000000000000000000000000000000000000000000000000000000000000000000000000000000222222000222222333333444444455555555554444334200002