33333333333320232233433003300002223333333333330030000000023330000000000000000000000000000000000000000000000000000000000000000000000000000000000000000000000000000000000000000000000000000000000000000000
33333333333300000003433333303333333333333333333333303300000333000000000000000000000000000000000000000000000000000000000000000000000000000000000000000000000000000000000000000000000000000000000000000000
33333333333333333334433333333333333333333333333333300333002002330000000000000000000000000000000000000000000000000000000000000000000000000000000000000000000000000000000000000000000000000000000000000000
43333333333333333334433333333333333333333333333333332000300000003000000000000000000000000000000000000000000000000000000000000000000000000000000000000000000000000000000000000000000000000000000000000000
33333333333333333334444333333333323333333333333333322330000000200000000000000000000000000000000000000000000000000000000000000000000000000000000000000000000000000000000000000000000000000000000000000000
33333333333333333444444443333333333333333333333333332303000003200000000233000000000000000000000000000000000000000000000000000000000000000000000000000000000000000000000000000000000000000000000000000000
33333333333333344433344444333333333333333333333333333000000033003330000000000000000000000000000000000000000000000000000000000000000000000000000000000000000000000000000000000000000000000000000000000000
43333333333333444333333344333333333333333333333333333303200033230330000000000000000000000000000000000000000000000000000000000000000000000000000000000000000000000000000000000000000000000000000000000000
43333333333333444443333334433333333333333333333333333303300333300000000000000000000000000000000000000000000000000000000000000000000000000000000000000000000000000000000000000000000000000000000000000000
33333333344334444444343334433444333333333333333333333333000000000000000000000000000000000000000000000000000000000000000000000000000000000000000000000000000000000000000000000000000000000000000000000000
33333333444444444444443333334444433333333333333333333302002003322000000330000000000000000000000000000000000000000000000000000000000000000000000000000000000000000000000000000000000000000000000000000000
33333334444443334444443334333344444333333333333333333333303323302000000003300000000000000000000000000000000000000000000000000000000000000000000000000000000000000000000000000000000000000000000000000000
43333444334433333444443334443333344333333333333333333333300033202000000000200000000000000000000000000000000000000000000000000000000000000000000000000000000000000000000000000000000000000000000000000000
34433444334433333444443334443333333333333333333333333000030003030000000000000000000000000000000000000000000000000000000000000000000000000000000000000000000000000000000000000000000000000000000000000000
03334444444433343434443333333333333333333333333333332000003003302000000000000000000000000000000000000000000000000000000000000000000000000000000000000000000000000000000000000000000000000000000000000000
03334444444433334443443333333333333333333333333333330000033333320000000000000000000000000000000000000000000000000000000000000000000000000000000000000000000000000000000000000000000000000000000000000000
03344334444443344443344333333333333333203333333302333000033332320000000000000000000000000000000000000000000000000000000000000000000000000000000000000000000000000000000000000000000000000000000000000000
03334333444443333433334333333333333333330222333302033000333333333020000000000000000000000000000000000000000000000000000000000000000000000000000000000000000000000000000000000000000000000000000000000000
33344333444443333333333333233333344333333333330330033203333333333300003000000000000000000000000000000000000000000000000000000000000000000000000000000000000000000000000000000000000000000000000000000000
44433333444443333333333332320333333333333333333333333303333333333333000000000000000000000000000000000000000000000000000000000000000000000000000000000000000000000000000000000000000000000000000000000000
44433333444443333333333300022332333333333333333333333333333002200002300000000000000000000000000000000000000000000000000000000000000000000000000000000000000000000000000000000000000000000000000000000000
34443444444443333333443000003333300333333333333333333333000000000000000000000000000000000000000000000000000000000000000000000000000000000000000000000000000000000000000000000000000000000000000000000000
34444444444443333333433002200333333333333333333333333300000000000000000000000000000000000000000000000000000000000000000000000000000000000000000000000000000000000000000000000000000000000000000000000000
44444444444433343444433002000033333333333333333333333000000000000000000000000000000000000000000000000000000000000000000000000000000000000000000000000000000000000000000000000000000000000000000000000000
44444444444443443444330020000000333333333322333330000000000000000000000000000000000000000000000000000000000000000000000000000000000000000000000000000000000000000000000000000000000000000000000000000000
44444444444444443333320330000000233333333333302200000000000000000000000000000000000000000000000000000000000000000000000000000000000000000000000000000000000000000000000000000000000000000000000000000000
44444444334444443333332333300020233333333333330000000000000000000000000000000000000000000000000000000000000000000000000000000000000000000000000000000000000000000000000000000000000000000000000000000000
44444444334444443333333333000002233333333333333000000000000000000000000000000000000000000000000000000000000000000000000000000000000000000000000000000000000000000000000000000000000000000000000000000000
44444444344444443333333333000000003333333333333200000000000000000000000000000000000000000000000000000000000000000000000000000000000000000000000000000000000000000000000000000000000000000000000000000000
44444443444444444333333333000000233333333200333300000000000000000000000000000000000000000000000000000000000000000000000000000000000000000000000000000000000000000000000000000000000000000000000000000000
44444444444444444444333333000000003000000000333330000000000000000000000000000000000000000000000000000000000000000000000000000000000000000000000000000000000000000000000000000000000000000000000000000000
44444444444444444434333333300000000000000000333300000000000000000000000000000000000000000000000000000002200000000000000000000000000000000000000000000000000000000000000000000000000000000000000000000000
44444444444444444443333333320000020000000023333333000000000000000000000000000000000000000000000000000022222200000000000000000000000000000000000000000000000000000000000000000000000000000000000000000000
54444444444444444444333333220000020000000033333333000000000000000000000000000000000000000000000000000022022200000000000000000000000000000000000000000000000000000000000000000000000000000000000000000000
54444444433444333333433333320000000000000033333333300000000000000000000000000000000000000000000000000202222220000000000000000000000000000000000000000000000000000000000000000000000000000000000000000000
55444444443344333333333333220000000000000203333333303300000000000000000000000000000000000000000000000202222222000000000000000000000000000000000000000000000000000000000000000000000000000000000000000000
54444444444444333333333330000000000000000000333333333300000000000000000000000000000000000000000000000222222222200000000000000000000000000000000000000000000000000000000000000000000000000000000000000000
54444444444444333333333302220000000003000033333333333000000000000000000000000000000000000000000000000222222222220000000000000000000000000000000000000000000000000000000000000000000000000000000000000000
44444444444444433333333000320000000000000333333333330000000000000000000000000000000000000000000000002222222222200000000000000000000000000000000000000000000000000000000000000000000000000000000000000000
44444444444444434444330203320000000000033300033333300000000000000000000000000000000000000000000000022222222222200000000000000000000000000000000000000000000000000000000000000000000000000000000000000000
55554444444444444443330033300000000003333332000033333200000000000000000000000000000000000000000000022222222222220000000000000000000000000000000000000000000000000000000000000000000000000000000000000000
54444444444444444433330000000000000033333332000000000000000000000000000000000000000000000000000000022222222200000000000000000000000000000000000000000000000000000000000000000000000000000000000000000000
54444444444444444444433033000000000033333333000000000000000000000000000000000000000000000000000000022222222200000000000000000000000000000000000000000000000000000000000000000000000000000000000000000000
54444444444444444444443333203300000033333333000000000000000000000000000000000000000000000000000000002222222020000000000000000000000000000000000000000000000000000000000000000000000000000000000000000000
44444444444444444444443333333333000333333333200000000000000000000000000000000000000000000000000000002222222020000000000000000000000000000000000000000000000000000000000000000000000000000000000000000000
44444444444444444444444443333333002333333333000000000000000000000000000000000000000000000000000000020200000000000000000000000000000000000000000000000000000000000000000000000000000000000000000000000000
44444444444444444444444443333333333333333332200000000000000000000000000000000000000000000000000000000000000000000000000000000000000000000000000000000000000000000000000000000000000000000000000000000000
44444444444444444444443333333333333333333330000000000000000000000000000000000000000000000000000000000000020000000000000000000000000000000000000000000000000000000000000000000000000000000000000000000000
44554444444444444444444333333333333333333300000000000000000000000000000000000000000000000000000000000000200000000000000000000000000000000000000000000000000000000000000000000000000000000000000000000000
44555444444444444444433333333333333333333000000000000000000000000000000000000000000000000000000000002000000000000000000000000000000000000000000000000000000000000000000000000000000000000000000000000000
54444444444444444443444333333333333333033000000000000000000000000000000000000000000000000000000000022200000000000000000000000000000000000000000000000000000000000000000000000000000000000000000000000000
55444555444444444443344333333333333320033300000000000000000000000000000000000000000000000000000000000000200000000000000000000000000000000000000000000000000000000000000000000000000000000000000000000000
55545555444444444443333333333303333202033330000000000000000000000000000000000000000000000000000000000200000000000000000000000000000000000000000000000000000000000000000000000000000000000000000000000000
55555555444444434444443333333333333202000033000000000000000000000000000000000000000000000000000000000000000000000000000000000000000000000000000000000000000000000000000000000000000000000000000000000000
55555555444444433444333333333333333333000000300000000000000000000000000000000000000000000000000000000000000000000000000000000000000000000000000000000000000000000000000000000000000000000000000000000000
55555555444444333343333333333333333333002200332000000000000000000000000000000000000000000000000000000000000000000000000000000000000000000000000000000000000000000000000000000000000000000000000000000000
55555555444444333333333333333333333333333000033000000000000000000000000000000000000000000000000000000000000000000000000000000000000000000000000000000000000000000000000000000000000000000000000000000000
55555554444444333333333333333333333333333200003300000000000000000000000000000000000000000000000000000000000000000000000000000000000000000000000000000000000000000000000000000000000000000000000000000000
55555554444444433333333333333333333322333000000002000000000000000000000000000000000000000000000000000000000000000000000000000000000000000000000000000000000000000000000000000000000000000000000000000000
55555544444444433333333333333330002222033000000002000000000000000000000000000000000000000000000000000000000000000000000000000000000000000000000000000000000000000000000000000000000000000000000000000000
55555444444444443333333333333300000000000000000000000000000000000000000000000000000000000000000000000000000000000000000000000000000000000000000000000000000000000000000000000000000000000000000000000000
55554444444444444444333333333300000000000000000000000000000000000000000000000000000000000000000000000000000000000000000000000000000000000000000000000000000000000000000000000000000000000000000000000000
55555444444444444444444433333000000000000000000000000000000000000000000000000000000000000000000000000000000000000000000000000000000000000000000000000000000000000000000000000000000000000000000000000000
55555554444444444444444444333330000000000000000000000000000000000000000000000000000000000000000000000000000000000000000000000000000000000000000000000000000000000000000000000000000000000000000000000000
55555555444444444444444444443333000000000000000000000000000000000000000000000000000000000000000000000000000000000000000000000000000000000000000000000000000000000000000000000000000000000000000000000000
55555555554444444444444444443333000000000000000000000000000000000000000000000000000000000000000000000000000000000000000000000000000000000000000000000000000000000000000000000000000000000000000000000000
55555555554444444444444444444433300002000022000000000000000000000000000000000000000000000000000000000000000000000000000000000000000000000000000000000000000000000000000000000000000000000000000000000000
55555555555444444444444444444333333333333333000000000000000000000000000000000000000000000000000000000000000000000000000000000000000000000000000000000000000000000000000000000000000000000000000000000000
55555555555444444444444444443333333333333333200000000000000000000000000000000000000000000000000000000000000000000000000000000000000000000000000000000000000000000000000000000000000000000000000000000000
55555555555444444444444444443333333333333332000000000000000000000000000000000000000000000000000000000000000000000000000000000000000000000000000000000000000000000000000000000000000000000000000000000000
55555555554444444444444444444333333333333000000000000000000000000000000000000000000000000000000000000000000000000000000000000000000000000000000000000000000000000000000000000000000000000000000000000000
55555555554444444444444444444333333333330000000000000000000000000000000000000000000000000000000000000000000000000000000000000000000000000000000000000000000000000000000000000000000000000000000000000000
55555555554444444444444444444433333333330000000000000000000000000000000000000000000000000000000000000000000000000000000000000000000000000000000000000000000000000000000000000000000000000000000000000000
45555555555544444444444444444433333333333300302000000002222000000000000000000000000000000000000000222200000000000000000000000000000000000000000000000000000000000000000000000000000000000000000000000000
44455555554444444444444444444433333333333330000000000022220000000000000000000000000000000000000222222222200000000000000000000000000000000000000000000000000000000000000000000000000000000000000000000000
44445445544444444444444444444433333333333300000222222222222222222000000000000000000000000000000222222222222000000000000000000000000000000000000000000000000000000000000000000000000000000000000000000000
44444455544444444444444444444333333433200000000222222222222222222000000000000000000000000000002222222222222000000000000000000000000000000000000000000000000000000000000000000000000000000000000000000000
44444454444444444444444444444433334432000000002222222222222222200000000000000000000000000000022222222222222200000000000000000000000000000000000000000000000000000000000000000000000000000000000000000000
44444444444444444444444444444433333332000000222222222222222222222222200000000000000000000002222222222222202200000000000000000000000000000000000000000000000000000000000020000000000000000000000000000000
44444433444444444444444444444443333330000200222222222222222222222222220000000000000000000002222222222222220000000000000000000000000000000000000000000000000000000000000000000000000000000000000000000000
34444443344444444444444444444444330300002202222222222222222222222222222202020000200000000002222222222222200000000000000000000000000000000000000000000000000000000000000002000002000000000000000000000000
34444443334444444444444444444444330000000000222222222222222222222222222000220000200020000000222222222200000000000000000000000000000000000000000000000000000000000000000222222000000002200000000000000000
44444443333334444444444444333322300000220000222222222222222222222222222222220000200022200000222222222200000000000000000000000000000000000000000000000000000000000000002222222202220002200000000000000000
44443433333034444432233333322222220020222222222222222222222222222222222222220000000022000000022222222200000000000000000000000000000000000000000000000000000000000000022222222202220022222220000200000000
44333433333333444332223222222222222220022222222222222222222222222222222220000000000020000000022222222200000000000000000000000000000000000000000000000000000000000000022222222200222002222222002200000000
44344444433333333322222222222222222220022222222222222222222222222022222200200000020220002000000000220000000000000000000000000000000000000000000000000000000000000000222222222220222002222222222000000000
43344444433333333333222222222222222222222222222222222222222022200002200000000000020220000000000000202000000000000000000000000000000000000000000000000000000000000022222222222202220000222222222000000000
34444444433333333333222222222222222222222222222222222222200000000000220000000000000000000000000000000000000000000000000000000000000000000000000000000000000000000000222222222002220000222222220000000000
33444444433333333322222222222222222222222222222222222222000000000000022200020000000000000000000000000000000000000000000000000000000000000000000000000000000000000000002222202200220000222222222000000000
44444444433333333322222222222222222222222222222222222223320000000000000000000000000000000000000000000000000000000000000000000000000000000000000000000000000000000000000222000000220000022222222220000000
44444444433333333332223322222222222222220200222222222223333000000000000000000000000000000000000000000000000000000000000000000000000000000000000000000000000000000000000220000000000000222222222220000000
43444444443333333333322222222222222222220000222222222223330000000000000000000000000000000000000000000000000000000000000000000000000000000000000000000000000000000000000002000000020000022222222220000000
44444444443333333333332222222222222222220000022200222203333002000000000000000000000000000000000000000000000000000000000000000000000000000000000000000000000000000000000000000000000000222222200220000000
33344444344433333333332222222222222222220000022200222202333002000000000000000000000000000000000000000000000000000000000000000000000000000000000000000000000000000000000000000000000000222222200220000000
44444444444433333333322022222222222222222002222222222200233000000000000000000000000000000000000000000000000000000000000000000000000000000000000000000000000000000000000000000000000222222220000000000000
44444444444444333333222222222222222222222222222222222220033000000000000000000000000000000000000000000000000000000000000000000000000000000000000000000000000000000000000000000000000002200000000000000000
34444444444444333330222022222022222222222222222222222220023300000000000000000000000000000000000000000000000000000000000000000000000000000000000000000000000000000000000000000000000002000000000000000000
44444444444444333330222222222200222200222222222222222200003300000000000000000000000000000000000000000000000000000000000000000000000000000000000000000000000000000000000000000000000000000000000000000000
44444444444444333320222222222220222222222222222222222000003300000000000000000000000000000000000000000000000000000000000000000000000000000000000000000000000000000000000000000000000000000000000000000000
44444444444444333302222222222222222222222222222222220220003000000000000000000000000000000000000000000000000000000000000000000000000000000000000000000000000000000000000000000000000000000000000000000000
44444444444433333332222200222222222022222222222222022200000000000000000000000020000000000000000000000000000000000000000000000000000000000000000000000000000220000000000000000000000000000000000000000000
44444444444443333222222220222222222222222222222222022200000000000000000000000020000000000000000000000000000000000000000000000000000000000000000000000000000220000000000000000000000000000000000000000000
44444444444444333022220222222222222222222222222222220220000000000000000000000000000000000000000000000000000000000000000000000000000000000000000000000000000000000000000000000000000000000000000000000000
44444455544443333222200002202222222222222222222222200000000000000000220000000000000000000000000000000000000000000000000020000000000000000000000000000000000002020000000000000000000220002200000000000000
44444455555444333222002000000002222222222222222220000000000000000000000000000000000000000000000000000000000000000000002222002220000000000000000000000000000000020000000000000000000222002222200000000000
44444555555444333222222200000002222222222222222222300000000000000000000000000000000000000000000000000000000000000000202222222220000000000000000000000002000000022000000000000000000220002222222222220000
44444555555544333332222200000000222222222222222222300000030000020000000000000000000000000000000000000000000000000000002222222222000000000000000000000000002222200222000000000000000220002222222222200000
44445555555544333332222220000000022222222222222222222022033002222222220200022200000000000000000000000000000000000002222222222222000000000000000002200002002222220022200000000000000220000222222002200000
44445555555544333322220000000000002222222222222200000000000002022222000002222200020200000000000000000000000000000002222222222220000000000000000000220002222222222022220020000002200000000220000200000000
34444555555544333330220000000000000002222222223333200000000000020000002000000000022200000000000000000000000000000002222222222222000000000000002200020002222022220222222220000022002000000000000200000000
33444455555443333330200000000000000002222222222022200000000020020002202000000000002000000000000000000000000000000002222222222222000000000000002200022022222220022222222220000002002000000000000200000000
33344445555443333333000000000000000022222222222000000000000220000002200022222220000000000000000000000000000000000000222222222222000000000000200000002022222222222222222222000022202220000000000000000000
33444455555543333333000000000000000022222222220020003333000222020000222002222222200000002220000000000000000000000002222222222022000000000000000000002002222222222000222222000022220022000000000200000000
33444555555544333333300000000000000022222222220002223330000000000020002222000000222222022020000000000000000000000000222222220022000000000000000002200002222222222222222222000022222220022000000220000000
34444555555444333333300000000000000000220002220002000330000000000220222220000000022200000000000000000000000000000000222222220000000000200000002022222222222222222222222220000222222220022222022200000000
34444555555444333333300000000000000000020000000000000000000000000000000000000000002000000000000000000000000000000000000222000000000000022200000022222222222222222222222220022222222222222222222200000000
44444455555443333332000000000000000000220000000000000000000000000000000000000000000000000000000000000000000000000000000000000000000000000020022200222222222222222222222202222222222222222222222000000000
44444455555443332333000000000000000000000022220000000000000000000000000000000000000000000020000000000000000000000000000000000000000000000000022220222222222222222222222200222222222222222222222000000000
44444444444443333320000000000000000000000022220000000000000000000000000000000000000000000020000000000000000000000000000000000000000000000000000220022222222222222222222222222222222222222222222000000000
44444444444333333330000000000000000000020022220000000000000000000000000000000000000000000000000000000000000000000000000000000000000000000000002220222222222222222222222222222222222222222222220000000000
44444444444333333323200000000000000000000022222000000000000000000000000000000000000000000200000000000000000000000000000000000000000000000000002220222222222222222222222222222222222222222222220000000000
44444444444333333323000000000000000000022000000000000000000000000000000000000000000002020000000000000000000000000000000000000000000000022200022200022222222222222222222222222222222222222222220000000000
44444434444333333333000000000000000000022200000000000000000000000000000000000000002222222000000000000000000000000000000000000000000000002220220200002222222222222222222222222222222222222220020000000000
44444344444333333333220000000000000000002000000000000000200000000000000000002222222222222220000000000000000000000000200000222200000000202222020020002222222222222222222222222222222222222000000000000000
44444444444433333332000000000000002222222000000000000000222220000000000000022222222222222000222000000000000000000002222220022200000002002222220020000222222002222222222222222222222222002000000000000000
44444444444433333333220000000000002222222200000000000000022222000000000002200222222222220000000000000000000000000022222222222200220000000222220000022022222222222222222222222222222200020000000000220000
44444444444443333333200000000200022222200000000000000000022222222000000002222222222222222000000000000000000000000222222222222222222000000022222022222222222222222222222222222222222200000000000000220000
44444444444443333333200000000200022222220000000000002200022222222000000002222222222222222200000000000000000000000222222222222222222000000000222222220222222222222222222222222222222000000000000000200000
44444444444444333333000000000020222222222000000200022000022222222220000022222222222222222220000000000000000000000222222222222222000000000000000222220022222022222222222222222222220000000000000002200000
44444444444444433333200000022222222222222000220000000033333332222220222222222222222222222222000000000000000020000022222222222222022222002200000022220022022222222222222222222222200000000000000002200000
44444444444444333332200000022222222222222222222220222333333333222222222222222222222222222222000000000000000000022222220222222222222222222222200022200002222222222222222222222222200000000000000000200000
44445555444444333332200000022222222222200222222200003333333333222022222222222222222222222220000000000000000000022222222222222222222022222202222002200000022222222222222202222222200000000000000002200000
44455555544444333330000000022222222222200222222000000333333330222222222222222222222222222222000000000000000000002222222222222222222222222200002220000000000222222222000000022222000002000000000000000000
44555555554444333330200000002222222222200332222222200222033220000002222222222222222222222220000000000000002000002222222222222222222222222222222222200000222222222222000222022220002022000000000000000000
44555555555444333333300000032222222222223332222222000222233222200002222222222222222222220000000000000000000000222220222222222222222222222222222222200000000222222222202222222000002222000000000000000000
44555555555444333333333000032233222222333322222222200222232222220200002222222222222222200000000000000000000002200220222222222222222220222222222200000000000002222222222222222200022220000000000000000000
44555555555444333333333000332223322223333332333333223333332000220200022222222222222222200000000000000000000002000022222222222222222222222222222200000000000002222000222222222202222220000000000000000000
44455555555444444333333003332222222223333333333333333333332200000000222222222222222222200000000000000000000002000002222222222222222222222222222000000002220022222202222222222222222000000000000000000000
44445555555544444433333333333332333333333333333333333333332222222000222222222222222222000000000000000000000202000002222222222222222222222222200000002002022000002222222222222222220000000000000000000000
44444455555555444443333333333333333333333333333333333333332222220000002222222222222222000000000000000000000002000222222222222222222222222222220000000000000000002222222222222222200000000000000000000000
33344455555555444443333333333333333333333333333333333333333323322222222222222222222222220000000000000000000002222002222222222222222222222222220000000000000000000222222222022222000000000000000000000000
33334455555555444443333333333333333333333333333333333333333333222222222222222222222222220000000000000000000002002002222222222222222222222222200200000000000000002222222222022222000220000000000000000000
33344455555554444444333333333333333333333333333333333333333333222222222222222222222222220000000000000000000000022202222222222222222222222222220200000000000000022222222222000222222000000000000000000000
33344445555554444444433333334333333333333333333333333333333333222222222222222222222222222000000000000000000000222220222222222222222222222222222000000000000000002222222222220222222200000000000000000000
33344444555554444444433333344333333344444433333333333333333333322222222222222222222222222000000000000000000000222222222222222222222222222222222000000000000000002222222222220222222200000000000000000000
33344444454444444444443333444333333444444443333333333333333333322222222222222222222222222000000000000000000000000222222222222222222222222222000000000000000000002222222222222022222222200000000000000000
33344444444444444444443333444443334444444444333333333332333333222222222222222222222222220000000000000000000000000022220222222222222222222222200000000000000000000222222222222222222220000000000000000000
33344444444444444444433334444444444444444444433333333322233322232222222222222222222222222000000000000000000000000020220222222222222222222222220000000000000000000222222222222222222222000000000000000000
33334444444444444444433344444444444444444444433333333222222212232222222222222222222022222000000000000000000000000002020020022222222222222200200000000000000000000022222222222222222220000000000000000000
34334444444444444444443344444444444444444443333333333222222112222222220022222222222022222222000000000000000000000000022022022222222222222220000000000000000000000022222222222222222220000000000000000000
34433343444444444444444444444444444444444433333333332222222112222222222022222222222222222222000000000000000020000220022222022222222222222220000000000000000000000000222222222222222220000000002000000000
33433343344444444444444444444554455444444433333333332222222222222222220222222222202222222220200000002000000000222022222222222222222222222220000000000000000000000000022222222222222222002000002000000000
33433333344444444444444444445555555544444433334333322222222222222222222000020000202222222200200000222200002222222222222222222222222222222220000000000000000000000000022222222222222222002200002000000000
33433333334444444444454455555555555544444333334433132222222222222222222000020000202222222200200000222220022222222222222222222222222222222220000000000000000000000000022222222222222222002200002000000000
34443333334444444444555555555555555444444444443332132223333333222222222200000000000222222000200202222222222222222222222222222222222222222220022000000000000000000000022222222222222222000200000000000000
34444333344444444445555555555555555444444444333332222222223333222222220000000000200222222002022222222222222222222222222222222222222222222222022222000000000000000000002222222222222220222200000000000000
33333333333344444445555555555555544444444444333322222222222333322222222200000000000222220020222222200222222222222222222222222222222222222222222222002000000000000000002222222222222222222200000000000000
33333333333334444444555555554455444444444433333222222222223333333222220000000002202222222200022222222202222222000222222222222222222222222222222220002000000000000000000222222222222222200200000000000000
33333333333334444444455555455544444444444433333222222222222333333322222000000002002220020000222222222222222222222222222222222222222222222222222202220000000000000000000022222222000022220000000000000000
22233333333333444344455555455554443344444333333222222222222333333322222200000002200000000000222202002222222222222222222222222222222222222222222222222220000000000000000002000222000022200000000000000000
22333333333333334444455555555544433333333333333322222222222333333332222200022200220000020000222222022222222022222222222222222222222222222222222222222200000000000000000000000000000022200000000000000000
22222333333333344444555554555554443333333333333332222222222333333332222200022200020000020000222222222222222202222202222222222222222222202222222222222200000000000000000000000000000002200000000000000000
22222223333333344444555555555554444333333333333333222222222333333333222222000002222000000000222222222222222202222202222222222222222222222022222200222220000000000000000000000000000002000000000000000000
22222223333333444444555555554554444443333333333333222222222333333333222200000002222220000000022022222222222222222200222222222222222222222022222000222222200000000000000000000000000000000000000000000000
22222233333333444445555555555555444444333333333333322222222222333332222200020000022200000000002222222222222222222222222222222220222222222222222000022222200000000000000000000000000000000000000000000000
22333233333333444445555555555555554444433333333333322222222222333332222220220000002200000000000222222222222222222222222222222222222222222222222200222222200000000222200000000000000000000000000000000000
22233223333333344445555554555555554444433333333333332222333333333332222222222000000000000000000002222222222222222022222222222222222222222222222222220000000000002222222000000000000000000000000000000000
22223323333333334444445544445555554444433333333333333333333333333333222222222220020000000000000002222222222222222222222222222222222222222222222222222000000000022222222200000000000000000000000200000000
22222322333333333344444444444444444444443333333333333333333333333333322222222200000000000000000000222222222222222222222222200222222222222222222222222000000000222222222000000000000000000000000020200000
22222222233333333334444444444445444444443333333333333333333333333333332222220000020000000000000000222222222222222222222222000222222222222222222222222020000000022222220000000000000000000000000000000000
22222202223333333333344444344455555544443333333333333333333333333333322222220000020000000000000000222222222222222222222220000222222222222222222222222022000000022222200000000000000000000000000000000000
02000202222333333333333333334445555544443333333333333333333333333333322222220000020000000000000000022202222220222222222220000002222222222222222222222022022002022222200000000000020000000000000000222000
00000022220333333333333333334444444444433333333333333333333333333333332222222200000000000000000000000000222000002222220000000002222222222222222222222020000000022222200000000000000002200000000002222222
00000022220333333333333344333334455444433333333333333333333333333333332222222220000000000000000000000000000000002222220220000002222222222222222222222022200002002222200200000000000002220000000000002202
00000000000033333333333334333344455444433333333333333333333333333333333333333333000000000000000000000000000200000222200000000202222222222222222222222022222000002222000000000200000000220000000000000000
00002000000033333333333333333344444444443333333333333333333333333333333333223332000000000000000000000000000000000222000000000222222222222222222222222222222000022200000000220000000000000000000000000000
00002000000033333333333333333344444444443333333333333333333333333333333333333330000000020000000000000000000020002220020000000022222222222222222222222222222002002000020222200220000000000000022000000000
00002200000023333333333333333344444444443333333333333333333333333333333333333222022002220000000000000000000030002220000000000222222222222222222222222222022022222000000222200020202222000000000000002220
00000200000223333333333333333334444444433333333333333333333333333333333333332222033302220000000000000000000020002020000000000222222222222222222222222222222022220000002222202220202002000000000000022220
00002000000222333333333333333333444444333333333333333333333333333333333333332223333300000000000000000000000000000000000000000222222222222222222222222222222222222000022222222220220000000000000022222200
00000000000022233333333333333333334333333333333333333333333333333333333333332223333300000000000000000000020000000000000000000222222222222222222222222222222222220000002222222222220000000000000002222220
00000000000200223333333333333333333333333333333333444444333333333333333333332222203000000002222222220000000000000000000000000222222222222222222222222222222222220000022222222222220000000000000002222222
00000000000000023333333333333333333333333344444344444444433333333333333333323222020020000002222222220000000020000000000000002222222222222222222222222222222222220022022222222222222200000000000202222222
00000000000000000333333333333333333333333444444344444444444333333333333333323220000000332202222222220000220002002000000000022222222222222222222222222222222222222222222222222222222220000000000222222222
00000000000000020023333333333333333333334444444444444444444333333333333332223220000003300220300000222222220000002000000222222222222222222222222222222222222222222222222222222222222220000000000222222222
00000000000000000020232222221113333333344444444444444444444333333333333330222300000023300000000020222222222022000000000222222222222222222222222222222222222222222202222222222222222220000000000222222220
00000000000000022200222212111113333333344444444444444444444333333333333330032322220223322200000022222222222222220020002202222222222222222222222222222222222022222222222222222222222000000000002222222220
00000000000000022222221111111111333333444445554444444444444333333333333333022322220233322200000022222222222222220020002202222222222222222222222222222222222002222222222222222222222000000000022222222220
00000000000002002220020011111111133333444455555555444444444333333333333333232233322333200000022222222222223322000200002002222222222222222222222222222222222222222222222222222222222000000000022222222220
00000000000000020022220200011211133333444455555555444444444333333333333333323233323333200300222202022222233222222000020002222222222222222222222222222222222222222222222222222222222220022002222222222200
00000000000000020022222222222111133333344455555555444444443333333333333333323233333333000333333222002222222200220200022222222222222222222222222222222222222222222222222222222222222222222222222222222222
00000000000000000000000222122221113333334445555555444443433333333333333333333203333333200030003322222222200220000000222222222222220222222222222222222222222222222222222222222222222222222222222222222222
00000000000000002222020212222122111333333444555555444433333333333333333333333303333333322000000032222222000022000002222222222222222222222222222222222222222222222222222222222222222222222222222222222222
00000000000000000000002220222212222213333334455555444433333333333333333333333303333333320000022000022200000022222022222222222222222222223222222220002222222222222222222222222222222222222222222222222222
00200000000002000000002022011211111111133334455554444433333333333333333333302320333333300000022220022200000222222222222222222222222222223222200200002222222222222222222222222222222222222222222222222220
00200000000002000200022000012211111111233334444444444443333333333333333333302320333333000000022220022000000222222222222222322222222222232222200202202222222222222222222222222222222222222222222222222220
00000020000202200022222002222111111112233334444444544444333333333333333333332330333333322000222223222022002002222222222233222222222222230000000022222222222222222222222222222222222222222222222222222222
00000000020200000000022222220011112222233333444445554443333333333333333333333332333333332202232223222230300022222222222222222222222232202200002200222222222222222222222222222222222222222222222222222222
00000000222222220002222222222000002222223333344455555444433333333333333333333332233333332222232232222233332000002222222222222222222320000000000002222222222222222222222222222222222222222222222222222000
00000200002222222222222220022020200002223333344455555544444333333333333333333332233333333222233332222333330000000002222222222222223333000000000000022222222222222222222222222222222222222222222222220020