00000002000202222222222222222222222222233333344455555554444434334333333323333233223323333333233322223333302200222202022000222222323332000000002022222222222222222222222222222222222222222222222222222220
00000000000202222222222222222222222233333333444455555555444443434333333333333333222222222323233222323333000000220233322022022222330330000000200000222222222222222222222222222222222222222222222222222220
00020002200002200222222222222222222233323333344455555555444443434433333333333433222222222222223002222223200200202322222222222320203230000000000002222222222222222222222222222222222222222222222222222222
00000002200002022222222222222222222222333333344445545554444443334443333333343334222222222222222322033322202203333332222222222332033300000220000022222222222222222222222222222222222222222222222222220022
00000200220000200020022222222222222223233333344444444444444444344443433333343334322222322323223200233322223333333322222222223033330320000200202222222222222222222222202222222222222222222222222222222022
00000200002000022000202222222202222222323333333444444444444444444443443333343334322233222322222220033322233333333222322222202233333000202222222222333322222222222222222222222222222222222222222222220220
00000000200000000000022222222222222222233333333344444444445554443444333333344334322222222322222202333222333333332222323222220233303000002222002233333332222222222222222222202222220222222222222222222020
00000000020000000000022222222222222223333333333333334444455554444444343333344334422222222332222222332222333333322223233222000233302000000222022332323222222222222222222222222202202222222222222222222200
00000000000000000000022222222222222233333322333333333444455555444444433333334433332233322332232222332222233333222223232220000003320002220222222223323322222222222222202222022222222002222222222222020000
00000200200000000000200222222222222233233333233333333444555554444444433333333433432232323333333322323333333332223233332230020333230000200222222223323322222222222222222202022202222022222222222202002000
00000020200000000002002222220033332322333332233333334444555555444444444433333443332222333333333222222333333322222303233332202333202200002202222222322332222222222222222020022000220020202222222000000000
00000000200000000022202222000030002223333332333333334444555555545544443433333443342233333332223222332222333222203323333332323322322222200222222222223322222222222222222220000000222222222222220020020000
00000000220000020002002222020002020223333322333333333444444555555554444443333443333233233223222222333333332222223223333332232333203222020022233222322222222222222222222222000000202222222222222222000000
00000020000002020002002222220002222233332222223323333444444455555554444444333444333343233223223222332233322222223333333232323233322232202202233222222322222222220222220022220022000220222222222022220000
00000000000222222002222220022022232333223232233233333344444555555554444444333344323444432223232233233332222222333333333033033333232223222202222222223222222222200222200202220002220222202222200002220000
00000000022222222222222222020222333332233222232233333334444455555554444443333334332333323223332022332330222222333332333323323333323222222232222222222222222222222222200022220002220022222222222202200000
00000000002222222222222022220223233332232222320333333333444444555554444443333333433333333233222223223322222223323333333333333333333333232222222222222222222222222222200222200022222222222222222220002000
00000000022222222222222222222233233322322223300333333333344444455554444444333333433233222222222233333222222223333333333333333333233332322222222222222222222222222222202222000022222222222222222222000000
00000000222222222222222222222233333223222223300333333333333434445444444444433333343233323332223332222222222222333333333333333333333323322222222222222222222222222222000222000022222222222222222222200000
00000000222222222222222222220033332222222223303333333333333344444444444444443333334433323222222222322222222233333333333333333333333233322222222222222223222222222222200020000222222222222222222222000000
00000002222222222222222222220033322322222233023333333333333434444444444444444442344443322222233223322222222333333333334333333333333333332222233232222223022222222222220000000222222222222222222222220000
00000222222222222222222222200233223320232230003333333333333444444444444544444444333344333222334432222222222333333333334333333333333333222222233332222220022222222222200000000220222222222222222222220000
00000002022222222222222222222233033222333300033333333333333444444444455554444444334424444322233222222222233333333333434333333333333332322222233322223322022222222222000000000022222222222222222222220000
00000020022222222222222223222033232222333000203333333333333444444444555555444444343443333324432222232233333333333333444333333333333332222222233222233333022222222222200000000022222222222222222222222000
00000003322222222222222222003232002023330000333333333333333344444445555555555554443443343433322222232233333333333344444333333333333433323222332222233333022200222222000000000000222222222222222222222000
00000003322220022022222002220030230333000000333333333333333344444444555555555555444443444432422222233333333333333334444444343433334434433222322222333333300220000000000000000000022222222222222220222202
00000003300020022222222000000000023230000002033333333333333333444445555555555555444444344322222222232333333333333444444444334333033334333323332222333333300000000000020000000000022222222222222222222222
00000003300200222222220000000000020330330000033333333333333334444444555555555554444445554324222222333333333333333444444344444333333333333333332233332333332000000002020000000000002222222222222222222220
00000003302200222222220223300000233300003000033333333333333333444444455555555544444445555333322222323333333333444444444444444333333333344443333332323233330000000002020220200000002222222222222222222220
00000003330002222222220020200000030020023000333333333333333334444444445555555555444555555454322222323333333343444444444444443333333333344443333333330333333222200202222222200000002222222222222222222220
00000000330202232222222222000002000200023003333333333333333344444444445555555555444445555554444433233333344344444444444444443333433333334444222333320323333202200002222222220000002222222222222222222222
00000000330003322222222220330000230000203003333003333333333344444444455555554444444444555555544343444434444444444444554444443343444433334444333333333233333322002022222222220000002222222222222222222222
00000000300022222222222222300000230002230023333333333333333334444444445555544444333344445555444353554444444444444455555454443334444443334443333333433233333330000022222222220000022222222222222222222222
00000000002322232222222220300000032220000002330333333333333334444444444444444444444344443443344555554555544444444555555555443344443333333333333333333333333332200022222222200000002222222222222222222222
00000000033022322322323322300000222000200023330033333333333334444444444444444444344444443443344455555555554444444555555555544444343344334434333334433333333333002002222222200000002002222222222222222222
00000000033323232233222230203000002002000203330023333333333344444444444444444334333323443334232455455555555444444555555555555444444434433444333444333332223333320000222222200000222222222222222222222222
00000000333303333323233303300220002300000002322003333333333344444444444444444334442433322333344324355555555444444455555555555443344444433344334344333322322333330002023322000000200222222222222222222222
00030033333333323232002003003202333300000030033002323333333334444444444444444433332333223333242333355555555444444445555555554433334434443334333344333322223333333002023322222220022202222222222222222200
03330303333333333320000000000303333300003000333322333333333333443444444444444443330033322323233323344455555444444455555555444433334434444333333344333332222333333033333322223000020222222222222222222222
03300033333333330200300003000330030333333033330333333223333333334444444554444433330333323222323333344455555444444455555554444433333333343333333343333332222333333333333222220000022222222222222222222222
33333333333333320030000000300003330033333333333333203333333333344444445555554444442343323333333333334455544444444555555554444444433333333333334344333333322233333332333323220000002202222222222222222222
33333333343333233333303000003033333003333333333333333333333333344444445555555444343444343333333333333444444444455555554544444444433333333333333333433333332233333333333332000022022022222222222222222222
33343333433333232333333000000003000000333333333333333333333333344444445555554554445545544433333343444444444444555555555444444444444433444444443444333333332033333333333222000022022222222220222222222222
33343444434443333033303000003003000000333333333333333333333333344444455555554555555545544434433344444444444444555555554444444444444334444444444444444332333333333333323220000022222222222222222222222222
03444444444444333233300000030000000000333333330333333333333333444444555555555555555555444444444345555544444444555555554444455444444444444444444444443333333322333333330300000000202222222222222222222222
44444443334444443332300000003020000333333333333333333333333334444444455555555555555555544555554455555544444444555555554445555554444444444444444444444333333332333333333303000000220222222222222222222222
44434443444443444430200020200330020333333333333333333333333344444445555555555555555555555555555555555444444444555555554455555554444444444444444444433332033322233333333333000220222222222222222220220222
44444444434444444430200002203030203330333333333333333333334444444455555555555455555555545555555555555444444444445555544455555555445555544444444444430000223332233333333203002200222222222222022222222222
44444444444444444300002000000033333333333333333333333333434444444455555444444455555555554555555555555444344444444454444455555555555555554444444444320333333333333333333333002022222222222222222222222222
44444444444444433300002000003330030303333333333333333333334444444455554444444555555555544444555555555544434444444444344455555555555555554444444444444443333333033333333033322222222222222222222222222220
44444444444444433300000330030333000003333333333333333333433444444445444444444455555554444444445555555544334444344444444445555555555555554444444444444443333333333333333333022223222222222222202222220202
44444444444444334430233333333232000003333000333333333334444444444444444444444444555544444444344555555554443444444444433444355555555555554444444444344444433333333333333333222222222022222222222202220022
44444444444444334434333303333030030000000033332333333334444444444444444333444444455544444444444555555554444444444443333334334555555555554444444443334434433233333333333332222222222222222222222222222202
44444444444444334333333403444020000000030023323333333344444444444444443444444444445444433444334555555544444444444333444333344555554555554444444442000333343330333333333333222222222222222222222222222000
44444444444444333333340003443200000003000323332333333344444444444444444334444444444444433333344554445555444444444433434333445555554455444444444443333033332000032333333332222222222222222222222220222222
44444444444443333344443034333030000033330000333323333344444444444444343333444444444433333333344444445555544444444333333333345334433444444444444443240333322030022233333332222222222222222222222222222220
44444444444444444444434304003030000003333333033333333344444444444334443333344444444433333333344444445555544444434433333443444444443344444444444444333222332322022222333233222222222222222222222202222222
44444444444444444443433433300000000333303033300322333344444444444433333333333444444433333333344444455555544444334444333344444333343334444444444444443223332033322222233222202222222000222222222222222222
44444444444444444444434402023003003333303333222222233344444344444434443333333344444333333333444444455555554444444443333434343333333344444444444444444433333320222222233333322222222222222222222222222222
44444444444444444444444344304333003333333333332332223344443344444443333333333333333333333333434444445555544444444444433443333433333334444444444444443333333333222222232333322220222222222222222222222222
44444444444444444444444443043030033333003333303332333444444443444433333333333333333333333333333444445555544444444444443344324433333333344444444444443333333333333222222233322222022222222222222222222222
44444444444444444444444443330030333333330003232233333444444443444332322233333333333333333333334344444444444444444444444444334333333333334444444444433323333333333222222222222222222222222222222222222220
44444444444444444444444444344333303333200033033333333444444444433323320233333333333333333333434444444444444444444444444433444333333333333434444434433333322222333222222222222222222222222222222202222222
44444444444444444444444444444433333333003333334433334444444444322220202222223333333333333333444444444444444444444444544432333344433333333334333333333333332223333222222223322222222222222222222202222222
44444455555455444444444444444443333333302333300333334444444442222220222222220023333333333444444444444444444454555544443334434343334433333333333333333333332233333322222223322222222222022222222202222222
45544455555555554444444444444443333333003003302233334444444322220022220022222200333333334444444444444444444555555544444344444434444343344433333333333333323333333322222222332222222222222222222222222222
45554455555555555445444444444443333333330000300333344444432333332220222222222002033333334444444444444444444555555554443444444444344444444443334333333333333333333222222222332322222222222222222222222222
55555555545555555544444444444433333333023343033454455444333232320022220222222002223333344444444444444444445555555554444444444444444443444444444333333333333333332222222222323322222222222222222222222222
55555555445555555433554444444443333333333430003544455545443322322222222222220022203233344444444444444444445555555554434444442334444444444344444433333333333333333333232222222222222222222222222222222222
55555555445555554334444444444433333330444343443444555544444333320000202222220222023333344444444444444444444555555554344343233434444444444444444443333333333333332332332222222222222222222222222222222222
55555555555555554344444444444333333333444444443455555543432400300000022222222220023023334444444444444444455555555543443333343444444444444444444444443333333333333333222222222222222222222222222222222222
55555555555555554544444444444333333344444445544555555543444003000222000202222220003023344444444433444444555555555544543343334234444444444444444444343333333333333323222222222222222222222222222222222222
55555555555555554444444444433333333333444555555555555444300000022000220000222202223023344344444433444444555555555555543433334444444444444444444444444433333333333232222222222222222222222222222222222222
44445444555555554544444444333333433444445555555555554340332000000000220000222002222333334444443334444445555555555555554443433244444444444444444444444443333333332322222222222222222222222222222222222222
44444444555555555444444443333333443444445555555555554443000220000220022000222202230233444444444333444455555555555555555332434344444444444444444444444444333333222223222222222222222222222222222222222222
55444445455555545444444333333334444444455555555555554023423200300000020000222002202223444444333233444455555555455555544444044243344444444444444444444444333332333332322222222222222222222222222222222222
55544445555454444444443333333334444444455555555555545523034000000002020000202002222233434444333333444555555544445555545443344434444444444444444444444444433232233322322222222222222222222222222222222222
55444545555544444444333333434343344444455555555555555534322202002020220000200000023333444444333333444455555555555555555424344334444444444434444444444444433233333323222222222222222222222222222222222222
33333445555443033333333333334433334444445555555555555544344222222220022000200000003223444444343344444455555545555555555544433344444444444444445444444444433332222322222222222222222222222222222222222222
33333234555033033233302233343333333444444455555555555544322322222222220000022200003333444443443444444445555544455555555545444334434444444444445544455444433222333322332222220222222222222222222222222222
33322233454300333033303233330302202443434444555555555432222322222002222200222200022333443433444444444444445544455555555555544344444444444454345554545544433222322322232222222222222222222222222222222222
33220200343000000003000233300002200234344444555555545334332322222222000202222022223333343334344444444444444444455555555555554454444444445555555555555554433222222322332222220222222222222222222222222222
33220000030000300300002333330000000003444444455555443323443320222000222222222222223333343344344444444444444444455555554445443444444444445555555555555555433232222222222222222222222222222222222222222222
22200000000000000330032303300000000000443444444555544233434222202200222222222222223332223443433444444444444444444555555444444444444444555555555555555555433322222222222222222222222222222222222202222222
23330003000000000030020000000000000000034444444455454434444222222200002222222222223322222333332334444433344344444455455544444444444444555555555555555555543322222222222222222222222222222222220222222222
33323333303300000330000000000000000002344444444444444444333222222220002222000022223222222233332244344433344444444445554445443443444444455555555555555555533222222222222222222222222222222222202222020222
33222300000000003000000000000000000003344444444444343244322222222220000200000233322222222223222234344432034444444444544444444334444444555555555555555555542322222222222222222222222222222222222222222222
33202000000000000000000000000000000033444444444444343234332222222000222200202232223333222232222233443442003344444444444344444344444444455555555555555555554222222222222222222222222222222222222222022222
22202332000000000000000000000000000044334444444443344332222222220000220222222232233333322222222234234430000003444443440443444433444444444545555555555555555543222222222222222022222222222222022222222222
33200300330330000000000000000000000023344444444443443422222222200000002222223332233333332222222223333300000000343333333204243444444444444454555555555555555555422222222220022022222222222222202222222220
03022333000000000000000000000000000023334334444443223322222222200000000022222223223333332222222223322300022222333034300422334333344444444445555555555555555555554432222222222222222222222222222202222200
03000333300000000000000002222200030233334443444444222222222222002002020202033222223333322222222223322222222222320003033443323432344444444444555555555555555555554444332222222222222222222222222222222002
03000002330000030300000000222200002033443444444323422222222222220222222222233332222233222222222223322222222222222300023432432343344444444444454555555555555555555444443322222222222222222222222222222022
00000033000000000300000000222233303033433334444432242222222222222222222222223323202222222222222222323332222222222203023432342230234444444444444455555555555555555444444433322222222222222222222222222222
00000000000000000000000000222203300233434443223432222222222222222222222200332203303223332222222222223332222222222220324433222223034443444444444455555555555555544444444434333222222222222222222222222222
00000200000000000030020000200033322333433433222322222222222222222220222020003222222223322222222222333322222222222222232333422222224444444444444445555555555555544444444444333332222222222222222222222222
00000000000000000002200000220033223333333333222222222222222222222202222220003322220223323322222332323322222222222222224323333232233444444444444445555554344444443344444433333333332222222222222222222222
00000000000000000032000022202222033233332222222222222222222222222222222220002332322222323333222332332222222222222222222333332322223334444444444444444554344444433244433433334333333332222222022222222222
00330000000000033002020002220000030333433332222222222222222222222222200000002222223220302332333333322222222222222222222333232322423334444444444444444443344444433333223233333333333333322222022222222202
20002000000000033322002000200000033333334432222222222222222222222222222022022223222230003333333222233222222222222222223333322323333334444444444444444443344444444333322222333343333333333222222222222222
22230000000023303322200000000330223333433332222222222222222222222222222222222223222302222323333323232222222222222222223323322332334444444444444444444443234444444333322222333344333333333333222222222222
02230000000000333022022000002330333223423332222222222222222222222222220222222222232202223323322322232222202222222222223322232223443444444444444444444444244433344333322222233333333333333332222222222222
22202000000002220200000022200322232222332222222222222222222322222222222222222222022222222223223222222202000222222222222322332233344444444444444444444433343322244433222222222333333333223322222222222222
22222000020003233220000022222332322333322222222222222222222222222222222222222222222222223223222222220000000000222222322332233232333334344444444444444444333233333344432223322333333332222322222222222222
00222000020003333222000232222333223233332232322222222000222222222222222222222222222220222222222222200000000000022223223232223333334333334444444444444443344333222433422222322233332322222222222222222222
00020000000233333322202300333333033222322322222200220000000022222222222222222222220002223222222222220000000000000022232223333333333343434444444444444444443333322324232222322223333222222222222222222222
22200022020333333322222333333333333333332333332203020022000002222222222222222222222222223322222223332000000000000022222223333333333343333444444444444444343333332322222222222222332322222222222222222222
02222002002233003322222232333333333332223333232233020022000002222222222222222222222002222222222233320000000000000332222222333333333343434444444444444544444333233222222323222222333322222222222222222222
00222220020233330300022233333333333323223323322223330022000022222222222222222222222222222000222222220000000000003033322222333333333344344444444444455554443323333322232222222222223202222222222222222222
00020000003200333300222233333333333333232322222020300020000022222222222222222222222222200000222222220000000030033033022222233333333334444444444444455554443333233322233322222222222222202222222222222222
00000200002020033333233323333333333333333322330020000000000022222222222222222222222222000002222222200000000000300003032222333233333334444444444444455555443333333333223322222222222223222222222222222222
00000000002030020333343333333333333322323300332222200200000022222222222222222222220000000002222200000000000330000033222222222333333333334444444444455555443333332333322322222222222222002200222222222222
00000000002232222334443333333333333333322230022222222220000022222222222222222222000000020022220202220000000330000002223322323333333333333444444444555555543333333333333222222222222222222200222222222222
00000002003333332334444333333333233233222222002222222220000022222222222222222222000000000222222000000000000300003330333333333333333344344444444444555555554333333333333322222222220222222200022022222222
00000000203333333334444433334432333233332222220002222000202222222222222222222222000000000202220220000000033003333002223333333233344434444443444444555555554333333333322223222222222222222220002202222202
00200000223033343334433434444443323333222323322002222202222222222222222222222222000000000202222200000000000000000302323323333333444334444444444444455555544433333333332233222222222222222202222222222202
00030000203333343333433442344443332323330333222222222200222222222222222222222222020000000022222220000000000003330302232222333334443444444444444444444455554343333333323323322222222222002000222222222222
00000000000233333433443443444444333322233322222222222200222222222222222222222222222200000000222220000000000000000002222233332223334344444444444444444444444434333333333232322222222222222222222222222222
00000000300233333433444443444343433332333322222222222222222222222202222200202222222200000222222020000000000000000023333233323333433444444444444444444444444443333333333332022222222222222222022222222222
00002000000333344444444444444433343333222222222222002022002000020002220000000222222200000222222220000000000000000032222223222233344444444544544444444444443444333333333333322222222222222222222222222222
00000000030333344344444443444444432332232222222220000000000002200222220000000022222222000022222220000000000000000002222222222333344444445555454444444444443343333333333333202222222222222222222222222222
00020000333333344444444444444443333332233222222202202200000002202200220000000022222222200222222220000000000000000032223333232333333334445555554444444444443333333333332333322222222222222222222222222222
00200200222233344444555555444444433222322222222222202220200002202000000000000022222222222222222220000000000000000003203002223332333344444555555554444444444333333333333333332022222222222222222222222222
00000000223223333445555555544444443332222222222222022002020020000000000000000022222222222222222000000000000000002223000002223322223334445555555554444444443333333333333333333022200002222222022222222222
00000002022233334445555555544444333232222222222220002000020020000000000000000222222222222222222000000000000000022022222023230032322333445555555554444444443333333333333333330022002222222222222222222222
02000020002333334445555555444444433322222222222220222222220000000000000000002222222222222222000200000000000200222022233230000003322234444555555555444444444333333333333333300000022222222222222222222222
00200000002333333445555555554444432322222222222222222222220000000000000000000022222222222222200000000000000000222022222203030002232303433555555555444434433333333333333333000000222222222222222222222222
00000002202222333444555555554444432222222220220222222220000002000000000000220222222222222002200000000000000002200002223200003032220300003455555554444444434333333333333333300002222222222222222222222222
00002000020222233344455555554444332222222202200020002222000222000000000000222222222222222200000000000000000002222000222000000002200000330345555555544444444333333333333333330000000222222222222222222222
00022002222222333344555555554444332222222020000020002200000222000000000002202222222222222200000000000000002022222200000020220000222300303034455555444444344443333333333333330000222222222222222222222222
20000000222222333344555555554434322222222002200000000000000002200000000022202222222222220000000000000000000022202202022222200000023303003004344555544444444433333333333333300000222222222222222222222222
00200000222222233344555555554444322222220002000000000000000000222000000022202222222200200000000000000000000002222002322222000020222300000003334455444444444433333333333333333222222222222222222222222222
00020000222233334344555555554444322222220000002000000000000000000000000022222222222200000000000000000000000000222202022222000022232303000032323455544444344444333333333333333232222222222222222222222222
22222000222233334344455555554444202222200000002000000000000000200000000022222222222000000000000000000000000000022202002222222222322203333323333344444444444344333333333333333322222222222222222222222222
02222220222233334344545545554442322222000000000000200000000222000000000000222222222000000000000000000000000000000002222222222220222002300333322244444444444444433333333332223322222222222222222222222222
02002022222233334344445555444443220200000000000020200000022222000000200220222222222000002000000000000000000000000002232022222222222032023223222234444444444443333333333332222222222222222222222222222222
00000022222323334344454554444432022200000000000000200000002222000000200222222222222000002000000000000000000000000000222022220220222033233332232223444444444443333333333333223222222222222222222222222222
20000022222223334334444454444422222000000000000000000000000000000000000222222022200000000000000020000000000000020000022022222202233303322333223323344444443433333333333322222233222222222222222222222222
00000200223322334334444444344433220000000000200000000000002220000002200222202222000000000000000000000000000000030002002222222002020003332233332222334444444433333333333323323232222222222222222222222222
22002220223222234334344444344332200000000000200000000000022222000002200222022222002220020000000000000000000000000000022200200002223323332333322223333344434433333333333323323233222222222222222222222222
00222200022332224323444333344300220000000000200000000002222222000222222222222222022220022000000000000000000000202220002222000002222223433333332232333334444443333333333333323322222222222222222222222222
00202200023233302303433333340000200000000000000000000000222222000022222222222222222222022200000000000000000000020020020202000002222323433333332322323333334433333333333333333222222222222222222222222222
00000000023322332233333344434000200000000000000000000000022022000002222222222220222220022200000000000000000000020200200000000022222023343333333333322333344443333333333333322222222222222222222222222222
00220000023330332233333344444400000000000000000000000002202222020022222222222222222200022200000000000000000000002000000000000000032334443333333223232233333333333333333330302322222222222222222222222222
02000200332230302303344432443300000000000000000000200000000222222222222222222222220020000000000000000000000000020000000000000022222234444443332232222223333333333333333230300222222222222222222222222222
00000000333300023233444434430330000000000002000000000000022022222222222222222222220020000000000000000000000000000000002000000022232224444434333333222223333333333333333320300232222222222222222222222222
00000000032033320034344443333430000000000022022000000022222002222222222222222222002020000000000000000000000000000000002000000000330034444444433333322222333333333333333333300332222222222222222222222222
00000000333333300034440343344330000000000000022000000002222222222222222222222222000000000000000000000000000000020000002200000000033334444444433332332323333333333333333323300322222222222222222222222222
00000020033030300333334444433300000000000022000000000002222222222222222222222222022220000000000000000000000000000000002000200000233444444444443333333333333333333333333333000322222222222222222222222222
00000200000333322333444340343302202020020000000002202002222222222222222222222222022220000000000000000020000002200000000000002220222344444444433333333333333333333333333322200023222222222222222222222222
00000200002233320433434304333000002022200220000002222002222222222222222222222222220000000000000000000000000000000000020000220002222234455544444443333333333333333333333332323233222222222222222222222220
00002000000000300033333443000220202220000000000000000220222222222222222222222222220000000000000000000002000002000002220000200000222244555554444434333333333333333333323332233233222222222222222222222222
00000002000033203333433430000000200000000000000000000022222222222222222222222222000000000000000000000000200002000000000000000222022344555555444444333333333333333333333333323233222222222222222222222222
00000200022333203003044300000002200000000000020000000022222222222222222222222222200000000000000000000000022002000000000000000000334445555555544444443333333333333333333333332323322222222222222222222222
00000020222222332200333000022220220000000000000000000222222222222222222222222022000000000000000000000000000020222220000000000000333455555555544444333333333333333333333333333233222222222222222222222222
00000002223323222022430002202220000000000000000000000002222222220000022222222220020000000000000000000000000002222220000000000002233345555555554444333333333333333333333232332322322232222222222222222222
00220022232222222223300020222200000000000000000000000002222222200000022222222200000000000000000000000000200020022222000000000000004445555555444444433333333333333333333333333332323222222222222222222222
00000222222222222203002200220202200002000000000000000000222222200000022222222000000000000000000000000002220000002222222000000000034344555555444444433333333333333333323333323223222222222222222222222222
00002222222222222200002222222002220022000000000000000000022222200000002222222000000000000000000000000202200002200022220202000000333334555555544444433233333333333332030333233322222222222222222222222222
00022222222222222233002222022022200020000000000000000000002222220000000222220000000000000000000000222022200022222222220022000000203355555555544444443333333333333333333333233322222222222222222222222222
00022022222222222233002222022002000000002000000200000000000222222000002222220000000000000000000000200200020222222222220000000300023355555554444443343333333333333333333333232222222222222222222222222222
00022022222222220000000222000000000000020000000000000000000222220000002222200000000000000000002222202000000222222222222002000003003355555554444444433333333333333333333333232322222222222222222222222222
00202222222222200000222202022000002000000000000000000000200222220000002222200000000000000000000000002202222222222222222220200000302344555444444444444343333333333333320023332222222222222222222222222222
00200222222222200002020000002220222000000000000000000000022222220000002222200000000000000000000022202222222222222022222222222220303344444444444444444444444433323333333333222222222222222222222222222222
00022222222222000022202002022202202000000000000000000000022222222000002222000000000000000000000222202222222222202222222222222230333344444444444444444444443433333333232332222222222222222222222222222220
00200020222222200200022020002220200000000000000000000000022222220002222222000000000000000000020220222222222222222222222222220230333344444444455554454444444433333333222222222222222222222222222222222222
00000222220220000200020000000202000000000000000000000000222222222202222222000000000000000000222200222222222222222222222222223223333443444444555555555444444433333332222222222222222222222222222222222222
00220022200020000000000002000020000000000000000000000002222222222222222222000000000000000000222220022222222222222222222222232303333443444444555555555544444433333332332222222222222222222222222222222222
00000000030300000000000000222020222020000020000000000002202222222222222222000000000000000000222202222222222222222222222222232230334444444444555555555544444443333333323333222222222222222222222222222222
00000003000020232202200000022002022020000000000000000002200222222222222220000000000000002222222222222222222222222222222222233034443444444444555555555544444433332332222222222222222222222222222222222222
00000000000002020002000000222200222022002222000000000002220222222222222200000000000000022020222222222220222222222222222222233343443434444444555555555444444433333332222222222222222222222222222222222222
00000000000000200200000000000222222220000000000000000002222222022222222000000000000000022000220222222222222222222222222222224343334443444444555555554444444333332222222222222222222222222222222222222222
00000000000022000000002220000222022000000000000000000002202220222222222200000000000002022200202222220222222222222222222220200330044433344444455555554444443333322222222222222222222222222222222222222222
00000000000000002000020000222220020000020000000000000002220202222222222220000000000002202022020222222202222222222220222000000000044333344444445555444444433233232233333233322222222222222222222222222222
00000200002200000000222000220022200000200000000000000222220202222222222220000000002000200002000002202222222222222222022200023000043334444444444554444444433333233322232232222222222222222222222222222222
00000000000000000200020022220200222002022220000200000022222220222222222220000000000002022220000022000222222202222222222220030000033333444444444444444434333332222333222222222222222222222222222222222222
00000000000202202200020222022200202020220200000000000222222200222222222220000000000000022022220202200020222222222220222222230300344443333444444444444334333333322332222222222222222222222222222222222222
00000000000200000220000220222022222220222002020000000022022202222222222220000000000000220222202202000002222022222202222200230330043434444444444444444444333332222222222222222222222222222222222222222222
00000000000200000222200222222222222220222202000020000002222002222222222202000000002000022022022000000002222022200022222200233000333434444444444444444443333333222222222222222222222222222222222222222222
00000300022000000002222222222222222202202000000000000000022202222222222200000000002000022000020000000020202020202202222202230303243434434434444454444444333333333322222222222222222222222222222222222222
00000000000000020000222222222222222022022200000200000000003302222222220000000000000000002022220000000020200002200000222302300332224443333434444555544443333333303022222222222222222222222222222222222222
30000000000020002202022222222222220020222200022000000222232032222222000000000000002002200020200000000000022020020202022302303322033333333444445555555444333333330302222222222222222222222222222222222222
03000000000000200022002222222222022002222022220000000030333320022220000000000000002000200020220000000002002000220200222002200022233333333444445555555444433333200200222222222222222222222222222222222222
00000000000002000002202222222222000002200222200000003332323220322200000000000000002020200020020000002002000000200200222002003320003333334444445555555444444333300002222222222222222222222222222222222222
00000000000020220022222222222220000222022222000000000002032003322000000000000000002222200022200000000002020000000220000000033333033333344444455555555544444433300002222222222222222222222222222222222222
00000000000020002002022202202000002222222222000003033303333003320000000000000000002200000002002000000020020200000220200002023323303333344444455555555554444433000302222222222222222222222222222222222222
00000000000002000200022222202000000022222220000000333303303033200000000000000000000222000000020000000000000220000000000000032230033322334444445555555555444443000002222222222222222222222222222222222222
00000000000220202220000222020000020222222220000000333303320330220000000000000000000220000220020000000000020000000020000000033002233333333444455555555554434330000002222222222222222222222222222222222222
00000000000022222200002220000002022222202200000003330030000330220000000000000000020000000000000000000000000000000200000002032030233333333444445555555554444430002322222222222222222222222222222222222222
00000000002020022200000000000000000222222200000000330030000030000000000000000000000000000000000000000000000002002200000000332232233333333344444555554444444432222322222222222222222222222222202222222222
00000020020000002200000200200002222222222200000000333334000343300000000000000000022000000002000000000020000202000300000002230023233334444444444555554444444322222222222222222222222222222222220200222222
00000220222022002000022000200000222222222200000000334334000034000020000000000003020000000002000000000000000000000000000000030332233344444444444555555444443322222222222222222222222222222222222022222222
00000222222202002200222000000000002222222200003000334443000000300020000000000000300000000000020000200200000200000000000000200222233344444444445555555444433222222222322222222222222222222222222222222222
00002202222000022002222002000000222222202000033403434344000000300020000000000000000000000000000000000020000000200000000322222222333344455544455555555544343222222223332002222222222222220000222222222222
02022220020000000202222020000022200022222000300344334440003443300000000200022000002000000000000000000200002300000000022000022232333334555554445555555544443322222333330020222222222222222222002222222222
20022220220000200022000220200202202222200000303333344444323440000000000000000000000000000000000000000000000300000000200032232223333444455544445555555543443332333322332220222223222222222222020222022222
00222222222000200222220220200222002222200003004334344444334444300002000000020000000000000000000000000000003330300000200322222323334444555555455555554444443342343223332222222222222222002220202222022222
00222220000000200200222222220020202222000343340034344444303434430200000002000000000000000000000000000000003300000000200220223223334445555555455555554444444442343222332002222223222222222220022222222222
22222222200000200222220222020200222220000343340403444444304444440202020000000000000000000000000000000000000000000000000223322333334445555555555555555544443433333222222222222222222222222222222222222222
22222220000002020222202222202202222220000003340003444444334444433202020000000000030000000000000000000030003000000032002332232333344445554444455555555544442333232222222222222222222222222222222222022222