00000000000000000000000000000000000000000000000000000000000000000000000000000000000000000000000000202222222222222000000000000000000000000000000022222222222222222000000000000000000000000000000000000000
00000000000000000000000000000000000000000000000000000000000000000000000000000000000000000000000002222222222222222200000000000000000000000000000022000000202222222000000200000000000000000000000000000000
00000000000000000000000000000000000000000000000000000000000000000000000000000000000000000000000002202222222222222220200000000000000000000000000022020222202222222200000000000000000000000000000000000000
00000000000000000000000000000000000000000000000000000000000000000000000000000000000000000000000022222222222222222202000000000000000000000000000220020022002022222000000000000000000000000000000000000000
00000000000000000000000000000000000000000000000000000000000000000000000000000000000000000000000022222222222222222220000000000000000000000000002200020020020002002200200000000000000000000000000000000000
00000000000000000000000000000000000000000000000000000000000000000000000000000000000000000000000222222222222222222222000000000000000000000000000000000022200202222020020000000000000000000000000000000000
00000000000000000000000000000000000000000000000000000000000000000000000000000000000000000000000222222222222222222220000000000000000000000000000000020000222200222022020000000000000000000000000000000000
00000000000000000000000000000000000000000000000000000000000000000000000000000000000000000000000222222222222222222200000000000000000000000000000000000000022000220022000000000000000000000000000000000000
00000000000000000000000000000000000000000000000000000000000000000000000000000000000000000000002022222222222222222200000000000000000000000000000000000000000002000000000000000000000000000000000000000000
00000000000000000000000000000000000000000000000000000000000000000000000000000000000000000000002222222220222222222000000000000000000000000000000000000000000022200020000000000000000000000000000000000000
00000000000000000000000000000000000000000000000000000000000000000000000000000000000000000000000222222220022222222000000000000000000000000000000000000000002220200000000000000000000000000000000000000000
00000000000000000000000000000000000000000000000000000000000000000000000000000000000000000000000022022220002222222200000000000000000000000000000000000000222220000000000000000000000000000000000000000000
00000000000000000000000000000000000000000000000000000000000000000000000000000000000000000002000022220200002222220000000000000000000000000000000000000002000000000000000000000000000000000000000000000000
00000000000000000000000000000000000000000000000000000000000000000000000000000000000000000002200020202020222202020020000000000000000000000000000000000000000000000000000000000000000000000000000000000000
00000000000000000000000000000000000000000000000000000000000000000000000000000000000000000020020202222200002000220000000000000000000000000000000000000000000000000000000000000000000000000000000000000000
00000000000000000000000000000000000000000000000000000000000000000000000000000000000000220220330220222202022000000000000000000000000000000000000000000000000000000000000000000000000000000000000000000000
00000000000000000000000000000000000000000000000000000000000000000000000000000000000000002003300220022020000022200000000000000000000000000000000000000000000000000000000000000000000000000000000000000000
00000000000000000000000000000000000000000000000000000000000000000000000000000000000000000303033022002020000220200000000000000000000000000000000000000000000000000000000000000000000000000000000000000000
00000000000000000000000000000000000000000000000000000000000000000000000000000000000000003333333300000200200202200000000000000000000000000000000000000000000000000000000000000000000000000000000000000000
00000000000000000000000000000000000000000000000000000000000000000000000000000000000000003333300300200000000002000000000000000000000000000000000000000000000000000000000000000000000000000000000000000000
00000000000000000000000000000000000000000000000000000000000000000000000000000000002000003330033303220020222002000000000000000000000000000000000000000000000000000000000000000000000000000000000000000000
00000000000000000000000000000000000000000000000000000000000000000000000000000000000200003333330033332222200300000000000000000000000000000000000000000000000000000000000000000000000000000000000000000000
00000000000000000000000000000000000000000000000000000000000000000000000000000000000220000333333330333222003002000000000000000000000000000000000000000000000000000000000000000000000000000000000000000000
00000000000000000000000000000000000000000000000000000000000000000000000000200000000002003333330033030322030003000000000000000000000000000000000000000000000000000000000000000000000000000000000000000000
00000000000000000000000000000000000000000000000000000000000000000000000000000000000033233333333333300300000203300000000000000000000000000000000000000000000000000000000000000000000000000000000003003000
00000000000000000000000000000000000000000000000000000000000000002020000000000000000000033333333303033000022030330000000000000000000000000000000000000000000000000000000000000000000000000000000000000000
00000000000000000000000000000000000000000000000000000000000000000000000000000000000000003333333303333000233033300000000000000000000000000000000000000000000000000000000000000000000000000000000000000000
00000000000000000000000000000000000000000000000000000000000000000000000000000000000000000333333330033330000033300000000000000000000000000000000000000000000000000000000000000000000000000000000000000000
00000000000000000000000000000000000000000000000000000000000000000000000000000000000033033033330333333333333003300000000000000000000000000000000000000000000000000000000000000000000000000000000000000000
00000000000000000000000000000000000000000000000000000000000000000000000200000000002003203433330333333033333330000000000000000000000000000000000000000000000000000000000000000000000000000000000000000000
00000000000000000000000000000000000000000000000000000000000000000000000020000000000030034433443333033333303330000000000000000000000000000000000000000000000000000000000000000000000000000000000000000000
00000000000000000000000000000000000000000000000000000000000000000000000000000000220333034444443333003300303000000000000000000000000000000000000000000000000000000000000000000000000000000000000000000000
00000000000000000000000000000000000000000000000000000000000000000000000300000000333344034433443333030300033000000000000000000000000000000000000000000000000000000000000000000000000000000000000000000000
00000000000000000000000000000000000000000000000000000000000000000000000000000000333334343344443330003333300000000000000000000000000000000000000000000000000000000000000000000000000000000000000000000000
00000000000000000000000000000000000000000000000000000000000000000000002000002032343434444444443000003030000000000000000000000000000000000000000000000000000000000000000000000000000000000000000000000000
00000000000000000000000000000000000000000000000000000000000000000000002230300000334334444444433000000000000000000000000000000000000000000000000000000000000000000000000000000000000000000000000000000030
00000000000000000000000000000000000000000000000000000000000000000000000002003003400434444444430003333003000000000000000000000000000000000000000000000000000000000000000000000000000000000000000000000033
00000000000000000000000000000000000000000000000000000000000000000000002233000323404244434444333333300430300000000000000000000000000000000000000000000000000000000000000000000000000000000000000000000300
00000000000000000000000000000000000000000000000000000000000000000000003002302330324344444444444444443433300000000000000000000000000000000000000000000000000000000000000000000000000000000000000000000303
00000000000000000000000000000000000000000000000000000000000000000003003333333333033343444444445545544443300000000000000000000000000000000000000000000000000000000000000000000000000000000000000000303303
00000000000000000000000000000000000000000000000000000000000000000000000000333030423244444444555555444440000000000000000000000000000000000000000000000000000000000000000000000000000000000000000000003333
00000000000000000000000000000000000000000000000000000000000000000000300000333333232443444423455555544330000000000000000000000000000000000000000000000000000000000000000000000000000000000000000000000030
00000000000000000000000000000000000000000000000000000000000000000000000000333330332243443324455544343000000000000000000000000000000000000000000000000000000000000000000000000000000000000000000030000333
00000000000000000000000000000000000000000000000000000000000000000000000000333333044424444435455543333300002030000330030000000000000000000000000000000000000000000000000000000000000000000000000030333333
00000000000000000000000000000000000000000000000000000000000000030000000000333333343443444334555554444434333333000000000000000000000000000000000000000000000000000000000000000000000000000000330033333430
00000000000000000000000000000000000000000000000000000000000000000200000000333333433344444455555554444343433033300033333000300000000000000000000000000000000000000000000000000000000000000002333333334444
00000000000000000000000000000000000000000000000000000000000000000000020000333030434434434444555443443434403300300000000333330000000000000000000000000000000000000000000000000000000000000003300330004444
00000000000000000000000000000000000000000000000000000000000000000000300000003433333444434444455544433333300330333000000000000000000000000000000000000000000000000000000000000000000000000000003333003344
00000000000000000000000000000000000000000000000000000000000000000000333030003444433344333344444444443333303300030000000303000000000000000000000000000000000000000000000000000000000000000000330033300444
00000000000000000000000000000000000000000000000000000000000000000000000330000343444443333333344444440330300000000000000003000000000000000000000000000000000000000000000000000300300000000030033300434444
00000000000000000000000000000000000000000000000000000000000000000000033330300033444443200033333044433303330000000000000000000000000000000000000000000000000000000000000000000000333000000333334333444444
00000000000000000000000000000000000000000000000000000000000000000000000030333003334433233320343334333320000000000000000000000000000000000000000000000000000000000000000000000030330000000000333344444444
00000000000000000000000000000000000000000000000000000000000000000000000033330000344332033334433333330300000000000000000000000000000000000000000000000000000000000000000000000003333000000003334444444444
00000000000000000000000000000000000000000000000000000000000000300030030000333300033332030343433443033000000000000000000000000000000000000000000000000000000000000000000000000033000000000033344034444444
00000000000000000000000000000000000000000000000000000000000030000000330000033330003322333433344334002000000000000000000000000000000000000000000000000000000000000000000000000000000000002333043444444444
00000000000000000000000000000000000000000000000000000000000030200000333330000330430000003300334333332200000000000000000000000000000000000000000000000000000000000000000000000003300220333333334444444444
00000000000000000000000000000000000000000000000000000000003000000000000030000033030003303333300000000000000000000000000000000000000000000000000000000000000000000000000000000333030332002432444444444444
00000000000000000000000000000000000000000000000000000000000002000003000033000000300000003300000000000000000000000000000000000000000000000000000000000000000000000000000000000000002200222334444444444444
00000000000000000000000000000000000000000000000000000000000033000000000000300000300020343000033330000000000000000000000000000000000000000000000000000000000000000000000000000000020000000444444444444444
00000000000000000000000000000000000000000000000000000000000000000000000000000000000233330000320000033000000000000000000000000000000000000000000000000000000000000000000000000020000020034444444444444444
00000000000000000000000000000000000000000000000000000000000000000000000000000000002000000000000000032000022000000000000000000000000000000000000000000000000000000000000000000020000000444444444444444444
00000000000000000000000000000000000000000000000000000000300000000000000000000000000000000000000000000000020000000000000000000000000000000000000000000000000000000000000000000200000033334434444444444444
00000000000000000000000000000000000000000000000000000000000330000000000000000300020000000000000000000000000000000000000000000000000000000000000000000000000000030000000000000000000033443444444444444444
00000000000000000000000000000000000000000000000000000000000000000000000300030000032300000000000000000000000000000000000000000000000000000000000000000000000000003300000000003003000333443233444444444444
00000000000000000000000000000000022000000000000000000000000003000000000003330003300333000033000000002200000000000000000000000000000000000000000000000000000000000000000000003303303334344233444444444444
00000000000000000000000000000000000000000000000000000000030000000000000023303330333000000300002000020000000000000000000000000000000000000000000000000000000000000300000300300000003303024444344444444444
00000000000000000002000000020000000000000000000000000000000000000000000000000300333300000000000002000000000000000000000000000000000000000000000000000000000000000000003000000003330300004443444444444444
00000000000000002222200000000000220000000000000000000000030000000030000000000000000033300000000000000000000000000000000000000000000000000000000000000000000000000000003330000000033000004444444444444544
00000000000200020220200000020200200000000000000000000000000000300302000000200300000000000000000000000000000000000000000000000000000000000000000000000000000000000000000000330030044034044434444444444454
00000000000000020222200000200000022200000000000000000000000000200000000033333330303000000000000020200000000000000000000000000000000000000000000000000000000000000000000004000000040033344444444444444445
00000000000000022222020002200002020000000000000000000000000000000000000333333303333000000000000000000000000000000000000000000000000000000000000000000000000000000000000030300000003420043444444455444445
00000000000000022202222202000000202200000000000000000000000000000000000333333302333000000000000000000000000000000000000000000000000000000000000000000000000000000000000040400000000020044034444555554455
00000000000000222202222222202222222220000000000000000000000000000000003333300000303300000000000000000000000000000000000000000000000000000000000000000000000300000000000003000300000000343444444455555545
00000000000000022222222020222220000000000000000000000030000000000000000000000000030333300000000000000000000000000000000000000000000000000000000000000000000330330003000034000300003000434444444445555554
00000000000000002222222222222222222220000000000000000000000000000022000033300000000033030000000000000000000000000000000000000000000000000000000000000000000303300000000344300300020400304444444444455555
00000000000220022222222202200222222020020000000000000000000000000003000330000000300003000000000000000000000000000000000000000000000000000000000000000000300003330000000433340403030220434444444444444555
00000000002000020022222220202000220000020000000000000000000000000000003000000000300000000000000000000000000000000000000000000000000000000000000000000000030033303333000343334004404022344444444444444555
00000000000000000200222222000000000000000000000000000000000000000003000003000000000000000000000000000000000000000000000000000000000000000000000000000000000003303330333343333444443333433444444444444455
00000000020000000002200220000000000000000000000000000000000000000000000000000000000000000000000000000000000000000000000000000000000000000000000000000000000000033333330000000000030443344444455555544433
00000000000000000000002200000000000000000000000000000000000000000000000000000000000000000000000000000000000000000000000000000000000000000000000000000000000000000330000000000000000443444444444444443333
00000000000000000000002200000000000000000000000000000000000000000000000000000000000000000000000000000000000000000000000000000000000000000000000000000000000000000030000000000004340344444444444444433333
00000000000000000000200000000000000000000000000000000000000000000000000000000000000000000000000000000000000000000000000000000000000000000000000000000000000000000000000000040003434444344444444444444443
00000000000000000000022200000000000000000000000000000000000000000000000000000000000000000000000000000000000000000000000000000000000000000000000000000000000000000000000000000303044432444444444444444433
00000000000000000000000000000000000000000000000000000000000000000000000000000000000000000000000000000000000000000000000000000000000000000000000000000000000000000000000000000334000224444444444444443433
00000000000000000022000000000000000000000000000000000000000000000000000000000000000000000000000000000000000000000000000000000000000000000000000000000000030000000030000000000003333334444444444444444332
00000000000000000000000000000000000000000000000000000000000000000000000000000000000000000000000000000000000000000000000000000000000000000000000000000000030003030330000000004033333344444444444444433320
00000000000000000000000000000000000000000000000000000000000000000000000000000000000000000000000000000000000000000000000000000000000000000000000000000000000033330000033000003443434444444444444443332332
00000000000000000000000000000000000000000000000000000000000000000000000000000000000000000000000000000000000000000000000000000000000000000000000000000000000033333033033030343343433444444444444433333332
00000000000000000000000000000000000000000000000000000000000000000000000000000000000000000000000000000000000000000000000000000000000000000000000000000000000330330300033000044334343444444444443333333323
00000000000000000000000000000000000000000000000000000000000000000000000000000000000000000000000000000000000000000000000000000000000000000000000000000000000333333330030000003443343444444444443333333333
00000000000000000000000000000000000000000000000000000000000000000000000000000000000000000000000000000000000000000000000000000000000000000000000000000000000030303333003000323444433444444444333333323200
00000000000000000000000000000000000000000000000000000000000000000000000000000000000000000000000000000000000000000000000000000000000000000000000000000000000033333333300000234444444444444444333333322002
00000000000000000000000000000000000000000000000000000000000000000000000000000000000000000000000000000000000000000000000000000000000000000000000000000000000030333330000023344344434444444443333032022220
00000000000000000000000000000000000000000000000000000000000000000000000000000000000000000000000000000000000000000000000000000000000000000000000000000000000000333333000003334334444444444433333322320000
00000000000000000000000000000000000000000000000000000000000000000000000000000000000000000000000000000000000000000000000000000000000000000000000000000000003333033333300003344444444444344333333222232220
00000000000000000000000000000000000000000000000000000000000000000000000000000000000000000000000000000000000000000000000000000000000000000000000000000000033033333434433000344343334430443333332322200000
00000000000000000000000000000000000000000000000000000000000000000000000000000000000000000000000000000000000000000000000000000000000000000000000000000000033333333344443003343330334300433333223222020000
00000000000000000000000000000000000000000000000000000000000000000000000000000000000000000000000000000000000000000020000000000000000000000000000000000000033333333443333003430303334332223332232222222030
00000000000000000000000000000000000000000000000000000000000000000000000000000000000000000000000000000000000000000000000000000000000000000000000000000000033033333443333003333033303443003322222222220000
00000000000000000000000000000000000000000000000000000000000000000000000000000000000000000000000000000000000000000000000000000000000000000000000000000000030330343433333003303333003033330232002222222302
00000000000000000000000000000000000000000000000000000000000000000000000000000000000000000000000000000002000002000000000000000000000000000000000000000000030333333343333233020303000033032330000222222200
00000000000000000000000000000000000000000000000000000000000000000000000000000000000000000000000000000000200000000000000000000000000000000000000000000000033333333034332023000003300033223202002222222222
00000000000000000000000000000000000000000000000000000000000000000000000000000000000000000000000000000000000000002000000000000000000000000000000000000000033333333333300202000232233333223000022222222222
00000000000000000000000000000000000000000000000000000000000000000000000000000000000000000000000000002200000000202000000000000000000000000000000000000000033333333333330022202202333303332000222222222222
00000000000000000000000000000000000000000000000000000000000000000000000000000000000000000000000000022002200000000000022000000000000000000000000000000000000333333333300022000222333003320022222222223222
00000000000000000000000000000000000000000000000000000000000000000000000000000000000000000000000000002020000000000000002000000000000000000000000000000000003333333303300002320022330002222002222222232002
00000000000000000000000000000000000000000000000000000000000000000000000000000000000000000000000002002222200000000000000000000000000000000000000000000000000333333000330022222200200000322002222220000000
00000000000000000000000000000000000000000000000000000000000000000000000000000000000000000000000002002222000002000000020000000000000000000000000000000000000333330003000332222200000002220002202222020000
00000000000000000000000000000000000000000000000000000000000000000000000000000000002000000000022200222222200022000200020000000000000000000000000000000000000333300030003322223330300002222022022222000000
00000000000000000000000000000000000000000000000000000000000000000000000000000000000000000000002222222222202200002000000000000000000000000000000000002000000033300033000222223000000002222000222220000000
00000000000000000000000000000000000000000000000000000000000000000000000000000000000002220000002222222220202000000000000000000000000000000000000000000000003333000003000022230033000002220020002200000000
00000000000000000000000000000000000000000000000000000000000000000000000000000000000002022000000222222220002000000000000000000000000000000000000000000000003300000233032222222330000000200000002200000000
00000000000000000000000000000000000000000000000000000000000000000000000000000000000020022200022222222220022000200000000000000000000000000000000000000000033300000300033222223330000002200002200200000000
00000000000000000000000000000000000000000000000000000000000000000000000000000000000220220000022222222220022000000000000000000000000000000000000000000000200000003000030222003000020000020020000000000230
00000000000000000000000000000000000000000000000000000000000000000000000000000000000202202000002222222220000002000000000000000000000000000000000000020000000000000000002020200202000000200200202020030300
00000000000000000000000000000000000000000000000000000000000000000000000000000000000002002220000222222220000020000000000000000000000000000000000000020000000003002000000220200000000020000000000220330000
00000000000000000000000000000000000000000000000000000000000000000000000000000000000220020222202022220220022000000000000000000000000000000000000000202000000033000230002222200020000000000002002000200000
00000000000000000000000000000000000000000000000000000000000000000000000000000000000200002222220222002200200000000000000000000000000000000000000000002000000030002000002222000000000002000000000223002000
00000000000000000000000000000000000000000000000000000000000000000000000000000000000200002222000022020000200000000000000000000000000000000000000000002020002000002000022222200000000000000000020000000000
00000000000000000000000000000000000000000000000000000000000000000000000000000000002000022002220022000020000000000000000000000000000000000000000000000002000200002020022222200000000000002000000000000000
00000000000000000000000000000000000000000000000000000000000000000000000000000000000000022220000002000222000000000000000000000000000000000000000000002202202222002000222022220000000000020000000000000000
00000000000000000000000000000000000000000000000000000000000000000000000000000000000002022202000002022220000000000000000000000000000000000000000000002202002200002022220020022200000000000002202000000300
00000000000000000000000000000000000000000000000000000000000000000000000000000000000000002002220002020000000000000000000000000000000000000000000000002022022220202222220220022222000000002220000000002000
00000000000000000000000000000000000000000000000000000000000000000000000000000000000002020000020000000000000000000000000000000000000000000000000000000000022222022222020000222020000000222220200000002002
00000000000000000000000000000000000000000000000000000000000000000000000000000000000000202022222202000000000000000000000000000000000000000000000020002202222222022202000002023200000000002220200000220000
00000000000000000000000000000000000000000000000000000000000000000000000000000000000002000022222200000000000000000000000000000000000000000000000000002022220222222202220000200000000000002202000000000000
00000000000000000000000000000000000000000000000000000000000000000000000000000000000000000002020000000000000000000000000000000000000000000000000000000222222222222222202222230000000000002203000000000000
00000000000000000000000000000000000000000000000000000000000000000000000000000000000000220202020000000000000000000000000000000000000000000000000000022222222222222222200222200000000000002200000000000002
00000000000000000000000000000000000000000000000000000000000000000000000000000000000002002200222222200000000000000000000000000000000000000000000020022222222222222222000002200000000000022000000000000000
00000000000000000000000000000000000000000000000000000000000000000000000000000000000020000000220000000000000000000000000000000000000000000000000022200022222222222200000022000000000000000000000000000200
00000000000000000000000000000000000000000000000000000000000000000000000000000000000220000002200000000000000000020000000000000000000000000000000022020222222222222000002200000000000000000200000000002000
00000000000000000000000000000000000000000000000000000000000000000000000000000000000200002000000220000000000000022000000000000000000000000000000022002220222222020000022300000000000000000000000000002200
00000000000000000000000000000000000000000000000000000000000000000000000000000000000000220220002200000000000020000000000000000000000000000000000022200022020222000000020000000000000000000000000000000000
00000000000000000000000000000000000000000000000000000000000000000000000000000000000200200002022000020000000020002000000000000000000000000000000222202222222220000000222000000000000000002200000000000000
00000000000000000000000000000000000000000000000000000000000000000000000000000000000022220200220000200000000000000000000000000000000000000000000022200222022022222000200000000000000000020000000000000000
00000000000000000000000000000000000000000000000000000000000000000000000000000000000022222220200002000000000000000000000000000000000000000000000000000022222020202000000000000000000000000000000000000002
00000000000000000000000000000000000000000000000000000000000000000000000000000000200000222220200002000000000000000000000000000000000000000000002220222222200000220002000000000000000000200000000000000002
00000000000000000000000000000000000000000000000000000000000000000000000000000002000222222222200020000000000000000000000000000000000000000000002200222222000000200000000000000000002002000000000000000020
00000000000000000000000000000000000000000000000000000000000000000000000000000000000000222222200000000000000000000000000000000000000000000000002222000022022200222000000000000000000020000000000000000002
00000000000000000000000000000000000000000000000000000000000000000000000000000000000022222222022000000000000000000000000000000000000000000000000000022220000200000020000000000000000000000000000000000000
00000000000000000000000000000000000000000000000000000000000000000000000000000000020002222222220000000000000000000000000000000000000000000000000000002000000000222200000000000000000000000000000000000000
00000000000000000000000000000000000000000000000000000000000000000000000000000000000002222222220000000000000000000000000000000000000000000000000002000002000000000000000000000000000000000000000000000000
00000000000000000000000000000000000000000000000000000000000000000000000000000000000002002222200000000000000000000000000000000000000000000000000020200200000002020000000000000000000000000000000000000000
00000000000000000000000000000000000000000000000000000000000000000000000000000000000000002222000000000000000000000000000000000000000000000000000000000000000002020000000000000000000000000000000000000000
00000000000000000000000000000000000000000000000000000000000000000000000000000000000000000002000000000000000000000000000000000000000000000000000000202000000020000000000000000000000000000000000000000000
00000000000000000000000000000000000000000000000000000000000000000000000000000000000000000000000000000000000000000000000000000000000000000000000000022000000002000000000000000000000000000000000000000000
00000000000000000000000000000000000000000000000000000000000000000000000000000000000000000000000000000000000000000000000000000000000000000000000000200020000000000000000000000000000000000000000000000000
00000000000000000000000000000000000000000000000000000000000000000000000000000000000000000000000000000000000000000000000000000000000000000000000002022200000000000000000020000000000000000000000000000000
00000000000000000000000000000000000000000000000000000000000000000000000000000000000000000002000000000000000000000000000000000000000000000000000000000002000222200000002222000000000000000000000000000000
00000000000000000000000000000000000000000000000000000000000000000000000000000000000000000000000000000000000000000000000000000000000000000000000000000022000000000000000220000000000000000000000000000000
00000000000000000000000000000000000000000000000000000000000000000000000000000000000000000000000000000000000000000000000000000000000000000000000000000000000000000000000000000000000000000000000000000000
00000000000000000000000000000000000000000000000000000000000000000000000000000000000000000000000000000000000000000000000000000000000000000000000000000000000000000000002200000000000000000000000000000000
00000000000000000000000000000000000000000000000000000000000000000000000000000000000000000000000000000000000000000000000000000000000000000000000000000000000000000000000000000000000000000000000000000000
00000000000000000000000000000000000000000000000000000000000000000000000000000000000000000000000000000000000000000000000000000000000000000000000000002000000000200000000000000000000000000000000000000000
00000000000000000000000000000000000000000000000000000000000000000000000000000000000000000000000000000000000000000000000000000000000000000000000000000002000000000000000000000220000000000000000000000000
00000000000000000000000000000000000000000000000000000000000000000000000000000000000000000000000000000000000000000000000000000000000000000000000000000200000002022000000020000000000000000000000000000000
00000000000000000000000000000000000000000000000000000000000000000000000220000200000000000000000000000000000000000000000000000000000000000000000000000000000002200000000020200000000000000000000000000000
00000000000000000000000000000000000000000000000000000000000000000000000002022202200000000000000000000000000000000000000000000000000000000000000000000000000000202000000000000000000000000000000000000000
00000000000000000000000000000000000000000000000000000000000000000202000002202220220000000000000000000000000000000000000000000000000000000000000000000000000020000000000002202000000000000000000000000000
00000000000000000000000000000000000000000000000000000000000000000000000002220000000000000000000000000000000000000000000000000000000000000000000000000000002002200000000000200000000000000000000000000000
00000000000000000000000000000000000000000000000000000000000000000000000022000000000000000000000000000000000000000000000000000000000000000000000000000000002002220000000000000000000000000000000000000000
00000000000000000000000000000000000000000000000000000000000000000000000220000022202000000000000000000000000000000000000000000000000000000000000000000000000002200000000000000000000000000000000000000000
00000000000000000000000000000000000000000000000000000000000000000000000002222222200000000000000000000000000000000000000000000000000000000000000000000000000202000000000000000000000000000000000000000000
00000000000000000000000000000000000000000000000000000000000000000000000020220002022000000000000000000000000000000000000000000000000000000000000000000000000202000000000000200000000000000000000000000000
00000000000000000000000000000000000000000000000000000000000000000000000002000020020000000000000000000000000000000000000000000000000000000000000000000000202202000000000000000000000000000000000000000000
00000000000000000000000000000000000000000000000000000000000000000000002002022020200000000000000000000000000000000000000000000000000000000000000000000022202220000000000000000000000000000000000000000000
00000000000000000000000000000000000000000000000000000000000000000000002200020000000000000000000000000000000000000000000000000000000000000000000000000222222200000000000000000000000000000000000000000000
00000000000000000000000000000000000000000000000000000000000000000000000000000000000000000000000000000000000000000000000000000000000000000000000002022222220000000000000000000000000000000000000000000000
00000000000000000000000000000000000000000000000000000000000000000000000000220000000000000000000000000000000000000000000000000000000000000000000020222222200220000000000000200000000000000000000000000000
00000000000000000000000000000000000000000000000000000000000000000000000002200200022000000000000000000000000000000000000000000000000000000000000220222222200200000000000020000000000000000000000000000000
00000000000000000000000000000000000000000000000000000000000000000000000002000200000000000000000000000000000000000000000000000000000000000000202020022222002220000000000002000000000000000000000000000000
00000000000000000000000000000000000000000000000000000000000000000000000020000020000000000000000000000000000000000000000000000000000000000020022002222220000000000000000020000000000000000000000000000000
00000000000000000000000000000000000000000000000000000000000000000000000002200000000000000000000000000000000000000000000000000000000000000222022220222202220200000200000020000000000000000000000000000000
00000000000000000000000000000000000000000000000000000000000000000000022000000020000000000000000000000000000000000000000000000000000000000200020222222222000000000000020022000000000000000000000000000000
00000000000000000000000000000000000000000000000000000000000000000000002000002220000000000000000000000000000000000000000000000000000000000002022222222222200220000000000002200000000000000000000000000000
00000000000000000000000000000000000000000000000000000000000000000000002022220200000000000000000000000000000000000000000000000000000200000002222222222222222220020000000000200000000000000000000000000000
00000000000000000000000000000000000000002000000000000000000000000000220022200000000000000000000000000000000000000000000000000000000220022002022222222222222220020000000000000000000000000000000000000000
00000000000000000000000000000000000000000000000000000000000000000000000000022000000000000000000000000000000000000000000000000000002200022202222222222222222020200000000000000000000000000000000000000000
00000000000000000000000000000000000000000000000000000000000000000000000000000000000000000000000000000000000000000000000000000000002020022202222222222222022200222000000002000000000000000000000000000000
00000000000000000000000000000000000000000000000000000000000000000000000000000000000000000000000000000000000000000000000000000000000020022222222222222222202220202000000000000000000000000000000000000000
00000000000000000000000000000000000000000000000000000000000000000000000000000000000000000000000000000000000000000000000000000000000000002222222222222022200000220000000020000000000000000000000000000000
00000000000000000000000000000000000000000000000000000000000000000000000000000000000000000000000000000000000000000000000000000000000022220222222222220000002200200220000220000000000000000000000000000000
00000000000000000000000000000000000000000000000000000000000000000000000000000000000000000000000000000000000000000000000000000000000022220222222222220000000000020020000220000000000000000000000000000000
00000000000000000000000000000000000000000000000000000000000000000000000000000000020000000000000000000000000000000000000000000000000002222222002222220000200002000220000020000000000000000000000000000000
00000000000000000000000000000000000000000000000000000000000000000000000000000000220000200000000000000000000000000000000000000000000002222222220222220002220020000000000020000000000000000000000000000000
00000000000000000000000000000000000000000000000000000000000000000000000000000220000000002000000000000000000000000000000000000000000002202202222222000222200020000000000020000000000000000000000000000000
00000000000000000000000000000000000000000000000000000000000000000000000000000000000000000000000000000000000000000000000000000000000022202222222222000202000000000000000200000000000000000000000000000000
00000000000000000000000000000000000000000000000000000000000000000000020000002000000000000000000000000000000000000000000000000000000022022222222222200202000000000000002200000000000000000000000000000000
00000000000000000000000000000000000000000000000000000000000000000000220222220000000000000000000000000000000000002000000000000000000022000222222222022200000000000000002000000000000000000000000000000000
00000000000000000000000000000000000000000000000000000000000000000002220222220020000000000000000000000000000000002000000000000000022022000020002202000000000000000000022000000000000000000000000000000000
00000000000000000000000000000000000000000000000000000000000000000222222222200002200000022200000000000000000000000000000000000000000222000202000002000000000000000000200000000000000000000000000000000000
00000000000000000000000000000000000000000000000000000000000000002220000000202200220000002020000000000000000000000000000000000000002222000002000022000000000000000002000000000000000000000000000000000000
00000000000000000000000000000000000000000000000000000000000000002200002002220222000220002222000000000000200000000000000000000000002200000000000200000000200000000020000000000000000000000000000000000000
00000000000000000000000000000000000000000000000000000000000000002200000002022000022200002220000000000020000000000000000000000000000202000000000000000000000000000020000000000000000000000000000000000000
00000000000000000000000000000000000000000000000000000000000000000000000000222000022222002000000000000000000000000000000000000000000202000000000000000000000000000020000000000000000000000000000000000000
00000000000000000000000000000000000000002000000000000000000000000000002222222200220022002022000000000000000000000000000000000000000200000000000000000000000000000020000000000000000000000000000000000000
00000000000000000000000000000000000000000020000000000000000000000000002222222222222222222200000000000000000000000000000000000000000220200000000000000000000000000000000000000000000000000000000000000000
00000000000000000000000000000000000000020220000000000000000000000220020002222222222022222202200000000000000000000000000000000000000020000000000000000000000000000000000000000000000000000000000000000000
00000000000000000000000000000000000000022000000000000000000000002200002000222222220022222222200000000000000000000000000000000000022200000000002000000000000000000000000000000000000000000000000000000000
00000000000000000000000000000000000000000000000000000000000000000000000000222222222222222200220000000000000000000000000000000000002200000000000000000000000000000000000000000000000000000000000000000000