00000000000000000000000000000000000000000000000000000200000000000000000000000000002000000000002220000222000000000000000000022000000002200000000000022222222222222222222222222222222222022022020220002002
00000000000000000000000000000000000000000000000000000022002200000020000000000000000000022000200000000000000000000000000222200000000020000000000002222022222222222222222222222222222222200222200222022000
00000000000000000000000000000000000000000000000000000022002000002200000000000000000000222022000000000000002000000000000222220000000020000000000000222202222222222222222222222222222222222222022220022000
00000000000000000000000000000000000000000000220200000000000222222000000000000000000000000000000000000000000000000000000000000000000000000020000002222000222022222222222222222222222222222220002220000000
00000000000000000000000000000000000000000000002222202222220222222220000220000000000000200000220000000000000000000000000000000000000000000000000000022000002222222222222222222222222222222022222000000000
00000000000000000000000000000000000000000002202222222222220222222200000220000000000000000000220000000000000000000000000000000000000000000000000000022000022222022222222222222222222222222022222000000000
00000000000000000000000000000000000000000000000222222202222222222222202200000000000000000002222220000000000000000000000000000000000000000000000000002222202222222222222222222222222222222222220220000000
00000000000000000000000000000000000000000200000220222200220222222200002202000000000000000000220000000000000000000000000000000000000000000000000000002222222222222222222222222222222222222222220220000000
00000000000000000000000000000000000000000020002000022220002222222222000222200000000000000200000000000000000000000000000000000000000000000000000000002222222200022222222222222222222222222222220000000000
00000000000000000000000000000000000000000000002222022222022222220222020222200000000000000220000000000000000000000000000000000000000000000000000000022222202202022222222222222222222222222022222000020000
00000000000000000000000000000000000000000000000222202222200222222222022000000000000000022000000000000000000000000000000000000000000000000000000000022222222020020200202222200222222222222222222200000000
00000000000000000000000000000000000002000020220222222222222222222222220000200000000002000000000000000000000000000000000000000000000000000000000002220022222022002022222222222222222222222222222200000000
00000000000000000000000000000000000002220000000222222222222222222222220220000002000000020000000000000000000000000000000000000000000000000000000002220022222200002022222222022222220222222222222200000000
00000000000000000000000000000000220000000200000202222222222222222222220222200220000220002000000000000000000000000000000000000000000000000000000002222022202200022022222222222222222222222222202020000000
00000000000000000000000000000000220000200020220022202222222222222222220222200220000220000000000000000000000000000000000000000000000000000000000002222222022200022222222222222222222222222222002220000000
00000000000000000000000000000000000200022202222222222222222222222222220222200022000220000000000000000000000000000000000000000000000000000000000000000222222200000000002222222222222020200000000000000000
00000000200000000000000000000000220000002200002222222222222222222222222222222002202200022000000000000000000000000000000000000000000000000000000020020200000000000002200000200200220000000000000000022000
00000000000000000000000000000000220000002222002222222220222222222222222222222002200200022000000000000000000000000000000000000000000000000000000000002220200000000000000000020200000000000000000002022000
02020000200220000000000000000000002000022222222222222222222222222222222222222022220222200200000020000000000000000000000000000000000000000000000020222002220000000000000000000000000000000000222220022202
02002200000000002000000000000000000200222222222222222222222222222222222222222022220222202000000002000000000000000000000000000000000000000000000000022200220000000000000000000000000000000000222220022002
02022220002220022000000000000000000222202222222222222222222222222222222222222022220202000200000000000200000000000000000000000000000000000000000000002022000000000000000000000000000000000000220020022220
00020200200220020000000000000000002222202222222222222222222222222222222222222222222220000200000000020200000000000000000000000000000000000000000000000222200000000000000000000000000000002222222020222220
00000000200002000000000000000000000220220002002222222222222222222222222222222222222200002000000000000000000000000000000000000000000000000000000000000222200000000000000000000000000000022222220020002020
00000000022000022000000000000000000022202200000022222222222222222222222222222222222000020000000000000000000000000000000000000000000000000000000000000222000000000222222220022022002202022222222202222020
00000000220000020000000000000000000002002000000222222222222222222222222222222222222002000000000000000000000000000000000000000000000000000000000000000222000000000222222222022022022000022222222202222000
00000000000002200000000000000000000202000000220222222222222222222222222222222222222222200000000000000000000000000000000000000000000000000000000000000020000000000000220222200022200000202222020020000000
00002000000002200000000000000000000202200000222222222222222222222222222222222222222222220200020000000000000000000000000000000000000000000000000000002200000000000000222022200022000002020200000020000000
20000000000000000000000000000000000000000000220222222220022222222222220222222222222222222200020000000000000000000000000000000000000000000000000000022000000000000000022200220000002200022000000000000000
00000000000000000000000000000000000002000002222220000022222222222022202022222222222222022200000000000000000000000000000000000000000000000000000000000000000000000000000220000000000200002022000000000000
00000000000000000000000000000000000000000000222020000000222222020222022002222222222222222200000000000000000000000000000000000000000000000000000000000020000000000000000000000000000000000022000000000000
00000000000000000000000000000000000000000000002000220022222222200202200222222222222222222200002000000000000000000000000000000000000000000000000000000200000000000000002000000202000022000000000000000200
00000000000000000000000000000000000000000000000000022022220222200000222222222222222222022200202000000000000000000000000000000000000000000000000000000200000000000000200020000200000020000000002200000000
00000000000000000000000000000000000000222200002000002020002222200000000222222222222220020000002000000000000000000000000000000000000000000000000000022000000000000022220002222000000000000000000000000000
00220000000000000000000000000000000200222200202022000020002222220000000222222222222220000000222000000000000000000000000000000000000000000000000000022000000000000022222202222000022000000000000222000000
00000000000000000000000000000000000002200222020200222022220000020000000020222022220222200000020000000000000000000000000000000000000000000000000000000000000000000022222222202022220000022000000020000000
00000000000000000000000000000000000000000220222020222200220222222000000002022222220222222002002000000000000000000000000000000000000000000000000000000000000000022222222220000000200200020220000000000000
00000000000000000000000000000000000000000020000002022220222222222000000000022222222222222022202000000000000000000000000000000000000000000000000000000000000000022222222220000000000220020000000000000000
00000000000000000000000000000000000000000022002000200000220200022200000000022222222222220200220200000000000000000000000000000000000000000000000000000000000000022222000000000022000000020000220000000000
00000000000000000000000000000000000000000022020000000220220000222200000000222222222222222200220000000000000000000000000000000000000000000000000000000000000000222222020000000022000000000000220000000000
00000000000000000000000000000000000000000022020000002222002002222222000000222220222220022200020000000000000000000000000000000000000000000000000000000000000002220022220000002020000000000000000000000000
00000000000000000000000000000000000000000000220002220000000222202220200000000222222220022200020000000000000000000000000000000000000000000000000000000000000020022022000002222222000000000000000000000000
00000000000000000000000000000000000000000000220002200000000222202220020000000200022222022220200000000000000000000000000000000000000000000000000000000220000002222022000002222022020000000000000000000000
00000000000000000000000000000000000000000000000000000000020002222202200000000222222020000000000000000000000000000000000000000000000000000000000000000000000202200220000022222222222200000000000202000000
00000000000000000000000000000000000000000000022000000000000002220000000000000222222020000020002000000000000000000000000000000000000000000020020000000000000002222200000222202222222200000000000002000000
00000000000000000000000000000000000000000000002002200000000222200000000000000020220020000200000000000000000000000000000000000000000000000200000000000000222222200000000222222200220022200000000000000000
00000000000000000000000000000000000000000000000002200000200222200220000000000020220000000200000000000000000000000000000000000000000000000200000000000000222222200000002222222200220022200000000000000000
00000000000000000000000000000000000000000000000000000000000022200000222000000000220220000000020000000000000000000000000000000000000000000000000000020200220220000022022222222200200000022000000000000000
00000000000000000000000000000000000000000000000000000000200000002000222200000002000000000200000000000000000000000000000000000000000000000000000002200022020200000022022222222222222222022000000000000000
00000000000000000000000000000000000000000000000000000000000000000000222000000000000000000000000000000000000000000000000000000000000000000000000002200022020000002022002222222222222220022000000000000000
00000000000000000000000000000000000000000000000000000000000000002000000000000000000220000000000000000000000000000000000000000000000000000000000000000222000000022020222222220202222222200000000000000000
00000000000000000000000000000000000000000000000000000000000000000000000000000000200220000000000000000000000000000000000000000000000000000000000002220222000000022000222222222202220022200000000000000000
00000000000000000000000000000000000000000000000000000000000000000002000000000000200000000000000000000000000000000000000000000000000000000200000000222000000000020200002222022200222202222200000000000000
00000000000000000000000000000000000000000000000000000000000000000000000000000000000000000000000000000000000000000000000000000000000000000200000000000000000000022022002222222202222202222220000000000000
00000000000000000000000000000000000000000000000000000000000000000000000000000000000000000000000000000000000000000000000000000000000000000000000000000000000002222222022202222202222202222220000000000000
00000000000000000000000000000000000000000000000000000000000000000000000000000000000000000000000000000000000000000000000000000000000000000022022220000000000022222222222222222200222222222222000020000000
00000000000000000000000000000000000000000000000000000000000000000000000000000000000000000000000000000000000000000000000000000000000000000022002200000000000022202222222222222202222222222222000022000000
00000000000000000000000000000000000000000000000000000000000000000000000000000000000000000000000000000000000000000000000000000000000000022000000020000000000000020202222222222200220222222222222220000000
00000000000000000000000000000000000000000000000000000000000000000000000000000000000000000000000000000000000000000000000000000000000000022000000020000000000002022022222222222200222022022222222220000000
00000000000000000000000000000000000000000000000000000000000000000000000000000000000000000000000000000000000000000000000000000000000000000000000200000000000002222222222222222200222202222222222220000000
00000000000000000000000000000000000000000000000000000000000000000000000000000000000000000000000000000000000000000000000000000000000000000000000000000000020000000200222222220222022200022222222222200000
00000000000000000000000000000000000000000000000000000000000000000000000000000000000000000000000000000000000000000000000000000000000000000000000200000000000000022200222222202222002202222222222202202000
00000000000000000000000000000000000000000000000000000000000000000000000000000000000000000000000000000000000000000000000000000000000000020000000000000000000020000200222222202222002222222222222222220000
00000000000000000000000000000000000000000000000000000000000000000000000000000000000000000000000000000000000000000000000000000000000000000000002000000000000222000202222222222222222222222022222222202000
00000000000000000000000000000000000000000000000000000000000000000000000000000000000000000000000000000000000000000000000000000000000000000000002200000000000020022022222222222222222200220220022220202000
00000000000000000000000000000000000000000000000000000000000000000000000000000000000000000000000000000000000000000000000000000000000000000000002200000000000020022022222222002222222002220222022202000000
00000000000000000000000000000000000000000000000000000000000000000000000000000000000000000000000000000000000000000000000000000000000000000000000000000000002200200022202222202222222200222000000000000000
00000000000000000000000000000000000000000000000000000000000000000000000000000000000000000000000000000000000000000000000000000000000000000000000000000000200000000200222220022222222202222220000000000000
00000000000000000000000000000000000000000000000000000000000000000000000000000000000000000000000000000000000000000000000000000000000000000000000000200000000000000200222222022222222222222220000000000000
00000000000000000000000000000000000000000000000000000000000000000000000000000000000000000000000000000000000000000000000000000000000000000000000000000000000002000222222222022222222202022000000020000000
00000000000000000000000000000000000000000000000000000000000000000000000000000000000000000000000000000000000000000000000000000000000000000000000000000000000000000222222222022222222222222200000220000000
00000000000000000000000000000000000000000000000000000000000000000000000000000000000000000000000000000000000000000000000000000000000000000000000000000000000000002022222222222222222222222002000000000000
00000000000000000000000000000000000000000000000000000000000000000000000000000000000000000000000000000000000000000000000000000000000000000000000000000000000000022022222222222222222222222002000000000000
00000000000000000000000000000000000000000000000000000000000000000000000000000000000000000000000000000000000000000000000000000000000000000000000000000000000000022022222222222222222222222000000002000000
00000000000000000000000000000000000000000000000000000000000000000000000000000000000000000000000000000000000000000000000000000000000000000000000000000000000000002022222222222222222022200220000200000000
00000000000000000000000000000000000000000000000000000000000000000000000000000000000000000000000000000000000000000000000000000000000000000000000000000000000000002222220222222222222222200220000000000000
00000000000000000000000000000000000000000000000000000000000000000000000000000000000000000000000000000000000000000000000000000000000000000000000000000000000000000200222222222020222020022022000000000000
00000000000000000000000000000000000000000000000000000000000000000000000000000000000000000000000000000000000000000000000000000000000000000000000000000000000000000220222222222000222220222022000000000000
00000000000000000000000000000000000000000000000000000000000000000000000000000000000000000000000000000000000000000000000000000000000000000000000000000000000000000000222002202022002202202000002200000000
00000000000000000000000000000000000000000000000000000000000000000000000000000000000000000000000000000000000000000000000000000000000000000000000000000000000000000000020022222222222200000000000000000000
00000000000000000000000000000000000000000000000000000000000000000000000000000000000000000000000000000000000000000000000000000000000000000000000000000000000000000000000022222222202220002000000000000000
00000000000000000000000000000000000000000000000000000000000000000000000000000000000000000000000000000000000000000000000000000000000000000000000000000000000000000000222222222200222220022200000000000000
00000000000000000000000000000000000000000000000000000000000000000000000000000000000000000000000000000000000000000000000000000000000000000000000000000000000000000222022222222202222220022200000000000000
00000000000000000000000000000000000000000000000000000000000000000000000000000000000000000000000000000000000000000000000000000000000000000000000000000000000000000022002222222220222200000222220000000000
00000000000000000000000000000000000000000000000000000000000000000000000000000000000000000000000000000000000000000000000000000000000000000000000000000000000000000022000022200202020000022222000000000000
00000000000000000000000000000000000000000000000000000000000000000000000000000000000000000000000000000000000000000000000000000000000000000000000000000000000000000022000022220202000020000222000000000000
00000000000000000000000000000000000000000000000000000000000000000000000000000000000000000000000000000000000000000000000000000000000000000000000000000000000000000000020020000200000222202000000000000000
00000000000000000000000000000000000000000000000000000000000000000000000000000000000000000000000000000000000000000000000000000000000000000000000000000000000000000002020020000220000022200000000000000000
00000000000000000000000000000000000000000000000000000000000000000000000000000000000000000000000000000000000000000000000000000000000000000000000000000000000000000022220000022200002200000000000000000000
00000000000000000000000000000000000000000000000000000000000000000000000000000000000000000000000000000000000000000000000000000000000000000000000000000000000000000022220022222200002202000000000000000000
00000000000000000000000000000000000000000000000000000000000000000000000000000000000000000000000000000000000000000000000000000000000000000000000000000000000000000000220000200022000000000000000000000000
00000000000000000000000000000000000000000000000000000000000000000000000000000000000000000000000000000000000000000000000000000000000000000000000000000000000000000000000000002000200022200000000000000000
00000000000000000000000000000000000000000000000000000000000000000000000000000000000000000000000000000000000000000000000000000000000000000000000000000000000000000000000000000000000002200000000000000000
00000000000000000000000000000000000000000000000000000000000000000000000000000000000000000000000000000000000000000000000000000000000000000000000000000000000000000000000000000020000000002000000000000000
00000000000000000000000000000000000000000000000000000000000000000000000000000000000000000000000000000000000000000000000000000000000000000000000000000000000000000000000000002200200000000000000000000000
00000000000000000000000000000000000000000000000000000000000000000000000000000000000000000000000000000000000000000000000000000000000000000000000000000000000000000000000002222222000200000000000000000000
00000000000000000000000000000000000000000000000000000000000000000000000000000000000000000000000000000000000000000000000000000000000000000000000000000000000000000000000000222000000000000000000000000000
00000000000000000000000000000000000000000000000000000000000000000000000000000000000000000000000000000000000000000000000000000000000000000000000000000000000000000000000000022000000000000000000000000000
00000000000000000000000000000000000000000000000000000000000000000000000000000000000000000000000000000000000000000000000000000000000000000000000000000000000000000000000000000200000000000000000000000000
00000000000000000000000000000000000000000000000000000000000000000000000000000000000000000000000000000000000000000000000000000000000000000000000000000000000000000000000000002200000000000000000000000000
00000000000000000000000000000000000000000000002002200000000000000000000000000000000000000000000000000000000000000000000000000000000000000000000000000000000000000000002200000000000000000000000000000000
00000000000000000000000000000000000000000000000002200000000000000000000000000000000000000000000000000000000000000000000000000000000000000000000000000000000000000000002200000000000000000000000000000000
00000000000000000000000000000000000000000000002202202000000000000000000000000000000000000000000000000000000000000000000000000000000000000000000000000000000000000000000000000000000000000000000000000000
00000000000000000000000000000000000000000000000220022222000000000000000000000000000000000000000000000000000000000000000000000000000000000000000000000000000000000000000000000000000000000000000000000000
00000000000000000000000000000000000000000000000220222222200000000000000000000000000000000000000000000000000000000000000000000000000000000000000000000000000000000000000000000000000000000000000000000000
00000000000000000000000000000000000000000000222222222222200000000000000000000000000000000000000000000000000000000000000000000000000000000000000000000000000000000000000000000000000000000000000000000000
00000000000000000000000000000000000000000000222220222222200000000000000000000000000000000000000000000000000000000000000000000000000000000000000000000000000000000000000000000000000000000000000000000000
00000000000000000000000000000000000000000000000002222222220000000000000000000000000000000000000000000000000000000000000000000000000000000000000000000000000000000000000000000000000000000000000000000000
00000000000000000000000000000000000000000000000002222222220000000000000000000000000000000000000000000000000000000000000000000000000000000000000000000000000000000000000000000000000000000000000000000000
00000000000000000000000000000000000000000000000022222222220000200000000000000000000000000000000000000000000000000000000000000000000000000000000000000000000000000000000000000000000000000000000000000000
00000000000000000000000000000000000000000000000200222222020002200000000000000000000000000000000000000000000000000000000000000000000000000000000000000000000000000000000000000000000000000000000000000000
00000000000000000000000000000000000000000000002000022222000002200000000000000000000000000000000000000000000000000000000000000000000000000000000000000000000000000000000000000000000000000000000000000000
00000000000000000000000000000000000000000000022200000002020000000000000000000000000000000000000000000000000000000000000000000000000000000000000000000000000000000000000000000000000000000000000000000000
00000000000000000000000000000000000000000000002000002000020000000000000000000000000000000000000000000000000000000000000000000000000000200000000000000000000000000000000000000000000000000000000000000000
00000000000000000000000000000000000000000000000000200020220000000000000000000000000000000000000000000000000000000000000000000000000200022000000000000000000000000000000000000000000000000000000000000000
00000000000000000000000000000000000000000000000000000000000000000000000000000000000000000000000000000000000000000000000000000000000000000000022222000000000000000000000000000000000000000000000000000000
00000000000000000000000000000000000000000000000000000000200000000000000000000000000000000000000000000000000000000000000000000000000000002000002020000000000000000000000000000000000000000000000000000000
00000000000000000000000000000000000000000000002000000200020000000000000000000000000000000000000000000000000000000000000000000200020002200200000000000000000000000000000000000000000000000000000000000000
00000000000000000000000000000000000000000000000000000000000000000000000000000000000000000000000000000000000000000000000000000020000222200000020000000000000000000000000000000000000000000000000000000000
00000000000000000000000000000000000000000000000000020000000000000000000000000000000000000000000000000000000000000000000000020002022200020222000000000000000000000000000000000000000000000000000000000000
00000000000000000000000000000000000000000000000000020000000000000000000000000000000000000000000000000000000000000000000200000022022200020222000000000000000000000000000000000000000000000000000000000000
00000000000000000000000000000000000000000000000000000000000000000000000000000000000000000000000000000000000000000000002000000002000000000000220000220000000000000000000000000000000000000000000000000000
00000000000000000000000000000000000000000000000000000000000000000000000000000000000000000000000000000000000000000000000000000000000000000000000002000000000000000000000000000000000000000000000000000000
00000000000000000000000000000000000000000000000000000000000000000000000000000000000000000000000000000000000000000000000000000000000000000002000020020000000000000000000000000000000000000000000000000000
00000000000000000000000000000000000000000000000000000000000000000000000000000000000000000000000000000000000000000000000000000022002222222222220002002000000000000000000000000000000000000000000000000000
00000000000000000000000000000000000000000000000000000000000000000000000000000000000000000000000000000000000000000000000000000000002202222202220000020000000000000000000000000000000000000000000000000000
00000000000000000000000000000000000000000000000000000000000000000000000000000000000000000000000000000000000000000000000000000000000000000222222200002000000000000000000000000000000000000000000000000000
00000000000000000000000000000000000000000000000000000000000000000000000000000000000000000000000000000000000000000000000220000000000000000222222220222000000000000000000000000000000000000000000000000000
00000000000000000000000000000000000000000000000000000000000000000000000000000000000000000000000000000000000000000000000220000000000000002222222222022020000000000000000000000000000000000000000000000000
00000000000000000000000000000000000000000000000000000000000000000000000000000000000000000000000000000000000000000022000000000000000202222222222220000020000000000000000000000000000000000000000000000000
00000000000000000000000000000000000000000000000000000000000000000000000000000000000000000000000000000000000000000022000000000000000002222222222222020000000000000000000000000000000000000000000000000000
00000000000000000000000000000000000000000000000000000000000000000000000000000000000000000000000000000000000000000000000000000000002202220222222222200000000000000000000000000000000000000000000000000000
00000000000000000000000000000000000000000000000000000000000000000000000000000000000000000000000000000000000000000000000000000000002222222222222222200000000000000000000000000000000000000000000000000000
00000000000000000000000000000000000000000000000000000000000000000000000000000000000000000000000000000000000000000000000000222022002222222222222222222000000000000000000000000000000000000000000000000000
00000000000000000000000000000000000000000000000000000000000000000000000000000000000000000000000000000000000000000000002222200000202222222222222222202000000000000000000000000000000000000000000000000000
00000000000000000000000000000000000000000000000000000000000000000000000000000000000000000000000000000000000000000000002222200000022220022222222222200000000000000000000000000000000000000000000000000000
00000000000000000000000000000000000000000000000000000000000000000000000000000000000000000000000000000000000000000002220002222000002222222222222200000000000000000000000000000000000000000000000000000000
00000000000000000000000000000000000000000000000000000000000000000000000000000000000000000000000000000000000000000000220002222000022222222222222200000000000000000000000000000000000000000000000000000000
00000000000000000000000000000000000000000000000000000000000000000000000000000000000000000000000000000000000000000000020000000000022222222222222220000000000000000000000000000000000000000000000000000000
00000000000000000000000000000000000000000000000000000000000000000000000000000000000000000000000000000000000000000000222000000000220222222222222222200000000000000000000000000000000000000000000000000000
00000000000000000000000000000000000000000000000000000000000000000000000000000000000000000000000000000000000000000000220000000000220222222222222220000000000000000000000000000000000000000000000000000000
00000000000000000000000000000000000000000000000000000000000000000000000000000000000000000000000000000000000000000000000000000000022000022222222222222200000000000000000000000000000000000000000000000000
00000000000000000000000000000000000000000000000000000000000000000000000000000000000000000000000000000000000000000000000000000000002202222222222222222000000000000000000000000000000000000000000000000000
00000000000000000000000000000000000000000000000000000000000000000000000000000000000000000000000000000000000000000000000000000000022202222222222222222022000000000000000000000000000000000000000000000000
00000000000000000000000000000000000000000000000000000000000000000000000000000000000000000000000000000000000000000000000000000000002222222222222222202222000000000000000000000000000000000000000000000000
00000000000000000000000000000000000000000000000000000000000000000000000000000000000000000000000000000000000000000000000220000000002000022220222222222000000000000000000000000000000000000000000000000000
00000000000000000000000000000000000000000000000000000000000000000000000000000000000000000000000000000000000000000000000000200200002220022222222200000200000000000000000000000000000000000000000000000000
00000000000000000000000000000000000000000000000000000000000000000000000000000000000000000000000000000000000000000000000000000200002200022222222222202220000200000000000000000000000000000000000000000000
00000000000000000000000000000000000000000000000000000000000000000000000000000000000000000000000000000000000000000000000000000200002002222022222222022220000000000000000000000000000000000000000000000000
00000000000000000000000000000000000000000000000000000000000000000000000000000000000000000000000000000000000000000000000000000020000222222222222222022200000000000000000000000000000000000000000000000000
00000000000000000000000000000000000000000000000000000000000000000000000000000000000000000000000000000000000000000000000000002200002222222000000000000022000000000000000000000000000000000000000000000000
00000000000000000000000000000000000000000000000000000000000000000000000000000000000000000000000000000000000000000000000000002000000022200222000220020222000000000000000000000000000000000000000000000000
00000000000000000000000000000000000000000000000000000000000000000000000000000000000000000000000000000000000000000000000000002000000000002222000000000222000000000000000000000000000000000000000000000000
00000000000000000000000000000000000000000000000000000000000000000000000000000000000000000000000000000000000000000000000000000000000000022000000000002022200000000000000000000000000000000000000000000000
00000000000000000000000000000000000000000000000000000000000000000000000000000000000000000000000000000000000000000000000000000000000000220000000000000000000000000000000000000000000000000000000000000000
00000000000000000000000000000000000000000000000000000000000000000000000000000000000000000000000000000000000000000000000000000000000000220000000000000000000002200000000000000000000000000000000000000000
00000000000000000000000000000000000000000000000000000000000000000000000000000000000000000000000000000000000000000000000000000000000000000000000000000020000022200000000000000000000000000000000000000000
00000000000000000000000000000000000000000000000000000000000000000000000000000000000000000000000000000000000000000000000000000000000000000022000000000200000002000000000000000000000000000000000000000000
00000000000000000000000000000000000000000000000000000000000000000000000000000000000000000000000000000000000000000000000000000000000000000000002200202020200000000000000000000000000000000000000000000000
00000000000000000000000000000000000000000000000000000000000000000000000000000000000000000000000000000000000000000000000000000000000000000220202200000000000000000000000000000000000000000000000000000000
00000000000000000000000000000000000000000000000000000000000000000000000000000000000000000000000000000000000000000000000000000000000000002022220000000002000000000000000000000000000000000000000000000000
00000000000000000000000000000000000000000000000000000000000000000000000000000000000000000000000000000000000000000000000000000000000000002222220000000000000000000000000000000000000000000000000000000000
00000000000000000000000000000000000000000000000000000000000000000000000000000000000000000000000000000000000000000000000000000000000000000022020000000000000000000000000000000000000000000000000000000000
00000000000000000000000000000000000000000000000000000000000000000000000000000000000000000000000000000000000000000000000000000000000000000000000000000000000000000000000000000000000000000000000000000000
00000000000000000000000000000000000000000000000000000000000000000000000000000000000000000000000000000000000000000000000000000000000000000000000000000000000000000000000000000000000000000000000000000000
00000000000000000000000000000000000000000000000000000000000000000000000000000000000000000000000000000000000000000000000000000000000000000000000000000000000000000000000000000000000000000000000000000000
00000000000000000000000000000000000000000000000000000000000000000000000000000000000000000000000000000000000000000000000000000000000000000000000000000000000000000000000000000000000000000000000000000000
00000000000000000000000000000000000000000000000000000000000000000000000000000000000000000000000000000000000000000000000000000000000000000000000000000000000000000000000000000000000000000000000000000000
00000000000000000000000000000000000000000000000000000000000000000000000000000000000000000000000000000000000000000000000000000000000000000000000000000000000000000000000000000000000000000000000000000000
00000000000000000000000000000000000000000000000000000000000000000000000000000000000000000000000000000000000000000000000000000000000000000000000000000000000000000000000000000000000000000000000000000000
00000000000000000000000000000000000000000000000000000000000000000000000000000000000000000000000000000000000000000000000000000000000000000000000000000000000000000000000000000000000000000000000000000000
00000000000000000000000000000000000000000000000000000000000000000000000000000000000000000000000000000000000000000000000000000000000000000000000000000000000000000000000000000000000000000000000000000000
00000000000000000000000000000000000000000000000000000000000000000000000000000000000000000000000000000000000000000000000000000000000000000000000000000000000000000000000000000000000000000000000000000000
00000000000000000000000000000000000000000000000000000000000000000000000000000000000000000000000000000000000000000000000000000000000000000000000000000000000000000000000000000000000000000000000000000000
00000000000000000000000000000000000000000000000000000000000000000000000000000000000000000000000000000000000000000000000000000000000000000000000000000000000000000000000000000000000000000000000000000000
00000000000000000000000000000000000000000000000000000000000000000000000000000000000000000000000000000000000000000000000000000000000000000000000000000000000000000000000000000000000000000000000000000000
00000000000000000000000000000000000000000000000000000000000000000000000000000000000000000000000000000000000200000000000000000000000000000000000000000000000000000000000000000000000000000000000000000000
00000000000000000000000000000000000000000000000000000000000000000000000000000000000000000000000000000000000000000000000220000000000000000000000000000000000000000000000000000000000000000000000000000000
00000000000000000000000000000000000000000000000000000000000000000000000000000000000000000000000000000000000000000000002220000000000000000000000000000000000000000000000000000000000000000000000000000000
00000000000000000000000000000000000000000000000000000000000000000000000000000000000000000000000000000000000000000000000000000000000000000000000000000000000000000000000000000000000000000000000000000000
00000000000000000000000000000000000000000000000000000000000000000000000000000000000000000000000000000000000000000000000000000000000000000000000000000000000000000000000000000000000000000000000000000000
00000000000000000000000000000000000000000000000000000000000000000000000000000000000000000000000000000000002000000000000000000000000000000000000000000000000000000000000000000000000000000000000000000000
00000000000000000000000000000000000000000000000000000000000000000000000000000000000000000000000000000000000000020000000000000000000000000000000000000000000000000000000000000000000000000000000000000000
00000000000000000000000000000000000000000000000000000000000000000000000000000000000000000000000000000000000000000000000000000000000000000000000000000000000000000000000000000000000000000000000000000000
00000000000000000000000000000000000000000000000000000000000000000000000000000000000000000000000000000000000000000000000000000000000000000000000000000000000000000000000000000000000000000000000000000000
00000000000000000000000000000000000000000000000000000000000000000000000000000000000000000000000000000000000000000000000000000000000000000000000000000000000000000000000000000000000000000000000000000000
00000000000000000000000000000000000000000000000000000000000000000000000000000000000000000000000000000000000000000000000000000000000000000000000000000000000000000000000000000000000000000000000000000000
00000000000000000000000000000000000000000000000000000000000000000000000000000000000000000000000000000000000020000000000000000000000000000000002020000000000000000000000000000000000000000000000000000000
00000000000000000000000000000000000000000000000000000000000000000000000000000000000000000000000000000000000000000000000000000000000000000000002222222200000000000000000000000000000000000000000000000000
00000000000000000000000000000000000000000000000000000000000000000000000000000000000000000000000000000000000220000022000000000000000000000000022222222200000000000000000000000000000000000000000000000000
00000000000000000000000000000000000000000000000000000000000000000000000000000000000000000000000000000000000220000022020000000000000000000000002222222200000000000000000000000000000000000000000000000000
00000000000000000000000000000000000000000000000000000000000000000000000000000000000000000000000000000002000000000000000022200000000000000000002022222000000000000000000000000000000000000000000000000000
00000000000000000000000000000000000000000000000000000000000000000000000000000000000000000000000000000000000000000000000002200000000000000000000022222000000000000000000000000000000000000000000000000000
00000000000000000000000000000000000000000000000000000000000000000000000000000000000000000000000000000022000000000000000000000000002000000000000000222000000000000000000000000000000000000000000000000000
00000000000000000000000000000000000000000000000000000000000000000000000000000000000000000000000000000000000000000000000000000000000000000000000000000000000000000000000000000000000000000000000000000000
00000000000000000000000000000000000000000000000000000000000000000000000000000000000000000000000000020020000000000000000000000000000020000000000000000000000000000000000000000000000000000000000000000000
00000000000000000000000000000000000000000000000000000000000000000000000000000000000000000000000000000020000000000000000000000000000000000000000000000000000000000000000000000000000000000000000000000000
00000000000000000000000000000000000000000000000000000000000000000000000000000000000000000000000000000000000000000000000000000000000000000000000000000000000000000000000000000000000000000000000000000000
00000000000000000000000000000000000000000000000000000000000000000000000000000000000000000000000002002200000000000000022000000000000000000000000000000000000000000000000000000000000000000000000000000000
00000000000000000000000000000000000000000000000000000000000000000000000000000000000000000000000000000200000000000000020200000000000000000000000000000000000000000000000000000000000000000000000000000000
00000000000000000000000000000000000000000000000000000000000000000000000000000000000000000000000000000000000002200000020000022202000000000200000000000000000000000000000000000000000000000000000000000000