00000000000000000000000000000000000000000000000000000000000000000000000000000000000000000000000000000000000000000000000000000000000000000000000000000000000000000000000000000000000000000000000000000000
00000000000000000000000000000000000000000000000000000000000000000000000000000000000000000022200000000000000000000000000000000000000000000000000000000000000000000000000000000000000000000000000000000000
00000000000000000000000000000000000000000000000000000000000000000000000000000000002000000000000000000000000000000000000000000000000000000000000000000000000000000000000000000000000000000000000000000000
00000000000000000000000000000000000000000000000000000000000000000000000000000000000000000200000000000000000000000000000000000000000000000000000000000000000000000000000000000000000000000000000000000000
00000000000000000000000000000000000000000000000000000000000000000000000000000000000000002200020000000000000000000000000000000000000000000000000000000000000000000000000000000000000000000000000000000000
00000000000000000000000000000000000000000000000000000000000000000000000000000000000000002220000000000000000000000000000000000000000000000000000000000000000000000000000000000000000000000000000000000000
00000000000000000000000000000000000000000000000000000000000000000000000000000000000000000000000000000000000000000000000000000000000000000000000000000000000000000000000000000000000000000000000000000000
00000000000000000000000000000000000000000000000000000000000000000000000000000000000002200200200020000000000000000000000000000000000000000000000000000000000000000000000000000000000000000000000000000000
00000000000000000000000000000000000000000000000000000000000000000000000000000000002222222000002202000000000000000000000000000000000000000000000000000000000000000000000000000000000000000000000000000000
00000000000000000000000000000000000000000000000000000000000000000000000000000000022022200000000000000000000000000000000000000000000000000000000000000000000000000000000000000000000000000000000000000000
00000000000000000000000000000000000000000000000000000000000000000000000000000000222200000000000200000000000000000000000000000000000000000000000000000000000000000000000000000000000000000000000000000000
00000000000000000000000000000000000000000000000000000000000000000000000000000000000000000000000020000000000000000000000000000000000000000000000000000000000000000000000000000000000000000000000000000000
00000000000000000000000000000000000000000000000000000000000000000000000000000022000000000000000000000000000000000000000000000000000000000000000000000000000000000000000000000000000000000000000000000000
00000000000000000000000000000000000000000000000000000000000000000000000000000000000000000000000000000000000000000000000000000000000000000000000000000000000000000000000000000000000000000000000000000000
00000000000000000000000000000000000000000000000000000000000000000000000000020022000000002000000000000000000000000000000000000000000000000000000000000000000000000000000000000000000000000000000000000000
00000000000000000000000000000000000000000000000000000000000000000000000002000220000000000020000000000000000000000000000000000000000000000000000000000000000000000000000000000000000000000000000000000000
00000000000000000000000000000000000000000000000000000000000000000000000020002200000000000000000000000000000000000000000000000000000000000000000000000000000000000000000000000000000000000000000000000000
00000000000000000000000000000000000000000000000000000000000000000000002220202000000000000000000000000000000000000000000000000000000000000000000000000000000000000000000000000000000000000000000000000000
00000000000000000000000000000000000000000000000000000000000000000000022000000020000222000000000000000000000020000000000000000000000000000000000000000000000000000000000000000000000000000000000000000000
00000000000000000000000000000000000000000000000000000000000000000000020000000000000220000000000000000000000022000000000000000000000000000000000000000000000000000000000000000000000000000000000000000000
00000000000000000000000000000000000000000000000000000000000000000000000000020000000202000000000000000000200002000000000000000000000000000000000000000000000000000000000000000000000000000000000000000000
00000000000000000000000000000000000000000000000000000000000000000000000000000000022202000000020000000000000022200000000000000000000000000000000000000000000000000000000000000000000000000000000000000000
00000000000000000000000000000000000000000000000000000000000000000000000000200000002220000000000000000000000002000000020000000000000000000000000000000000000000000000000000000000000000000000000000000000
00000000000000000000000000000000000000000000000000000000000000000002000000000202020220002020002000000000000022022000200000000000000000000000000000000000000000000000000000000000000000000000000000000000
00000000000000000000000000000000000000000000000000000000000000000000000000000002222220020002002020000000000000002000200000000000000000000000000000000000000000000000000000000000000000000000000000000000
00000000000000000000000000000000000000000000000000000000000000000000000000000002222222022222000020200000020020000000000000000000000000000000000000000000000000000000000000000000000000000000000000000000
00000000000000000000000000000000000000000000000000000000000000000000000000000002202220022222000000200000200222000000000000000000000000000000000000000000000000000000000000000000000000000000000000000000
00000000000000000000000000000000000000000000000000000000000000000000000000000002002220002222002000000022200222000000200000000000000000000000000000000000000000000000000000000000000000000000000000000000
00000000000000000000000000000000000000000000000000000000000000000000000000000000220220020222000000000222000020000000000000000000000000000000000000000000000000000000000000000000000000000000000000000000
00000000000000000000000000000000000000000000000000000000000000000000000000000000002000022220000002000202000000000000020000000000000000000000000000000000000000000000000000000000000000000000000000000000
00000000000000000000000000000000000000000000000000000000000000000000000000000000000000022222200000000200002000000020000000000000000000000000000000000000000000000000000000000000000000000000000000000000
00000000000000000000000000000000000000000000000000000000000000000000000000000000000000000002200000000202002000000000000020000000000000000000000000000000000000000000000000000000000000000000000000000000
00000000000000000000000000000000000000000000000000000000000000000000000000000000000000000000020000000022002000000000000200000000000000000000000000000000000000000000000000000000000000000000000000000000
00000000000000000000000000000000000000000000000000000000000000000000000000000000000000000000000000000000000000000000000000000000000000000000000000000000000000000000000000000000000000000000000000000000
00000000000000000000000000000000000000000000000000000000000000000000000000000000000000000000220000000020000000000000000200000000000000000000000000000000000000000000000000000000000000000000000000000000
00000000000000000000000000000000000000000000000000000000000000000000000000000000000002000000000000000000000000000000000000000000000000000000000000000000000000000000000000000000000000000000000000000000
00000000000000000000000000000000000000000000000000000000000000000000000000000000000000000000000000000000000000000000000000000000000000000000000000000000000000000000000000000000000000000000000000000000
00000000000000000000000000000000000000000000000000000000000000000000000000000000000000000000000000000000000000000000000000000000000000000000000000000000000000000000000000000000000000000000000000000000
00000000000000000000000000000000000000000000000000000000000000000000000000000000000000000000000000000000002000000002000000000000000000000000000000000000000000000000000000000000000000000000000000000000
00000000000000000000000000000000000000000000000000000000000000000000000000000000000000000000000000000000000000000000000000000000000000000000000000000000000000000000000000000000000000000000000000000000
00000000000000000000000000000000000000000000000000000000000000000000000000000000022220220000000000000000000000000000000000000000000000000000000000000000000000000000000000000000000000000000000000000000
00000000000000000000000000000000000000000000000000000000000000000000000000000000002000020000000000000000000000000000000000000000000000000000000000000000000000000000000000000000000000000000000000000000
00000000000000000000000000000000000000000000000000000000000000000000000000000000000020000000000000000000000000000020000000000000000000000000000000000000000000000000000000000000000000000000000000000000
00000000000000000000000000000000000000000000000000000000000000000000000000000000000000200000000000000000000000000000000000000000000000000000000000000000000000000000000000000000000000000000000000000000
00000000000000000000000000000000000000000000000000000000000000000000000000000000000000022000000000000000000000000000000000000000000000000000000000000000000000000000000000000000000000000000000000000000
00000000000000000000000000000000000000000000000000000000000000000000000000000000000002022000000000000000000000000000000000000000000000000000000000000000000000000000000000000000000000000000000000000000
20000000000000000000000000000000000000000000000000000000000000000000000000000000000000000020000000000000000000000000000000000000000000000000000000000000000000000000000000000000000000000000000000000000
00000000000000000000000000000000000000000000000000000000000000000000000000000000000000000000000000000000000000000000000000000000000000000000000000000000000000000000000000000000000000000000000000000000
20000000000000000000000000000000000000000000000000000000000000000000000002000000000000000002000000000000000000000000000000000000000000000000000000000000000000000000000000000000000000000000000000000000
00000000000000000000000000000000000000000000000000000000000000000000000002000000000000000002002000000000000000000000000000000000000000000000000000000000000000000000000000000000000000000000000000000000
02000000000000000200000000000000000000000000000000000000000000000000000000222220000000000000200000000000000000000000000000000000000000000000000000000000000000000000000000000000000000000000000000000000
00000000000000022000000000000000000000000000000000000000000000000000000000000000000000000000000000000000000000000000000000000000000000000000000000000000000000000000000000000000000000000000000000000000
22002000000000000000000000000000000000000000000000000000000000000000000000000000000000000000020000000000000000000000000000000000000000000000000000000000000000000000000000000000000000000000000000000000
00000000000000000000000000000000000000000000000000000000000000000000000000000000000000000000000000000000000000000000000000000000000000000000000000000000000000000000000000000000000000000000000000000000
00000000000000000000000000000000020000000000000000000000000000000000000000000000000000000000020000000000000000000000000000000000000000000000000000000000000000000000000000000000000000000000000000000000
00000000000022202000000000000000000000000000000000000000000000000000000000000000000000000000000000000000000000000000000000000000000000000000000000000000000000000000000000000000000000000000000000000000
00000000000022220020000000000000020000000000000000000000000000000000000000000000000000000000000000000000000000000000000000000000000000000000000000000000000000000000000000000000000000000000000000000000
00000020000220222200000000000000022200000000000000000000000000000000000000000000000000000000000000000000000000000000000000000000000000000000000000000000000000000000000000000000000000000000000000000000
00000000000022222220000000000000000220020000000000000000000000000000000000000000000000000000000000000000000000000000000000000000000000000000000000000000000000000000000000000000000000000000000000000000
02002200200222222222200000020000022220020000000000000000000000000000000000000000000000000000000000000000000000000000000000000000000000000000000000000000000000000000000000000000000000000000000000000000
00002000220222222222200000000000000002002000000000000000000000000000000000000000000000000000000000000000000000000000000000000000000000000000000000000000000000000000000000000000000000000000000000000000
00000000022222222222202020000000000000000200000000000000000000000000000000000000000000000000000000000000000000000000000000000000000000000000000000000000000000000000000000000000000000000000000000000000
20000000220222222222200020000000000220000000000000000000000000000000000000000000000000000000000000000000000000000000000000000000000000000000000000000000000000000000000000000000000000000000000000000000
00022220000002220002222222000000000000000000000000000000000000000000000000000000000000000000000000000000000000000000000000000000000000000000000000000000000000000000000000000000000000000000000000000000
22022202000000000222222222220000200000000000000000000000000000000000000000000000000000000000000000000000000000000000000000000000000000000000000000000000000000000000000000000000000000000000000000000000
02202020200020200000002222200000002000000000000000000000000000000000000000000000000000000000000000000000000000000000000000000000000000000000000000000000000000000000000000000000000000000000000000000000
20022222222222002000022222202000000000000000000000000000000000000000000000000000000000000000000000000000000000000000000000000000000000000000000000000000000000000000000000000000000000000000000000000000
22222222222222000000002222222000020000020000000000000000000000000000000000000000000000000000000000000000000000000000000000000000000000000000000000000000000000000000000000000000000000000000000000000000
02222222222222220000000222222000020000022000000000000000000000000000000000000000000000000000000000000000000000000000000000000000000000000000000000000000000000000000000000000000000000000000000000000000
22022222022222222002000002220200000000000000000000000000000000000000000000000000000000000000000000000000000000000000000000000000000000000000000000000000000000000000000000000000000000000000000000000000
22022200222222222202002002200020020200000000000000000000000000000000000000000000000000000000000000000000000000000000000000000000000000000000000000000000000000000000000000000000000000000000000000000000
20222222220222222220220200200002220000000000000000002000000000000000000000000000000000000000000000000000000000000000000000000000000000000000000000000000000000000000000000000000000000000000000000000000
20022222000000222200022220020000200000000000000000000000000000000000000000000000000000000000000000000000000000000000000000000000000000000000000000000000000000000000000000000000000000000000000000000000
20222200000000020222222222000002022020000000000000000000000000000000000000000000000000000000000000000000000000000000000000000000000000000000000000000000000000000000000000000000000000000000000000000000
22020202020200000000000000000002222220000000000000000000000000000000000000000000000000000000000000000000000000000000000000000000000000000000000000000000000000000000000000000000000000000000000000000000
22000000220220000000000002000000022220000000000000000000000000000000000000000000000000000000000000000000000000000000000000000000000000000000000000000000000000000000000000000000000000000000000000000000
20020002222000000000000000000000002220220000000000000000000000000000000000000000000000000000000000000000000000000000000000000000000000000000000000000000000000000000000000000000000000000000000000000000
02020000022000000000000002000200000020000000000000000000000000000000000000000000000000000000000000000000000000000000000000000000000000000000000000000000000000000000000000000000000000000000000000000000
00000202000000000000000002000000002200000000000000000000000000000000000000000000000000000000000000000000000000000000000000000000000000000000000000000000000000000000000000000000000000000000000000000000
20020202200000000000000000000002020000000000000000000000000000000000000000000000000000000000000000000000000000000000000000000000000000000000000000000000000000000000000000000000000000000000000000000000
00000022220000000000000000000002000000000000000000000000000000000000000000000000000000000000000000000000000000000000000000000000000000000000000000000000000000000000000000000000000000000000000000000000
00202022220020000000000002000000000000000000000000000000000000000000000000000000000000000000000000000000000000000000000000000000000000000000000000000000000000000000000000000000000000000000000000000000
00000022022002000000000002002000200000020000000000000000000000000000000000000000000000000000000000000000000000000000000000000000000000000000000000000000000000000000000000000000000000000000000000000000
00000022220000000000000000000000000000000000000000000000000000000000000000000000000000000000000000000000000000000000000000000000000000000000000000000000000000000000000000000000000000000000000000000000
00020002000000000000000002000000000200022000000000000000000000000000000000000000000000000000000000000000000000000000000000000000000000000000000000000000000000000000000000000000000000000000000000000000
00000000200000000000000022022002000000220000000000000000000000000000000000000000000000000000000000000000000000000000000000000000000000000000000000000000000000000000000000000000000000000000000000000000
00200000000000000000000022200000000200000000000000000000000000000000000000000000200000000000000000000000000000000000000000000000000000000000000000000000000000000000000000000000000000000000000000000000
00002000020000002000000020000000000000000000000000000000000000000000000000020000000000000000000000000000000000000000000000000000000000000000000000000000000000000000000000000000000000000000000000000000
00002002000000030000000000200000002000000000000000000000000000000000000000000020020000000000000000000000000000000000000000000000000000000000000000000000000000000000000000000000000000000000000000000000
00020000000000000000000000000000000000000000000000000000000000000000000000000000020000000000000000000000000000000000000000000000000000000000000000000000000000000000000000000000000000000000000000000000
22200220020202000000000000200000000000000000000000000000000000000000000000000000000000000000000000000000000000000000000000000000000000000000000000000000000000000000000000000000000000000000000000000000
22200220020003200230000000000000000000000000000000000000000000000000000000000200000000020000000000000000000000000000000000000000000000000000000000000000000000000000000000000000000000000000000000000000
20220200020002203300000000000000000000000000000000000000000000000000000000000000000000020000000000000000000000000000000000000000000000000000000000000000000000000000000000000000000000000000000000000000
22220222320000320033000000000000000000000000000000000000000000000000000000000000000020000000000000000000000000000000000000000000000000000000000000000000000000000000000000000000000000000000000000000000
22222002000302233330000000000000000000000000000000000000000000000200000000000000000000000000000000000000000000000000000000000000000000000000000000000000000000000000000000000000000000000000000000000000
20222220223033444430000300000000000000000000000000000000000000000000000000000000000000000000000000000020000000000000000000000000000000000000000000000000000000000000000000000000000000000000000000000000
22222033332344433400003000000000000000000000000000000000000000000000000000000000000000000000000000000000000000000000000000000000000000000000000000000000000000000000000000000000000000000000000000000000
22232323333434444443333330000000000000000000000000000000000000000000000000000000000000000020000000000000000000000000000000000000000000000000000000000000000000000000000000000000000000000000000000200000
22233323333344444443333020200000000000000000000000000000000000000000000000000000000000000000000000000000000000000000000000000000000000000000000000000000000000000000000000000000000000000000000000002000
23233333234444444443333200200000000000000000000000000000000000000000000000000000000000000020000000000000000000000000000000000000000000000000000000000000000000000000000000000000000000000000000002202000
23333333333444544444330200000020000000000000000000000000000000000000000000000000000000000000000000000000000000000000000000000000000000000000000000000000000000000000000000000000000000000000000002200000
33333333334445554443332300002000000000000000000000000000000000000000000000000000000000020000000000000000000000000000000000000000000000000000000000000000000000000000000000000000000000000000000002000000
33444433444445555444433320000000000000000000200000000000000000000000000000000000000000000000000000000000000000000000000000000000000000000000000000000000000000000000000000000000000000000000000000000000
44444444444455555444333200000000000000000000000000000000000000000000000000000000002000000000000000000000000000000000000000000000000000000000000000000000000000000000000000000000000000000000000000000002
44444443444555555544333300000000000000000000000000000000000000000000000000000000200000000000000000000000000000000000000000000000000000000000000000000000000000000000000000000000000000000000000000000000
44444434444555555444333203000000000000000000000000000000000000000000000000000222222000000000000000002000000000000000000000000000000000000000000000000000000000000000000000000000000000000000000000000000
44433444444455444444322000000000000000000000000000000000000000000000000000000220000200000000000000000200000000000000000000000000000000000000000000000000000000000000000000000000000000000000000000000000
34333333334444434343330000000000000020000000000000000000000000000000000000000222220000000000000002000000000000000000000000000000000000000000000000000000000000000000000000000000000000220000000000000000
44233323332334433333333030000000000020000000000000000000000000000000000000000222002000000000000000000000000000000000000000000000000000000000000000000000000000000000000000000000000000220000000000000000
44223233323232223333220020000000000002000000000000000000000000000000000002202022200000000000000020000000000000000000000000000000000000000000000000000000000000000000000000000000000000200000002000020000
24222233332322232222332220000000000000000002000000000000000000000000000020220222002020000000000000000000000000000000000000000000000000000000000000000000000000000000000000000000000000020000000000020000
03322222332222222222220020000000000000000000000000000000000000000000000202022222200000000000000000000000000000000000000000000000000000000000000000000000000000000000000000000000000000022200000000000002
00222223333222222222222222000000000000000000000000000000000000000000000002222222200000000000000000000000000000000000000000000000000000000000000000000000000000000000000000000000000000022000000000000000
02222220233222222222222222202000000000000000000000000000000000000000000022222222202200000000000000000020000000000000000000000000000000000000000000000000000000000000000000000000000000000000000000000000
02222222022222222222222222220200000000000000000000000000000000000000000220222222202020000000002000000020000000000000000000000000000000000000000000000000000000000000000000000000000000000200000000000000
02222022202222222222222222222000000000000000000000000000000000000000000000000222200002000000002000000000000000000000000000000000000000000000000000000000000000000000000000000000000000000000000000000000
20220022202222222222222222222000000000000000000000000000000000000000000002000002000000000000000000000000000000000000200000000000000000000000000000000000000000000000000000000000000000000000000000000000
22202020200022222222222222222000000000000000000000000000000000000000002020000000000002000000002020200000000000020000000000000000000000000000000000000000000000000000000000000000000000000000000000000000
02222222000000222222222222222222220000000000000000000000000000000000000000000000000000000000000000020002000000000000000000000000000000000000000000000000000000000000000000000000000000000000000000000000
22220020000002222222222222222200002000000000000000000000000000000000000000000000000002000000000020020000020000000020000000000000000000000000000000000000000000000000000000000000000000000000000000000000
20220000000000222222222222222220000000000000000000000000000000000000000000000000000000000000000020000000000000000000000000000000000000000000000000000000000000000000000000000000000000000000000000000000
00020000000000002222222222220022000000000000000000000000000000000000000000000000000000000000000002000000000000000000000000000000000000000000000000000000000000000000000000000000000000000000000000000000
00222200000000222222222222222002200000000000000000000000000000000000000020000000000000000000000000000000020200000000000000000000000000000000000000000000000000000000000000000000000000000000000000000000
00020202220020222222222222222020200000000000000000000000000000000000000000000000000000000200000000000000000020000000000000000000000000000000000000000000000000000000000000000000000000000000000000000000
30000022202322222222222222222222000000000000000000000000000000000000000000000000000000000020000000000000202000000000000000000000000000000000000000000000000000000000000000000000000000000000000000000000
03000023222322222222222222220002020000000000000000000000000000000000000002000000000000202222200000000000022000000000000000000000000000000000000000000000000000000000000000000000000000000000000000000000
23000003230222222222222222222000002000000000000000000000000000000000000000000000000000022222000000000000002000000000000000000000000000000000000000000000000000000000000000000000000000000000000000000000
20330303232232222220222220222222202000000000000000000000000000000000000000000200000000222222200000000000020200000000000000000000000000000000000000000000000000000000000000000000000000000000000000000000
20333333322230022222222022202220200000000000000000000000000000000000000000000000000000002222020000000000000220000000000000000000000000000000000000000000000000000000000000000000000000000000000000000000
20333033332330322223222222202202000000000000000000000000000000000000000000000000000000000222220200002000000000000000000000000000000000000000000000000000000000000000000000000000000000000000000000000000
23333333322333030022222220200220000000000000000000000000000000000000020020000000000000022222200000000000000000000000020000000000000000000000000000000000000000000000000000000000000000000000000000000000
33333332333233230000322222220000000000000000000000000000000000000000000000000000000000000002000000000000000000200000000000000000000000000000000000000000000000000000000000000000000000000000000000000000
33333333332232222020220220222002000000000000000000000000000000000000000000000000020200000002000000000000000000000000000000000000000000000000000000000000000000000000000000000000000000000000000000000000
33333332333232322222222200020000000000000000000000000000000000000000020000000002222000000002000000020000000020000000000000000000000000000000000000000000000000000000000000000000000000000000000000000000
33223332333302322222322000000200000000000000000000000000000000000000000000000000202200200200000000022000000000000000000000000000000000000000000000000000000000000000000000000000000000000000000000000000
03332332233332322200222200002200000000000000000000000022000000000000000000000002022222220200020002020000000000000000000000000000000000000000000000000000000000000000000000000000000000000000000000000000
03332222233333233003022200000000000000000000000000000022000000200000200000000022220222200220000000002200000000000000000000000000000000000000000000000000000000000000000000000000000000000000000000000000
32332222223333033200300022000000000000000000000000000000200000000000000000002020222222222200220000020000000000200000000000000000000000000000000000000000000000000000000000000000000000000000000000000000
32323200323333233220000202000000000000000000000000000000200022000000000000002000220022020200000000200000000000000000000000000000000000000000000000000000000000000000000000000000000000000000000000000000
33333220033333223222000002000000000000000000000000000000000022000000000000000000000020000222020020000000000000000000000000000000000000000000000000000000000000000000000000000000000000000000000000000000
33333302003333223333000000000000000000000000000000000000000002000000000000000000000220022200000020000000000000000000000000000000000000000000000000000000000000000000000000000000000000000000000000000000
33333302203343203033330200000000000000000000000000000000000000000000200000200000000220222200002000000000220000200000000000000000000000000000000000000000000000000000000000000000000000000000000000000000
33333332200443000033330000000000000000000000000000000000000000000000000000000000000002200020000000000000200000000000000000000000000000000000000000000000000000000000000000000000000000000000000000000000
33333332020343002033300000000000000000000000000000000000000000000000000000000000002200000000000000000000000000000000000000000000000000000000000000000000000000000000000000000000000000000000000000000000
34334443220043020233302300030000000000000000000000000000000000000000000000000000000000000000000000000000000000000000000000000000000000000000000000000000000000000000000000000000000000000000000000000000
33334434222033000003030300000000000000000000000000000000000000000000000000000000000000000000000000000000000200000000000000000000000000000000000000000000000000000000000000000000000000000000000000000000
33334344320000002000030330030000000000000000000000000000000000000000000000000000000000000200000020000000200002000000000000000000000000000000000000000000000000000000000000000000000000000000000000000000
43344444400000002000030033030000000000000000000000000000000000000000000000000000002000000000000000000200220220000000000000000000000000000000000000000000000000000000000000000000000000000000000000000000
44444444430220003300330333030000000000000000000000000000000000000000200000000000000000000000000000000020002002000200000000000000000000000000000000000000000000000000000000000000000000000000000000000000
44444444443220003003030003000000000200000000000000000000000000000000000020000000000000000000000000000002000002000002000000000000000000000000000000000000000000000000000000000000000000000000000000000000
44444444443024000403300003300000000000000000000000000000000000000000000000000000000000000000020000000002000000000000000000000000000000000000000000000000000000000000000000000000000000000000000000000000
44444444444002434400333300000000020000000000000000000000000000000000000000002000000000000000000000000002000000220222000000000000000000000000000000000000000000000000000000000000000000000000000000000000
44444444443402044430433330000000000000000000000000000000000000000000000000000000000000000200000000000000000000220222220002000000000000000000000000000000000000000000000000000000000000000000000000000000
44444444444402044030443330002000000020000000000000000000000000000000000000000000000000000000000000000000022200222222022220220000000000000000000000000000000000000000000000000000000000000000000000000000
44444444345442444030343300000000000000000000000000000000000000000000000000000000000020000002000000002000222000222202220220200000000000000000000000000000000000000000000000000000000000000000000000000000
44444444333443444030003000003000000000000000000000000000000020200020000000000000000000000000000000000000202200222022220022200000000000000000000000000000000000000000000000000000000000000000000000000000
44444544443343344430000000000000000020000000000000000000000000000000000000000000000000000000000000000000022202022222222222220000200000000000000000000000000000000000000000000000000000000000000000000000
44444444433003024444000000000000000000003300000303000000000000002222302200000000000000000020000000000000220022002022222220222200220000000000000000000000000000000000000000000000000000000000000000000000
44444454444030034344300000000000000020000030030000000000000000000022202200000000000002000002002002200222222002222222222220200000022000000000000000000000000000000000000000000000000000000000000000000000
44444445444300034444300000300000002003300030330000000000000000002202020200000000000000000000020000000000000002022222222000222000020000000000000000000000000000000000000000000000000000000000000000000000
44444444543322024444440300000023300030000333300000000000030000000220220220000000000000000020000000000000220000022002222220202200002200000000000000000000000000000000000000000000000000000000000000000000
44444444443300244443344400000033330030330333003300000000000000000022232222000000000000000022000000002000200220022222222222022202002200000000000000000000000000000000000000000000000000000000000000000000
44444444444332344434444400000000033303333330303000000030030000000002222202202000000000000000000000022222222200002220222202222220200000000000000000000000000000000000000000000000000000000000000000000000
44444444455443440200332300033000033333333334303300000000003000030022222222202020200000000022200000002200220000002222222222222020000000000000000000000000000000000000000000000000000000000000000000000000
44444444554433440000300200034000333433000003033003000020000101010222222222220000200000000020000000020020200002022222222222220202000000000000000000000000000000000000000000000000000000000000000000000000
34444444543334354004000030033403333333000000303332300003000000000022222222233300000000002000000002002222200002022222222222222022000000000000000000000000000000000000000000000000000000000000000000000000
43444455443333435444540343303344344433000030333301020003000020002012221002233300000000000000002000000022022020002222222222220202000002000000000000000000000000000000000000000000000000000000000000000000
43323445544332434433330300343343444443000033333330000002000033001222200000000030000000000020000002000002222022002222222222000020200022200000000000000000000000000000000000000000000000000000000000000000
43334444444442043444343430344444444440343003333332001000120001012222220100130300000000000000002000020002222222002220222222220222222202200000000000000000000000000000000000000000000000000000000000000000
44324444444454333444334443444444444444340000034333002200332110022222101333333300000000000000000000000220022222200220220222222022000022200000000000000000000000000000000000000000000000000000000000000000
33024444444555443353434354444444444444443400023133301120033331212222233333300000000000000002000000002000002220000022222222222200202220000000000000000000000000000000000000000000000000000000000000000000
44434444444555544344434354544444444444440400012233433113333323333332113303300000000000000000000000002020002222000222022222022200222000000000000000000000000000000000000000000000000000000000000000000000
44444444444555554335444545355444444444430030122344433333333333333333333013333030000000000000000002022222000222202202022220022222222220000000000000000000000000000000000000000000000000000000000000000000
44444444444555554334444345455454444444444432221134333333333333333333333330330000000000000000000000200222002222000222000222222200222200000000000000000000000000000000000000000000000000000000000000000000
44444444444555555433444354445544434444444311022222343333333332133333333333330110000000000000000100000022222222002202000200000220000000020000000000000000000000000000000000000000000000000000000000000000
44444444444555555443444445455554433444444003032122222343333333333333333032000110002000000200000000022022212220202202022000022222000000200000000000000000000000000000000000000000000000000000000000000000
44444444444455545543344445555454302344444434332444332221333333313333333133330010000000000000200010000222222222220220000200022022200002220000000000000000000000000000000000000000000000000000000000000000
44444444444455555544444444555444333344444444434444433333233333333333333133313100000000000002000002222222222222220022000020020000200000020000000000000000000000000000000000000000000000000000000000000000
44444444444444555554444444554454434334444444444444433333333333333333333333331100000000000000000022222222222222222200000200202000000002200000000000000000000000000000000000000000000000000000000000000000
44444444444444444444444444444444444444423444444444443333333333333333333331030000000000000000000000222222222222222220000020220200000002200000000000000000000000000000000000000000000000000000000000000000
44444444444444444444444444444444444444321344443444443333333333333333333301000200000000000000002220222222222222222222020222022220000000000000000000000000000000000000000000000000000000000000000000000000
44444444444444444444444444444444444402022234444444443433333333333333333330100200000000000000020222222222222222222222000002222000000000000000000000000000000000000000000000000000000000000000000000000000
44444444444444444444444444444444444432102313444444443333333333333333333001133320000000020002202202222222122222222222002200022000000000000000000000000000000000000000000000000000000000000000000000000000
44444444444444444444444444444444444433201233344444434333333333333333333323312010000000002002222002222222222222220000000022022000000000000000000000000000000000000000000000000000000000000000000000000000
34444444444444444444444444444444444344412134444444444433333333333333233333322000000000000000222002222222222122222222220022000200000000000000000000000000000000000000000000000000000000000000000000000000
33444444444444444444444444444444444444443134444444444433333333333333311333320100002000000002022020012222111222022222220022000000000000000000000000000000000000000000000000000000000000000000000000000000
33344444444444444444444444444444444444444322444444444433333333333333333333300200000000000000002222011222211220000200000002000000000000000000000000000000000000000000000000000000000000000000000000000000
33333444444444444444444444444444444444444432344444344333333333333333333131301020000000000020002220002220222122022000000022000000000000000000000000000000000000000000000000000000000000000000000000000000
33333344444444444444444444444444444444444443034444444333333333333333333323333301200002020220002020200220021222200200220222000000020000000200000000000000000000000000000000000000000000000000000000000000
33333334444444444444444444444444444434144343333444443333333333333333333333301000200000002222022022202222022222220000202000000000002000002222200200000000000000000000000000000000000000000000000000000000
33333334444444444444444444444344444444443324443344443333233333333333333313320000000000002222002222222020001122020000000000000020200000000002022200000000000000000000000000000000000000000000000000000000
33333333334344444444444444333344444444433133344344433333333333333333333332212222022200022200000022220022200110022000000000000022200000000200000000000000000000000000000000000000000000000000000000020200
33333333333334444444444444302333423444333300334444433333333333333333332333332220220002222222200222002220200112200000022220220000000000000000000000000000000000000000000000000000000000000000000000022220
33333333333333344444444444300033443433332303304444433333333333333333312233333232000222222222220022202022200122022000002000200001101011000100000000000000000000000000000000000000000000000000000002002000
33333333333333334444444443400033333434330210433433433333333333333333133223323220000022220222222022222220200000020200002000201211111111000110000000000000000000000000000000000000000000000000000000002200
33333333333333333444444433330300233343343000333334343333333333333333321231223222020222222222222002022202000000000000000001212211111110010000000000000000000000000000000000000000000000000000000000000202
33333333333333333444444430330000033333443300033433333333333333333333333113323300022222022222022020222222222022222200000011211111111111200000000000000000000000000000000000000000000000000000000200000000
33333333333333333434444430330000033333333202233344333333333333333313333333122032022222222222000220222222222200000000001121111111111111000010000000000000000000000000000000000000000000000000000022000000
33333333333333333333434430333000002333333330333334443333333333333303333333032002002022222222200222200220222022220022011101111111111111101000000000000000000000000000000000000000000000000000020220220000
33333333333333333334433332334000000022003334324444444333333333332333333333000202222022222222000222002220202222100002012111111111111112121000000000000000000000000000000000000000000000000000000000000000