00002000200000000000000000000000000000000000000000000000000000000000000000000000000000000000000000000000000000000000000000000000000000000000000000000000000000000000000000000000000000000000000000000000
00002020000000000000000000000000000000000000000000000000000000000000000000000000000000000000000000000000000000000000000000000000000000000000000000000000000000000000000000000000000000000000000000000000
00000000000000000000000000000000000000000000000000000000000000000000000000000000000000000000000000000000000000000000000000000000000000000000000000000000000000000000000000000000000000000000000000000000
00002000000000000000000000000000000000000000000000000000000000000000000000000000000000000000000000000000000000000000000000000000000000000000000000000000000000000000000000000000000000000000000000000000
00000000000000000000000000000000000000000000000000000000000000000000000000000000000000000000000000000000000000000000000000000000000000000000000000000000000000000000000000000000000000000000000000000000
00000000000000000000000000000000000000000000000000000000000000000000000000000000000000000000000000000000000000000000000000000000000000000000000000000000000000000000000000000000000000000000000000000000
00000000000000000000000000000000000000000000000000000000000000000000000000000000000000000000000000000000000000000000000000000000000000000000000000000000000000000000000000000000000000000000000000000000
00000000000000000000000000000000000000000000000000000000000000000000000000000000000000000000000000000000000000000000000000000000000000000000000000000000000000000000000000000000000000000000000000000000
00000000000000000000000000000000000000000000000000000000000000000000000000000000000000000000000000000000000000000000000000000000000000000000000000000000000000000000000000000000000000000000000000000000
00000000000000000000000000000000000000000000000000000000000000000000000000000000000000000000000000000000000000000000000000000000000000000000000000000000000000000000000000000000000000000000000000000000
00000000000000000000000000000000000000000000000000000000000000000000000000000000000000000000000000000000000000000000000000000000000000000000000000000000000000000000000000000000000000000000000000000000
00000000000000000000000000000000000000000000000000000000000000000000000000000000000000000000000000000000000000000000000000000000000000000000000000000000000000000000000000000000000000000000000000000000
00000000000000000000000000000000000000000000000000000000000000000000000000000000000000000000000000000000000000000000000000000000000000000000000000000000000000000000000000000000000000000000000000000000
00000000000000000000000000000000000000000000000000000000000000000000000000000000000000000000000000000000000000000000000000000000000000000000000000000000000000000000000000000000000000000000000000000000
00000000000000000000000000000000000000000000000000000000000000000000000000000000000000000000000000000000000000000000000000000000000000000000000000000000000000000000000000000000000000000000000000000000
00000000000000000000000000000000000000000000000000000000000000000000000000000000000000000000000000000000000000000000000000000000000000000000000000000000000000000000000000000000000000000000000000000000
00000000000000000000000000000000000000000000000000000000000000000000000000000000000000000000000000000000000000000000000000000000000000000000000000000000000000000000000000000000000000000000000000000000
00000000000000000000000000000000000000000000000000000000000000000000000000000000000000000000000000000000000000000000000000000000000000000000000000000000000000000000000000000000000000000000000000000000
00000000000000000000000000000000000000000000000000000000000000000000000000000000000000000000000000000000000000000000000000000000000000000000000000000000000000000000000000000000000000000000000000000000
00000000000000000000000000000000000000000000000000000000000000000000000000000000000000000000000000000000000000000000000000000000000000000000000000000000000000000000000000000000000000000000000000000000
00000000000000000000000000000000000000000000000000000000000000000000000000000000000000000000000000000000000000000000000000000000000000000000000000000000000000000000000000000000000000000000000000000000
00000000000000000000000000000000000000000000000000000000000000000000000000000000000000000000000000000000000000000000000000000000000000000000000000000000000000000000000000000000000000000000000000000000
22000000000000000000000000000000000000000000000000000000000000000000000000000000000000000000000000000000000000000000000000000000000000000000000000000000000000000000000000000000000000000000000000000000
00000000000000000000000000000000000000000000000000000000000000000000000000000000000000000000000000000000000000000000000000000000000000000000000000000000000000000000000000000000000000000000000000000000
00000000000000000000000000000000000000000000000000000000000000000000000000000000000000000000000000000000000000000000000000000000000000000000000000000000000000000000000000000000000000000000000000000000
00000000000000000000000000000000000000000000000000000000000000000000000000000000000000000000000000000000000000000000000000000000000000000000000000000000000000000000000000000000000000000000000000000000
00000000000000000000000000000000000000000000000000000000000000000000000000000000000000000000000000000000000000000000000000000000000000000000000000000000000000000000000000000000000000000000000000000000
00000000000000000000000000000000000000000000000000000000000000000000000000000000000000000000000000000000000000000000000000000000000000000000000000000000000000000000000000000000000000000000000000000000
00000000000000000000000000000000000000000000000000000000000000000000000000000000000000000000000000000000000000000000000000000000000000000000000000000000000000000000000000000000000000000000000000000000
00000000000000000000000000000000000000000000000000000000000000000000000000000000000000000000000000000000000000000000000000222000000000000000000000000000000000000000000000000000000000000000000000000000
00000000000000000000000000000000000000000000000000000000000000000000000000000000000000000000000000000000000000000000000000002200000000000000000000000000000000000000000000000000000000000000000000000000
00000000000000000000000000000000000000000000000000000000000000000000000000000000000000000000000000000000000000000000000000000000000000000000000000000000000000000000000000000000000000000000000000000000
00000000000000000000000000000000000000000000000000000000000000000200000000000000000000000000000000000000000000000000000000000000000000000000000000000000000000000000000000000000000000000000000000000000
00000000000000000000000000000000000000000000000000000000000000000000000000000000000000000000000000000000000000000002002022000020000000000000000000000000000000000000000000000000000000000000000000000000
00000000000000000000000000000000000000000000000000000000000000000000000000000000000000000000000000000000020000000020020000000002000000000000000000000000000000000000000000000000000000000000000000000000
00000000000000000000000000000000000000020000002000200000000000000000000000000000000000000000000000000000000000000000000000000000000000200000020000000000000000000000000000000000000000000000000000000000
00000000000000000000000000000000000000000000020222222000020000000000000000000000000000000000000000000000002000000000000000000002220222022220000200000000000000000000000000000000000000000000000000000000
00000000000000000000000000000000000000000000000002222202002000000000000000000000000000000000000000000000000220000000000000000000222002000222002200200000000000000000000000000000000000000000000000000000
00000000000000000000000000000000000000000000222222222222200000000000000000000000000000000000000000000000000000000000000000000000002000000022000020000220000000000000000000000000000000000000000000000000
00000000000000000000000000000000000000000020022222222220000000000000000000000000000000000000000000000000000000000000000000000000002000000022000000000000000000000000000000000000000000000000000000000000
00000000000000000000000000000000000000000022002222222220000000000000000000000000000000000000000000000000000000000000000000000000000000000002200002202000000000000000000000000000000000000000000000000000
02000000000000000000000000000000000020000000202222200000000000000000000000000000000000000000000000000000000000000000000000022200000000000000000000000000000000000000000000000000000000000000000000000000
22200200000000000000000000000000000000002000020020000000000002022000000000000000000000000000000000000000000000000000000000000000200000000000000000200000000000000000000000000000000000000000000000000000
22222200000000000000000000000000000000000020022220022200022222200000000000000000000000000000000000000200000000000000022002000000000000000000000000000000000000000000000000000000000000000000000000000000
22222220000000000000000000000000000000000202002220000200022202220000000200000000000000000000000000000000000000000200022002000000000000000000000000000000000000000000000000000000000000000000000000000000
22222222000000000000000000000000000000000000000200202000022222222202000000000000000000000000000000000000000002000220200020220200000000000000000000000000000000000000000000000000000000000000000000000000
22222222200000000000000000000000002000000000002000220000022222220000000200000000000000000000000000022000000000200020200220002200000000200000000000000000000000000000000000000000000000000000000000000000
22222222220000000000000000000000000000000000000000000000222222222020000200000000000000000000000000000000000000020220000000202200000000000000000000000000000000000000000000000000000000000000000000000000
22222222222220000000000000000000000000000000000002020000220022220002000020000000000000000000000000000000000000220020022020222200000000000000000202200000000000000000000000000000000000000000000000000000
22222222222200000000000000000000000000000000000000002222222222220020000000000002000000000000000000000000000000202000200200000202000222000000200000000000000000000000000000000000000000000000000000000000
22222222222200000000000000000000000000000000000022222222222222202200000000000000000000000000000000000000000000222200222220222220000000002020200220000000000000000000000000000000000000000000000000000000
02222222222200000000000000000000000000000000002002222222202222000000000000000000000000000000000000000000000000002222222002222222220020200200000002200000000000000000000000000000000000000000000000000000
02222222222200000000000000000000000000000020200022222022022000000000000000020000000000000000000000000000000000000220222022222000220020022222000002000000000000000000000000000000000000000000000000000000
00222222222220000000000000000000000000000000200022222022222002000000000000000000000000000000000000000000000000200002202202222220020002022020200002200000000000000000000000000000000000000000000000000000
00002202222222000000000000000000000000000020200200222022220000000002000000000000000000000020000000000000000000000220222222222200020002222222220002220020000000000000000000000000000000000000000000000000
00000000220022000000000000000000000000000000022222202200020000000000000000000000000000000000000000000000000000002220222222222002220222222222220000200020000000000000000000000000000000000000000000000000
00000000002000000000000000000002000000000002202002200000000000000000000000000000000000000000000000000000000000002220022222200222002222222202200000022020000000000000000000000000000000000000000000000000
00000000002202000000000000000022000000000000000202200000000000000000000000000000000000000000000000000000000000002220002222222222022222222220020002020020000000000000000000000000000000000000000000000000
00000000000222000000000000000000002000000000020000000000000000000000000000000000000020000000000000000000000000200200222220022202222222222222022000002000000000000000000000000000000000000000000000000000
00000000000000220000000000000000000000000000202222000000000000000000000000000000000000000000000000000000000020000000022222222022200202222202222000000000000000000000000000000000000000000000000000000000
00000000000002220000000000000000000000000002020022200020000000000000000000000000000000000000000000000000000002000002222222222000000202202222222000000000000000000000000000000000000000000000000000000000
00000000000000020000000000000000000000000022000020000000200000000000020000000000000002000000000000000000000020200000000222220000000202222200020020000202000000000000000000000000000000000000000000000000
00000000000000000000000000000000002000000220022020000000000000000000000000000000000000000000000000000000002202220200002222022000000002222022020002000022000000000000000000000000000000000000000000000000
00000000000000000000000000000000022200000020022202000000000000000000000000000000000200000000000000000000222222200220002222022000000020222022220002000200000000000000000000000000000000000000000000000000
00000000000000000000000000000000000200200200222202000000000000000000000000000000000000000000000000000022022222222020002222020000000000220000220000200000000000000000000000000000000000000000000000000000
00000000000000000000000000000000000000220000000202000000002000020000000000000000000000000000000000000000002222220000020022220000000000020000020000000002000000000000000000000000000000000000000000000000
00000000000000000000000000000000022200002000000000200000000000000000000000000000000000000000000000000000000222222000000222222000000000202000000000000002020000000000000000000000000000000000000000000000
00000000000000000000000000000000000000000000200200000000000000220000000000000000000000000000000000000000000222200000000002222200000000000200000000000002020000000000000000000000000000000000000000000000
00000000000000000000000000000002000220022000000000000000002000000002200000000000000000000000002220000000022022020000000000222000000000000222000000000000202000000000000000000000000000000000000000000000
00000000000000000000000000000000000000002200002000000000000000000000000000000000000000000000002000000002000202200000000000222000002020000020000000000000222000000000000000000000000000000000000000000000
00000000000000000000000000000000000000002220000000000000000000000000000000000000000000000000200000000000000000000000000000000000200002020222000000000000220000000000000000000000000000000000000000000000
00000000000000000000000000000220000000000020200000000000000000000000000000000000000000222000020222020000000000000000000000000000002200022202020222220000200000000000000000000000000000000000000000000000
00000000000000000000000000000020000000000022200000000000000000000000000000000000000002000000020222222220022000000000000020000000002222202222202002000002220000000000000000000000000000000000000000000000
00000000000000000000000000000000220000000022200000000000000000000000000000000000000002000000220002222220022000000000000000000000200202022222220222202000000000000000000000000000000000000000000000000000
00000000000000000000000000000000220000000222222220000000000000000000000000000000000222200002000002222222002000000000000000000000002222020022000000020020000000000000000000000000000000000000000000000000
00000000000000000000000000000000020000000222222200000000000000000000000000000000000220000020200022222222200200000000000000000000000022222222202020220200000000000000000000000000000000000000000000000000
00000000000000000000000000000020022220000222222200000000000000000000000000000000000002002000200222202222220200000000000000220000000222222222222200020000000002000000000000000000000000000000000000000000
00000000000000000000000000000000000000000022200020020000000000000000000002000000000000000202200022202022222222000000000000020002000022222222220002000200000200000000000000000000000000000000000000000000
00000000000000000000000000000000000220000022200022020000000000000000000000000000000002000220220220202022222002200000000000020000000000222220220000000000200000000000000000000000000000000000000000000000
00000000000000000000000000000000022200002222200002202200000000000000000000000000000000200002000002200002222002222200000000000200000002222002200000002022000000000000000000000000000000000000000000000000
00000000000220000000000000000000222200002222200002202200000000000000000000022200000000000000000002200222222202222200000000000022000002022200000000000000000000000000000000000000000000000000000000000000
00000000000000000000220000000022220222000222200002222202000000000000000000002200200000022000000002200220022002222200000000000022000000222020000000000000000000000000000000000000000000000000000000000000
00000000000000002000220022000022220002200222000000000002200000000000200000000000000000022002000200000002222202000220000220000000202002220220000000000000000000000000000000000000000000000000000000000000
00000000000000000000000022000022202002222222220000000002220000000000002200000000000002022002002200000002202222000220000222200220020000002200000000000000000000000000000000000000000000000000000000000000
00000000000000002200000022020002002202222222222000000000200000000000000000000000022002022002022200000222202222200222200022222222222000000000000000000000000000000000000000000000000000000000000000000000
00000000000020220000000022222222220222222222222200000000222200000000002000000000000222022222202020002220022000200022222222222202222000000000000000000000000000000000000000000000000000000000000000000000
00000000000000000002000022220222222222222222222220000000222200022200002000000000000000222020202222000000022000000022222222222222222220000000000000000000000000000000000000000000000000000000000000000000
00000000002200002002000222222222222222222222222220000000202200022000000000000000000002000222222222000000000000000222222222222222222222020000000000000000000000000000000000000000000000000000000000000000
00000000002202220022002222222222222222222222222222222222220000202220000000000000000222000222022220000002000000000222222022222222222202200000000000000000000000000000000000000000000000000000000000000000
00000000000220000220002222222222222222222222202222222222222000022220000000000000002222000000000020000000000000000222222222222222220220200000000000000000000000000000000000000000000000000000000000000000
00000000002220200000202222222222222222222222200222222222222000200200000000000000002222200022000000000000000020220222222002222222222220002000000000000000000000000000000000000000000000000000000000000000
00000000002220000222222222222222222222222222000222222222222000000000000000000000000000022002000000000000002222222222222200020222222222002000000000000000000000000000000000000000000000000000000000000000
00000000002220000220222222222222222222222222202222222222222000000000000000000022222020022200000000000000222222222222222222220002222220000000000000000000000000000000000000000000000000000000000000000000
00000000000020002002222002200022222222222222222222222222222020000000002020220000220020000220020000000020222222202222202222220002222220000200000000000000000000000000000000000000000000000000000000000000
00000000000000002222222222202222222222020222202222222222222222000000000000000000022200022222222200222222222222222220022222222222222222000000000000000000000000000000000000000000000000000000000000000000
00000000000000000000222222202202222200002222222222222222222222000000000000000000000200022220002200222222222222222220022222222220202202000000000002000000000000000000000000000000000000000000000000000000
00000000000000000000022222202222222200220222222222222222222222000000000000002000000220022200022200222222222222222222222222200222220222200000000000000000000000000000000000000000000000000000000000000000
00000000002000000222222222202222222002222222222222222222222222200000222000000000000020000000222202222222222222222222222222222222222222200000000022000000000000000000000000000000000000000000000000000000
00000000000000000222222222222222222022222222222222222222202222200000222200000000000030300000222202222202222222222222222222222222222202200000000000000000000000000000000000000000000000000000000000000000
00000000000000000000022002022222222222222222222222222222222200200002222000000000000030000002222002222222222222222222222222222222002000200002000002000000000000000000000000000000000000000000000000000000
00000000000000000000022002222222222222222222222222222222222200002002222000000020000300000000000000222222222222222222222222222222200000020000000002020000000000000000000000000000000000000000000000000000
00000000000000000000002202222222222222222222222222222222222200002202222000000033000200000000000000022222222222222222222222222222000200200000000002000000000000000000000000000000000000000000000000000000
00000000000000000000220220222222222222222222222222222222220000000000022000000000033300000002002200002222222222222222222222222222000020000000000000000000000000000000000000000000000000000000000000000000
00000000000000202000222222222222222222222222222222222222220000000000222002000003330003000000000220022222222222222222222222222222200000022200000000000000000000000000000000000000000000000000000000000000
00000000000000002000002222222222222222222222222222222002220000000000220002230023330000300030000022222222222222222222222222222222222000220000000000000000000000000000000000000000000000000000000000000000
00200000000000000000202202222222222222222222222222222220000000000000000002003333300000030000000222222222222222222222222222222222222022200000000000000000000000000000000000000000000000000000000000000000
00000000000000000000202222222222222222222222222222220222000000000000000002333044330003000330002222222222222222222222222222222222220002200000000000000000000000000000000000000000000000000000000000000000
00000000000000000000002222222222222222222222222222202222000000000000000002320333433400000000232222222222222222222222222222222222220000000000000000000000000000000000000000000000000000000000000000000000
20000000000000000000022022222222222222222202222200022200220202000000333002323443434333000000003222222222222222222222222222222222200000000000000000000000000000000000000000000000000000000000000000000000
00000000000000000020020022222222222222222222222220222220002202000000003003344443334444330000002323222222222222222220222222222222200200000000000000000000000000000000000000000000000000000000000000000000
00000000000000000000000022222222222222222222222220222220222220000000000300344444444444433300222222222222222222222222022222222222200220000000000000000000000000000000000000000000000000000000000000000000
00002000000000000000000022222222222222222222022220022222000000000300333403334455454444343333222222222222222222222020022222222222200002022000000000000000000000000000000000000000000000000000000000000000
22002000002000000000022222222222222222222222022222202222000000000003440444344555544444443333222222222222222222222022222222222222200002000222000000000000000000000000000000000000000000000000000000000000
22002000002000000002222222220222200222222222022220222222000000000034444445444555554444433333332222222222222222222022222222222222200002000222000222000000000000000000000000000000000000000000000000000000
20022000000000000002000200022002022220222202222202222220220000000344444455555555444443333333322222222222022222222200022222222222220000000222200222000000000000000000000000000000000000000000000000000000
33000002000000000002022202222000222222222200222222220220222200003444444455555555444433330332222222222222220222222200022222222222222000000222220022000000000000000000000000000000000000000000000000000000
03300200000002000000000202222000222222222002200022200000222220343344444455554555443333332222222222222222220222222202222222222222220000000002220022000000000000000000000000000000000000000000000000000000
33300000000202200000000000022222222222222222222000220000000000233434444445545555434333222022222222222220222202222222222222222222222200000002222020200000000000000000000000000000000000000000000000000000
33330002002220200000000000000222222222222022220000000000000000033334334444445554444333332222222222222222220022222022222222222222222222000022222000000000000000000000000000000000000000000000000000000000
33300000000222000000000022002220222022220202200000000000000000330033344444444454444433333202222222200222222222222002222222222222222222000022202000000000000000000000000000000000000000000000000000000000
33332002020200000000000000222202222200200022000020000000000003330034344444444444334333300222022202222222222222222002222222222222222222222220000000000000000000000000000000000000000000000000000000000000
33332222022000000000000000000022222202003322000020000000000002203333334443344443334433000022022002222222222220222200022222222222222222222220000000000000000000000000000000000000000000000000000000000000
33232220200000000000000000002020022220033330000000000220000030033333333334444443304343330300220200020222222222222202222222222222222200222222222220000000000000000000000000000000000000000000000000000000
32220222220330020000002000000002220020000333000000000002000003333333333344344444333343330322200200000200220222222222222222222222222200222200002200000000000000000000000000000000000000000000000000000000
32332222203333320000000000303000000230030333000000000202020203333333333333444444433333333002222000222200000222222222220222222222222000222220000000000000000000000000000000000000000000000000000000000000
22222222233333332200000000333320033003330003000000222222033333330003303333433333323222230002000000020000020222222222222222222222222000222222222000000000000000000000000000000000000000000000000000000000
33222222333333330000200003333320333033333330000002222223222233003033230333433334333333300000000000000000000222222222220022222222200000022202220000000000000000000000000000000000000000000000000000000000
22222222333333333020000023304333333333333300000022222223200223200000223003333333332320000000000000022020000022222222222022222222200000000000000000000000000000000000000000000000000000000000000000000000
22022233333333344300000033443434343333333330000022222322223320002000003333333333333330000000000000000000000220222222222022222200000000022000000000000000000000000000000000000000000000000000000000000000
22222233333334444400000034440344444333333300000022022332223003000000000333333323333002330000000000200000002222222222222002222200000000022000000000000000000000000000000000000000000000000000000000000000
22222233333344444430000044443444444433333033000022202222222020000000022033333333323333000000002200000000022222222222222000202200202000000000000000000000000000000000000000000000000000000000000000000000
02222333333344444533000044444444444443332333000022220220000002000000000000233333332330300000022202022222222222222222222220202000200000000000000000000000000000000000000000000000000000000000000000000000
22233333333444445555530345555433344333333333000022222002222000000000000000222033333000000000020000220202222222222222222220000000000000000000000000000000000000000000000000000000000000000000000000000000
22333333333444445555345445554443034443333333000022222222222020000000000000033022233300000000200002002000222222222222222222200000000000000000000000000000000000000000000000000000000000000000000000000000
23333333333344455555445445454444443433033333300022222022220000002220200000022222330303200002022000200002222222222222222222222000000000000000000000000000000000000000000000000000000000000000000000000000
03333333333444445555444334344444404433333333020022222220220000000222220000222223220000033000000022200002222222222222222222222000000000000000000000000000000000000000000000000000000000000000000000000000
33333333334444445555554440304444433330033322222222222022220020000002222222222200000000000000000000000002222222222222222222222000000000000000000000000000000000000000000000000000000000000000000000000000
33333333334444444555555443000444333333033300222222222222222200020002222222222000000220030000000200000222222222222222222222222000000000000000000000000000000000000000000000000000000000000000000000000000
33333333334444444555555442000343333333323332002222222222222200020002222222220000000000303200020200022220222222222222222222222000000000000000000000000000000000000000000000000000000000000000000000000000
33333333344444444555555442000033033333333322222222222222222000200000222222220000222000000020002222222000022222222222222222202000000000000000000000000000000000000000000000000000000000000000000000000000
33333333344444444445554540200030303323333222222222222222222202022200002222220022222222200022222220000002222222222222222222222200000000000000000000000000000000000000000000000000000000000000000000000000
33333333344444444444444420000003030323333332222022222222222222202022222222222222222222200000222222022002002022222222222222222000000000000000000000000000000000000000000000000000000000000000000000000000
33333333344444444444444422000000030033323220002220222222220222222222022222222222200020000222022220220000020222222222222222222222000000000000000000000000000000000000000000000000000000000000000000000000
33333333334444444444444430000000000330032200002222222222222222202220222222222222000000002022222222020220022222222222222222202222000000000000000000000000000000000000000000000000000000000000000000000000
33333333334444444444434432000000000020002022220020022222222000200022222222002222000000002222222022222220002022222222222222202220000000000000000000000000000000000000000000000000000000000000000000000000
33333333333334444444444430000000002000222220220022222222222222222022222220000220000000000222002000022000000002222222222222222000000000000000000000000000000000000000000000000000000000000000000000000000
33333333333334444444443440000000000000222222020022222000222222222022222222200220220000002222220002000200000002022222222220002200000000000000000000000000000000000000000000000000000000000000000000000000
33333333333333333334433430000000000002202202222022022220200222222000222222202022222002222222220000022200000200222222202000000200000000000000000000000000000000000000000000000000000000000000000000000000
33333333333333333333333333000000000000222022202220202022022220222222222000022022222222222222222000000000220000022222222000000000000000000000000000000000000000000000000000000000000000000000000000000000
33333333333333333333333333000000000000020222200020022222002200222222222222202222222222222222202200000000020000000022000000000000000000000000000000000000000000000000000000000000000000000000000000000000
33333333333333333333333333000000000000002222000002220222222200022222222222202222222222222222222222220000000000002222000000000000000000000000000000000000000000000000000000000000000000000000000000000000
23333333333333333333333333000000000000002222222222220202222222022222222222222222222222222222222222200200000000000000000000000000000000000000000000000000000000000000000000000000000000000000000000000000
00333333333333333333333333300000000000002222222022202000222222222222222222222222222222222222222222200220000000020220000000000000000000000000000000000000000000000000000000000000000000000000000000000000
00003233233333333333333333300000000000000022222222202000222222222222222222222222222222222222022202202200000000022220000000000000000000000000000000000000000000000000000000000000000000000000000000000000
02222222223333333333333033300000000000200222230220000022222222222222222222222222222222222222222200000202222000020000020000000000000000000000000000000000000000000000000000000000000000000000000000000000
22222222222232222333320303330000000000022222233200200322222222222220002222222222222222222200222002202200222000000002200000000000000000000000000000000000000000000000000000000000000000000000000000000000
20222222222222220330333323000000200000002232233202003222222222222220222222222222222222222200022002202200000020020222220000000000000000000000000000000000000000000000000000000000000000000000000000000000
22222222222222222222022222000220020222000002223222020232222222220222022222222222222222222000002200000000022222222220000000000000000000000000000000000000000000000000000000000000000000000000000000000000
02202222222222222222020222003000002222002002232220232322222222200222222222222222222222222000000000022002220222222220000000000000000000000000000000000000000000000000000000000000000000000000000000000000
00200222022022202220020022222000022222022203233302222333322222200220222222222222222222220000000220022202222222222220000000000000000000000000000000000000000000000000000000000000000000000000000000000000
00222220200202222000000000000000002222030222223222332332232222222200222222222222222222222220000000200200002200222222202222200000000000000000000000000000000000000000000000000000000000000000000000000000
00020022220220220020000022220220002222020332233233332222322222222220222222222222222222222220000000200000022202222222222222220000000000000000000000000000000000000000000000000000000000000000000000000000
00002222022202002020000022220000002222323032223333333223232222222222222222222222222222222220000000000000222222222222222000220000000000000000000000000000000000000000000000000000000000000000000000000000
00022220222200022000002222222222222220300333233333333233323222222222222222222022222222222200000000002220022222222222222200000000000000000000000000000000000000000000000000000000000000000000000000000000
00020220222220000002222222220022222222332223033333333333332222222222222222222222222222222200000200002020022222222222222020022000000000000000000000000000000000000000000000000000000000000000000000000000
00222220002020000222222222222222222223332032023333332333322222222222222222222222222222220000000000000022222222222222222222220000000000000000000000000000000000000000000000000000000000000000000000000000
00222222222220002222222222222222222222023233223333333333322222222222222222222222222222200022220000000000222222222222222202222000000000000000000000000000000000000000000000000000000000000000000000000000
22222222222222202222222222222222222220033233223333333333222222222222222222222222222222220022222000000002222222002222222202222000000000000000000000000000000000000000000000000000000000000000000000000000
22222222202222202222222222222222222222233333223333333332332222222222222222222222222222222222000000002200000022202200222022200000000000000000000000000000000000000000000000000000000000000000000000000000
22222222202222222222222222222222222222303303333333333322222222222222222222222220022222222220002200000000220020002022222002200000000000000000000000000000000000000000000000000000000000000000000000000000
22222222222222022222222222222222222222203323333333433222022222222222222222222220220220000200000000000000220000000022222022000000000000000000000000000000000000000000000000000000000000000000000000000000
22222222222220022222222222222222222222223323344344333320222222222222222222222222022220222020000000000000022002022202220000000000000000000000000000000000000000000000000000000000000000000000000000000000
22222222222222022222222222222222222222222333343444444333222222222222222222222222222222222000020000000000002002222222200002000000000000000000000000000000000000000000000000000000000000000000000000000000
22222222222222222222222222222222222222222443343344433332222020022222222222222222222222222202022000000000002000222220000002200000000000000000000000000000000000000000000000000000000000000000000000000000
22222222000222222000222222222222222222222433334444333000022202222222222222222222222222222200222200000000000000200000000022200000000000000000000000000000000000000000000000000000000000000000000000000000
22222222020222222222222222222222222222233444344444444300302020020222022222222222222222220002222200000000000000000000000000000000000000000000000000000000000000000000000000000000000000000000000000000000
22222222000022222222222222222222222322224444444444443000000020022222222222222222222222220002222202000000000000022000000000000000000000000000000000000000000000000000000000000000000000000000000000000000
22222222200002222222222222222222232232223444444444432322200000000000000000222000220000000002200022200020000000000000000000000000000000000000000000000000000000000000000000000000000000000000000000000000
22222222200000222222222222222222223223444444445544442323200000000000000002222220020020000222200222200000000000000000000000000000000000000000000000000000000000000000000000000000000000000000000000000000
22222222220200022202222221222222223231244444555554444303300000000000002222222220022020000022000022200000000000000000000000000000000000000000001000000000010000000000000000000000000000000000000000000000
22222222222222222222222222222222222333334444555554432043300022200000000000000000000000000000000000000200000000000000000000000000000000000000000000000000001000000000000000000000000000000000000000000000
22222222222222222222222222222221112133334445555555422222200022200200000000000000000000000000000000002200000200001010000000000000000000000000100000000000101100001000000000000000000000000000000000000000
22222222222222222222202222222122112133334445555554443423000022222200000000000000000000000000000000000000002200000100000000000000000000000000010000000011000000000000000000000000000000000000000000000000
22222222222222222222222022222221122223334444555554442203202200002220000000000000000000000000000000000000022000000010000000000010000000000000110000000011101000000000000000000000000000000000000000000000
22222222222222222222022222222211221233133444455545544442334430000222200000000000000000000000000000000000020000000000100000000000000000000100001000001000000100010000000000000000000000000000000000000000
22222222222222122222222200222221222223334445555555554444443200030022220000200000000000000000000000000000022000000100000000000000000000010100111000011100000010000000000000000000000000000000000000000000
22222222222222222022002202222222121223343222555555555444000000000000020200000000000002200000000000000000000000000010000000000000000000001000011000100000000000000000000000000000000000000000000000000000
22222222222222212121202201002121222322222224554555554444443000000000220000000000000000000000000000000000000000000000000000000000000000101101010100000000000010000000000000000000000000000000000000000000
22222222222222222111222002120211211121122444433555555444444433300022022000000000000000000022000000000000000000000010000000100000000001001000001000000010100100000000100000000000000000000000000000000000
22222222222211111111122122221222211222233334443444443444444333300303022000000000000000000020000000000000000000200000000000100110000001101000001110010111100100100000000000000000000000000000000000000000
22332222222211112121121222221222222223333333344444444443402333333330000000000000000000000000000000001000000000010110000000000000021000001000000110100111001100000000000000000000000000000000000000000000
22222222221222221111111222222121122222223332244344343444300220333030000000000000000000020000000000010000000000001010010000012000201000111100001110100111111100000010100000000000000000000000000000000000
22223322222222211111111111122121222222223331133444334432222200033330002000000000000000000000000000010000000000000010020000200100010001111100001111001111111000000100000000000000000000000000000000000000
22222323211111111111112112212212222222222221333344433333202200300300000000000000000000000000000000011100000000000110110000000100001000101100001111111111111110010010000000000000000000000000000000000000
33222333311111311112123111222222222222222331333333333333340000000000000000000000000000000000000001001100000000000111110001011000001001000100000111011111111010010000000000000000000000000000000000000000
44332333333333313112213132212222222222222233321333333203303303300000000000000000000000000000000110000101100000101101100110111111111000011000110111111111111000010001000000000000000000000000000000000000
43333333311331333311321222221222222222222312321332333333333330000000000000000000000000000000000110101000000021011111101111111111000100001110001111111111111111110101000000000000000000000000000000000000
33333333333111333313233323232222222222222232213333323322330030000000000000000000000000000000000000000000111010111111121111111111020100011010001111111111111111110001000000000000000000000000000000000000
33333343343333333323333323222222222222222322223333332233033330000000000000000000000000000000000001000110111111111111112111111100000000002111011111111111111111111111010110000000000000000000000000000000
54444444444433333333313333132222222222222221122113233330333000000000000000000000000000000000000010000111111111111111111111121101000000001111011111111111111111111111100110000000000000000000000000000000