00000000000000000000000000000000000000000000000000000000000000000000000000000000000000000000000000000000000000000000000000000000000000000000000000000000000000000000000000000000000000000000000000000000
00000000000000000000000000000000000000000000000000000000000000000000000000000000000000000000000000000000000000000000000000000000000000000000000000000000000000000000000000000000000000000000000000000000
00000000000000000000000000000000000000000000000000000000000000000000000000000000000000000000000000000000000000000000000000000000000000000000000000000000000000000000000000000000000000000000000000000000
00000000000000000000000000000000000000000000000000000000000000000000000000000000000000000000000000000000000000000000000000000000000000000000000000000000000000000000000000000000000000000000000000000000
00000000000000000000000000000000000000000000000000000000000000000000000000000000000000000000000000000000000000000000000000000000000000000000000000000000000000000000000000000000000000000000000000000000
00000000000000000000000000000000000000000000000000000000000000000000000000000000000000000000000000000000000000000000000000000000000000000000000000000000000000000000000000000000000000000000000000000000
00000000000000000000000000000000000000000000000000000000000000000000000000000000000000000000000000000000000000000000000000000000000000000000000000000000000000000000000000000000000000000000000000000000
00000000000000000000000000000000000000000000000000000000000000000000000000000000000000000000000000000000000000000000000000000000000000000000000000000000000000000000000000000000000000000000000000000000
00000000000000000000000000000000000000000000000000000000000000000000000000000000000000000000000000000000000000000000000000000000000000000000000000000000000000000000000000000000000000000000000000000000
00000000000000000000000000000000000000000000000000000000000000000000000000000000000000000000000000000000000000000000000000000000000000000000000000000000000000000000000000000000000000000000000000000000
00000000000000000000000000000000000000000000000000000000000000000000000000000000000000000000000000000000000000000000000000000000000000000000000000000000000000000000000000000000000000000000000000000000
00000000000000000000000000000000000000000000000000000000000000000000000000000000000000000000000000000000000000000000000000000000000000000000000000000000000000000000000000000000000000000000000000000000
00000000000000000000000000000000000000000000000000000000000000000000000000000000000000000000000000000000000000000000000000000000000000000000000000000000000000000000000000000000000000000000000000000000
00000000000000000000000000000000000000000000000000000000000000000000000000000000000000000000000000000000000000000000000000000000000000000000000000000000000000000000000000000000000000000000000000000000
00000000000000000000000000000000000000000000000000000000000000000000000000000000000000000000000000000000000000000000000000000000000000000000000000000000000000000000000000000000000000000000000000000000
00000000000000000000000000000000000000000000000000000000000000000000000000000000000000000000000000000000000000000000000000000000000000000000000000000000000000000000000000000000000000000000000000000000
00000000000000000000000000000000000000000000000000000000000000000000000000000000000000000000000000000000000000000000000000000000000000000000000000000000000000000000000000000000000000000000000000000000
00000000000000000000000000000000000000000000000000000000000000000000000000000000000000000000000000000000000000000000000000000000000000000000000000000000000000000000000000000000000000000000000000000000
00000000000000000000000000000000000000000000000000000000000000000000000000000000000000000000000000000000000000000000000000000000000000000000000000000000000000000000000000000000000000000000000000000000
00000000000000000000000000000000000000000000000000000000000000000000000000000000000000000000000000000000000000000000000000000000000000000000000000000000000000000000000000000000000000000000000000000000
00000000000000000000000000000000000000000000000000000000000000000000000000000000000000000000000000000000000000000000000000000000000000000000000000000000000000000000000000000000000000000000000000000000
00000000000000000000000000000000000000000000000000000000000000000000000000000000000000000000000000000000000000000000000000000000000000000000000000000000000000000000000000000000000000000000000000000000
00000000000000000000000000000000000000000000000000000000000000000000000000000000000000000000000000000000000000000000000000000000000000000000000000000000000000000000000000000000000000000000000000000000
00000000000000000000000000000000000000000000000000000000000000000000000000000000000000000000000000000000000000000000000000000000000000000000000000000000000000000000000000000000000000000000000000000000
00000000000000000000000000000000000000000000000000000000000000000000000000000000000000000000000000000000000000000000000000000000000000000000000000000000000000000000000000000000000000000000000000000000
00000000000000000000000000000000000000000000000000000000000000000000000000000000000000000000000000000000000000000000000000000000000000000000000000000000000000000000000000000000000000000000000000000000
00000000000000000000000000000000000000000000000000000000000000000000000000000000000000000000000000000000000000000000000000000000000000000000000000000000000000000000000000000000000000000000000000000000
00000000000000000000000000000000000000000000000000000000000000000000000000000000000000000000000000000000000000000000000000000000000000000000000000000000000000000000000000000000000000000000000000000000
00000000000000000000000000000000000000000000000000000000000000000000000000000000000000000000000000000000000000000000000000000000000000000000000000000000000000000000000000000000000000000000000000000000
00000000000000000000000000000000000000000000000000000000000000000000000000000000000000000000000000000000000000000000000000000000000000000000000000000000000000000000000000000000000000000000000000000000
00000000000000000000000000000000000000000000000000000000000000000000000000000000000000000000000000000000000000000000000000000000000000000000000000000000000000000000000000000000000000000000000000000000
00000000000000000000000000000000000000000000000000000000000000000000000000000000000000000000000000000000000000000000000000000000000000000000000000000000000000000000000000000000000000000000000000000000
00000000000000000000000000000000000000000000000000000000000000000000000000000000000000000000000000000000000000000000000000000000000000000000000000000000000000000000000000000000000000000000000000000000
00000000000000000000000000000000000000000000000000000000000000000000000000000000000000000000000000000000000000000000000000000000000000000000000000000000000000000000000000000000000000000000000000000000
00000000000000000000000000000000000000000000000000000000000000000000000000000000000000000000000000000000000000000000000000000000000000000000000000000000000000000000000000000000000000000000000000000000
00000000000000000000000000000000000000000000000000000000000000000000000000000000000000000000000000000000000000000000000000000000000000000000000000000000000000000000000000000000000000000000000000000000
00000000000000000000000000000000000000000000000000000000000000000000000000000000000000000000000000000000000000000000000000000000000000000000000000000000000000000000000000000000000000000000000000000000
00000000000000000000000000000000000000000000000000000000000000000000000000000000000000000000000000000000000000000000000000000000000000000000000000000000000000000000000000000000000000000000000000000000
00000000000000000000000000000000000000000000000000000000000000000000000000000000000000000000000000000000000000000000000000000000000000000000000000000000000000000000000000000000000000000000000000000000
00000000000000000000000000000000000000000000000000000000000000000000000000000000000000000000000000000000000000000000000000000000000000000000000000000000000000000000000000000000000000000000000000000000
00000000000000000000000000000000000000000000000000000000000000000000000000000000000000000000000000000000000000000000000000000000000000000000000000000000000000000000000000000000000000000000000000000000
00000000000000000000000000000000000000000000000000000000000000000000000000000000000000000000000000000000000000000000000000000000000000000000000000000000000000000000000000000000000000000000000000000000
00000000000000000000000000000000000000000000000000000000000000000000000000000000000000000000000000000000000000000000000000000000000000000000000000000000000000000000000000000000000000000000000000000000
00000000000000000000000000000000000000000000000000000000000000000000000000000000000000000000000000000000000000000000000000000000000000000000000000000000000000000000000000000000000000000000000000000000
00000000000000000000000000000000000000000000000000000000000000000000000000000000000000000000000000000000000000000000000000000000000000000000000000000000000000000000000000000000000000000000000000000000
00000000000000000000000000000000000000000000000000000000000000000000000000000000000000000000000000000000000000000000000000000000000000000000000000000000000000000000000000000000000000000000000000000000
00000000000000000000000000000000000000000000000000000000000000000000000000000000000000000000000000000000000000000000000000000000000000000000000000000000000000000000000000000000000000000000000000000000
00000000000000000000000000000000000000000000000000000000000000000000000000000000000000000000000000000000000000000000000000000000000000000000000000000000000000000000000000000000000000000000000000000000
00000000000000000000000000000000000000000000000000000000000000000000000000000000000000000000000000000000000000000000000000000000000000000000000000000000000000000000000000000000000000000000000000000000
00000000000000000000000000000000000000000000000000000000000000000000000000000000000000000000000000000000000000000000000000000000000000000000000000000000000000000000000000000000000000000000000000000000
00000000000000000000000000000000000000000000000000000000000000000000000000000000000000000000000000000000000000000000000000000000000000000000000000000000000000000000000000000000000000000000000000000000
00000000000000000000000000000000000000000000000000000000000000000000000000000000000000000000000000000000000000000000000000000000000000000000000000000000000000000000000000000000000000000000000000000000
00000000000000000000000000000000000000000000000000000000000000000000000000000000000000000000000000000000000000000000000000000000000000000000000000000000000000000000000000000000000000000000000000000000
00000000000000000000000000000000000000000000000000000000000000000000000000000000000000000000000000000000000000000000000000000000000000000000000000000000000000000000000000000000000000000000000000000000
00000000000000000000000000000000000000000000000000000000000000000000000000000000000000000000000000000000000000000000000000000000000000000000000000000000000000000000000000000000000000000000000000000000
00000000000000000000000000000000000000000000000000000000000000000000000000000000000000000000000000000000000000000000000000000000000000000000000000000000000000000000000000000000000000000000000000000000
00000000000000000000000000000000000000000000000000000000000000000000000000000000000000000000000000000000000000000000000000000000000000000000000000000000000000000000000000000000000000000000000000000000
00000000000000000000000000000000000000000000000000000000000000000000000000000000000000000000000000000000000000000000000000000000000000000000000000000000000000000000000000000000000000000000000000000000
00000000000000000000000000000000000000000000000000000000000000000000000000000000000000000000000000000000000000000000000000000000000000000000000000000000000000000000000000000000000000000000000000000000
00000000000000000000000000000000000000000000000000000000000000000000000000000000000000000000000000000000000000000000000000000000000000000000000000000000000000000000000000000000000000000000000000000000
00000000000000000000000000000000000000000000000000000000000000000000000000000000000000000000000000000000000000000000000000000000000000000000000000000000000000000000000000000000000000000000000000000000
00000000000000000000000000000000000000000000000000000000000000000000000000000000000000000000000000000000000000000000000000000000000000000000000000000000000000000000000000000000000000000000000000000000
00000000000000000000000000000000000000000000000000000000000000000000000000000000000000000000000000000000000000000000000000000000000000000000000000000000000000000000000000000000000000000000000000000000
00000000000000000000000000000000000000000000000000000000000000000000000000000000000000000000000000000000000000000000000000000000000000000000000000000000000000000000000000000000000000000000000000000000
00000000000000000000000000000000000000000000000000000000000000000000000000000000000000000000000000000000000000000000000000000000000000000000000000000000000000000000000000000000000000000000000000000000
00000000000000000000000000000000000000000000000000000000000000000000000000000000000000000000000000000000000000000000000000000000000000000000000000000000000000000000000000000000000000000000000000000000
00000000000000000000000000000000000000000000000000000000000000000000000000000000000000000000000000000000000000000000000000000000000000000000000000000000000000000000000000000000000000000000000000000000
00000000000000000000000000000000000000000000000000000000000000000000000000000000000000000000000000000000000000000000000000000000000000000000000000000000000000000000000000000000000000000000000000000000
00000000000000000000000000000000000000000000000000000000000000000000000000000000000000000000000000000000000000000000000000000000000000000000000000000000000000000000000000000000000000000000000000000000
00000000000000000000000000000000000000000000000000000000000000000000000000000000000000000000000000000000000000000000000000000000000000000000000000000000000000000000000000000000000000000000000000000000
00000000000000000000000000000000000000000000000000000000000000000000000000000000000000000000000000000000000000000000000000000000000000000000000000000000000000000000000000000000000000000000000000000000
00000000000000000000000000000000000000000000000000000000000000000000000000000000000000000000000000000000000000000000000000000000000000000000000000000000000000000000000000000000000000000000000000000000
00000000000000000000000000000000000000000000000000000000000000000000000000000000000000000000000000000000000000000000000000000000000000000000000000000000000000000000000000000000000000000000000000000000
00000000000000000000000000000000000000000000000000000000000000000000000000000000000000000000000000000000000000000000000000000000000000000000000000000000000000000000000000000000000000000000000000000000
00000000000000000000000000000000000000000000000000000000000000000000000000000000000000000000000000000000000000000000000000000000000000000000000000000000000000000000000000000000000000000000000000000000
00000000000000000000000000000000000000000000000000000000000000000000000000000000000000000000000000000000000000000000000000000000000000000000000000000000000000000000000000000000000000000000000000000000
00000000000000000000000000000000000000000000000000000000000000000000000000000000000000000000000000000000000000000000000000000000000000000000000000000000000000000000000000000000000000000000000000000000
00000000000000000000000000000000000000000000000000000000000000000000000000000000000000000000000000000000000000000000000000000000000000000000000000000000000000000000000000000000000000000000000000000000
00000000000000000000000000000000000000000000000000000000000000000000000000000000000000000000000000000000000000000000000000000000000000000000000000000000000000000000000000000000000000000000000000000000
00000000000000000000000000000000000000000000000000000000000000000000000000000000000000000000000000000000000000000000000000000000000000000000000000000000000000000000000000000000000000000000000000000000
00000000000000000000000000000000000000000000000000000000000000000000000000000000000000000000000000000000000000000000000000000000000000000000000000000000000000000000000000000000000000000000000000000000
00000000000000000000000000000000000000000000000000000000000000000000000000000000000000000000000000000000000000000000000000000000000000000000000000000000000000000000000000000000000000000000000000000000
00000000000000000000000000000000000000000000000000000000000000000000000000000000000000000000000000000000000000000000000000000000000000000000000000000000000000000000000000000000000000000000000000000000
00000000000000000000000000000000000000000000000000000000000000000000000000000000000000000000000000000000000000000000000000000000000000000000000000000000000000000000000000000000000000000000000000000000
00000000000000000000000000000000000000000000000000000000000000000000000000000000000000000000000000000000000000000000000000000000000000000000000000000000000000000000000000000000000000000000000000000000
00000000000000000000000000000000000000000000000000000000000000000000000000000000000000000000000000000000000000000000000000000000000000000000000000000000000000000000000000000000000000000000000000000000
00000000000000000000000000000000000000000000000000000000000000000000000000000000000000000000000000000000000000000000000000000000000000000000000000000000000000000000000000000000000000000000000000000000
00000000000000000000000000000000000000000000000000000000000000000000000000000000000000000000000000000000000000000000000000000000000000000000000000000000000000000000000000000000000000000000000000000000
00000000000000000000000000000000000000000000000000000000000000000000000000000000000000000000000000000000000000000000000000000000000000000000000000000000000000000000000000000000000000000000000000000000
00000000000000000000000000000000000000000000000000000000000000000000000000000000000000000000000000000000000000000000000000000000000000000000000000000000000000000000000000000000000000000000000000000000
00000000000000000000000000000000000000000000000000000000000000000000000000000000000000000000000000000000000000000000000000000000000000000000000000000000000000000000000000000000000000000000000000000000
00000000000000000000000000000000000000000000000000000000000000000000000000000000000000000000000000000000000000000000000000000000000000000000000000000000000000000000000000000000000000000000000000000000
00000000000000000000000000000000000000000000000000000000000000000000000000000000000000000000000000000000000000000000000000000000000000000000000000000000000000000000000000000000000000000000000000000000
00000000000000000000000000000000000000000000000000000000000000000000000000000000000000000000000000000000000000000000000000000000000000000000000000000000000000000000000000000000000000000000000000000000
00000000000000000000000000000000000000000000000000000000000000000000000000000000000000000000000000000000000000000000000000000000000000000000000000000000000000000000000000000000000000000000000000000000
00000000000000000000000000000000000000000000000000000000000000000000000000000000000000000000000000000000000000000000000000000000000000000000000000000000000000000000000000000000000000000000000000000000
00000000000000000000000000000000000000000000000000000000000000000000000000000000000000000000000000000000000000000000000000000000000000000000000000000000000000000000000000000000000000000000000000000000
00000000000000000000000000000000000000000000000000000000000000000000000000000000000000000000000000000000000000000000000000000000000000000000000000000000000000000000000000000000000000000000000000000000
00000000000000000000000000000000000000000000000000000000000000000000000000000000000000000000000000000000000000000000000000000000000000000000000000000000000000000000000000000000000000000000000000000000
00000000000000000000000000000000000000000000000000000000000000000000000000000000000000000000000000000000000000000000000000000000000000000000000000000000000000000000000000000000000000000000000000000000
00000000000000000000000000000000000000000000000000000000000000000000000000000000000000000000000000000000000000000000000000000000000000000000000000000000000000000000000000000000000000000000000000000000
00000000000000000000000000000000000000000000000000000000000000000000000000000000000000000000000000000000000000000000000000000000000000000000000000000000000000000000000000000000000000000000000000000000
00000000000000000000000000000000000000000000000000000000000000000000000000000000000000000000000000000000000000000000000000000000000000000000000000000000000000000000000000000000000000000000000000000000
00000000000000000000000000000000000000000000000000000000000000000000000000000000000000000000000000000000000000000000000000000000000000000000000000000000000000000000000000000000000000000000000000000000
00000000000000000000000000000000000000000000000000000000000000000000000000000000000000000000000000000000000000000000000000000000000000000000000000000000000000000000000000000000000000000000000000000000
00000000000000000000000000000000000000000000000000000000000000000000000000000000000000000000000000000000000000000000000000000000000000000000000000000000000000000000000000000000000000000000000000000000
00000000000000000000000000000000000000000000000000000000000000000000000000000000000000000000000000000000000000000000000000000000000000000000000000000000000000000000000000000000000000000000000000000000
00000000000000000000000000000000000000000000000000000000000003000000000000000000000000000000000000000000000000000000000000000000000000000000000000000000000000000000000000000000000000000000000000000000
00000000000000000000000000000000000000000000000000000000000003000000000000000000000000000000000000000000000000000000000000000000000000000000000000000000000000000000000000000000000000000000000000000000
00000000000000000000000000000000000000000000000000000000000000000000000000000000000000000000000000000000000000000000000000000000000000000000000000000000000000000000000000000000000000000000000000000000
00000000000000000000000000000000000000000000000000000000000000300000000000000000000000000000000000000000000000000000000000000000000000000000000000000000000000000000000000000000000000000000000000000000
00000000000000000000000000000000000000000000000000000000000003300000000000000000000000000000000000000000000000000000000000000000000000000000000000000000000000000000000000000000000000000000000000000000
00000000000000000000000000000000000000000000000000000000000033000000000000000000000000000000000000000000000000000000000000000000000000000000000000000000000000000000000000000000000000000000000000000000
00000000000000000000000000000000000000000000000000000000000000000000000000000000000000000000000000000000000000000000000000000000000000000000000000000000000000000000000000000000000000000000000000000000
00000000000000000000000000000000000000000000000000000000003003000000000000000000000000000000000000000000000000000000000000000000000000000000000000000000000000000000000000000000000000000000000000000000
00000000000000000000000000000000000000000000000000000000333304000000000000000000000000000000000000000000000000000000000000000000000000000000000000000000000000000000000000000000000000000000000000000000
00000000000000000000000000000000000000000000000000000000000004000000000000000000000000000000000000000000000000000000000000000000000000000000000000000000000000000000000000000000000000000000000000000000
00000000000000000000000000000000000000000000000000000000030340000000000000000000000000000000000000000000000000000000000000000000000000000000000000000000000000000000000000000000000000000000000000000000
00000000000000000000000000000000000000000000000000000000033450000000000000000000000000000000000000000000000000000000000000000000000000000000000000000000000000000000000000000000000000000000000000000000
22000000000000000000000000000000000000000000000000000003340455000000000000000000000000000000000000000000000000000000000000000000000000000000000000000000000000000000000000000000000000000000000000000000
00000000000220000000000000000000000000000000000000003300444455400000000000000000000000000000000000000000000000000000000000000000000000000000000000000000000000000000000000000000000000000000000000000000
20000000000000000000000000000000000000000000000000003333343555500000000000000000000000000000000000000000000000000000000000000000000000000000000000000000000000000000000000000000000000000000000000000000
00000000000000002000000000000000000000000000000000030003344555550000000000000000000000000000000000000000000000000000000000000000000000000000000000000000000000000000000000000000000000000000000000000000
02000200000000002000000000000000000000000000000000000000034455300000000000000000000000000000000000000000000000000000000000000000000000000000000000000000000000000000000000000000000000000000000000000000
20202002200000000000000000000000000000000000000000000000034344300000000000000000000000000000000000000000000000000000000000000000000000000000000000000000000000000000000000000000000000000000000000000000
22220000000200020000000000000000000000000000000000000000004340030000000000000000000000000000000000000000000000000000000000000000000000000000000000000000000000000000000000000000000000000000000000000000
22222002000022000000000000000000000000000000000000000000000000330000000000000000000000000000000000000000000000000000000000000000000000000000000000000000000000000000000000000000000000000000000000000000
22222200002000000000000000000000000000000000000000000000000033330000000000000000000000000000000000000000000000000000000000000000000000000000000000000000000000000000000000000000000000000000000000000000
22202220002000000000000000000000000000000000000000000000000000330000000000000000000000000000000000000000000000000000000000000000000000000000000000000000000000000000000000000000000000000000000000000000
20222222022022200000000000000000000000000000000000000000000000000000000000000000000000000000000000000000000000000000000000000000000000000000000000000000000000000000000000000000000000000000000000000000
22222022000002000000000000000000000000000000000000000000000000000000000000000000000000000000000000000000000000000000000000000000000000000000000000000000000000000000000000000000000000000000000000000000
22222220000000000000000000000000000000000000000000000000003000000000000000000000000000000000000000000000000000000000000000000000000000000000000000000000000000000000000000000000000000000000000000000000
22222022000000000000000000000000000000000000000000000000030000000000000000000000000000000000000000000000000000000000000000000000000000000000000000000000000000000000000000000000000000000000000000000000
22222000202220000000000000000000000000000000000000000000000000000000000000000000000000000000000000000000000000000000000000000000000000000000000000000000000000000000000000000000000000000000000000000000
22222220002220000020000000000000000000000000000000000000000000000000000000000000000000000000000000000000000000000000000000000000000000030030000000000000000000000000000000000000000000000000000000000000
22222222202200000000000000000000000000000000000000000000000000000000000000000000000000000000000000000000000000000000000000000000000000033000000000000000000000000000000000000000000000000000000000000000
22222000000000000000000000000000000000000000000000000000000000000000000000000000000000000000000000000000000000000000000000000000000000000330000030000000000000000000000000000000000000000000000000000000
22222000000020200000000000000000000000000000000000000000000000000000000000000000000000000000000000000000000000000000000000000000000003333330333333000000000000000000000000000000000000000000000000000000
22200002000000002000000000000000000000000000000000000000000000000000000000000000000000000000000000000000000000000000000000000000000003333303330333300000000000000000000000000000000000000000000000000000
00020222222000202000000000000000000000000000000000000000000000000000000000000000000000000000000000000000000000000000000000000000000003333333020333000000000000000000000000000000000000000000000000000000
00000222222000000000000000000000000000000000000000000000000000000000000000000000000000000000000000000000000000000000000000000000000000344333333333000000000000000000000000000000000000000000000000000000
22222222222220000000000000000000000000000000000000000000000000000000000000000000000000000000000000000000000000000000000000000000000003444433333303000000000000000000000000000000000000000000000000000000
02002222220202200000000000000000000000000000000000000000000000000000000000000000000000000000000000000000000000000000000000000000000000444444333300000000000000000000000000000000000000000000000000000000
22022222222222202000000000000000000000000000000000000000000000000000000000000000000000000000000000000000000000000000000000000000000000444443333330000000000000000000000000000000000000000000000000000000
22222222220200222000000000000000000000000000000000000000000000000000000000000000000000000000000000000000000000000000000000000000000004454444333022000000000000000000000000000000000000000000000000000000
22220222222222220000000000000000000000000000000000000000000000000000000000000000000000000000000000000000000000000000000000000000000045055444332000000000000000000000000000000000000000000000000000000000
22222222222222000000000000000000000000000000000000000000000000000000000000000000000000000000000000000000000000000000000000000000000000054443330000000000000000000000000000000000000000000000000000000000
22222222222222000000000000000000000000000000000000000000000000000000000000000000000000000000000000000000000000000000000000000000000005044443333030000000000020000000000000000000000000000000000000000000
02222222222222200000000000000000000000000000000000000000000000000000000000000000000000000000000000000000000000000000000000000000000005000443333300000000002000000000000000000000000000000000000000000000
02222202222222000000000000000000000000000000000000000000000000000000000000000000000000000000000000000000000000000000000000000000000000004443320220000002200000000000000000000000000000000000000000000000
22200020222222000000000000000000000000000000000000000000000000000000000000000000000000000000000000000000000000000000000000000000000000044444333200200000220000000000000000000000000000000000000000000000
02000020022220000000000000000000000000000000000000000000000000000000000000000000000000000000000000000000000000000000000000000000000000000443333002000000200000000000000000000000000000000000000000000000
00000000022220000000000000000000000000000000000000000000000000000000000000000000000000000000000000000000000000000000000000000000000000000043333302020020220000000000000000000000000000000000000000000000
00000000002200022200002000000000000000000000000000000000000000000000000000000000000000000000000000000000000000000000000000000000000000000003333330020022220000000000000000000000000000000000000000000000
20020202222222222222000000000000000000000000000000000000000000000000000000000000000000000000000000000000000000000000000000000000000000000433330003222222200000000000000000000000000000000000000000000000
02220222222200222200020000000000000000000000000000000000000000000000000000000000000000000000000000000000000000000000000000000000000000000054443022222222200000000000000000000000000000000000000000000000
00022222222222200000002000000000000000000000000000000000000000000000000000000000000000000000000000000000000000000000000000000000000000000005543302222222220000000000000000000000000000000000000000000000
20222222222220000000000000000200000000000000000000000000000000000000000000000000000000000000000000000000000000000000000000000000000000000000544330223222200000000000000000000000000000000000000000000000
22222222222222200000000000002000002000000000000000000000000000000000000000000000000000000000000000000000000000000000000000000000000000000000543222333220000000000000000000000000000000000000000000000000
20202222222222220000000020000220000002000000000000000000000000000000000000000000000000000000000000000000000000000000000000000000000000000000533032323232000000000000000000000000000000000000000000000000
00202222222222222200000000022000200200000000000000000000000000000000000000000000000000000000000000000000000000000000000000000000000000000000332002333323000000000000000000000000000000000000000000000000
00002222222222200020000000022202002000000000000000000000000000000000000000000000000000000000000000000000000000000000000000000000000000000000320022333333000000000000000000000000000000000000000000000000
00000222222222222220000000000220022000000000000000000000000000000000000000000000000000000000000000000000000000000000000000000000000000000000433330333333000000000000000000000000000000000000000000000000
00020222222222222222200000022020000000000000000000000000000000000000000000000000000000000000000000000000000000000000000000000000000000000005443333334443330000020000000000000000000000000000000000000000
00000222222222222222002000202000220002000000000000000000000000000000000000000000000000000000000000000000000000000220000000000000000000000004555443324444300000002000000000000000000000000000000000000000
00020022222222222222222002222020002022000000000000000000000000000000000000000000000000000000000000000000000000000200002222220222222333300005555443245554333302000000000000000000000000000000000000000000
00220222222222222222202222222002000020000000000000000000000000000000000000000000000000000000000000000000000000000200000032222222233333300045555443345554443332200200000000000000000000000000000000000000
00222202222222222220202220200220000000200000000000000000000000000000000000000000000000000000000000000000000000000230000000022222232220005555554443445555443330000000000000000000000000000000000000000000
00222022022222222222222022222000000200022000000000000000000000000000000000000000000000000000000000000000000000330230000000002222322000005555554343455555443332020200000000000000000000000000000000000000
00022202202222222222222002202200222002222220000000000000000000000000000000000000000000000000000000000000000000230300000000002222000000554555544454444444443332022000000000000000000000000000000000000000
00022220022222222222222000220002202222222222222200000000000000000000000000000000000000000000000000000000000023333300000000000000000045445555555555444444333322022000000000000000000000000000000000000000
00002222222222222222222020222222222202222222222220000000000000000000000000000000000000000000000000000000000303333300000000000000003455545555555555543333333002002000000000000000000000000000000000000000
00002002222222222222222202002222222222022222222222022200000000000000000000000000000000000000000000000000000333333330000000000000000455544545555555544333300002000000000000000000000000000000000000000000
00000002222222222222222222220222202222022222222222022000000000000000000000000000000000000000000200000000003033344443000000000000003445544444444435443323302022200200000000000000000000000000000000000220
00000022220020222222222220222222000220000000222222222200000200000000000000000000000000000000000200000000000333344444000000000000004555555554433324433300222220200020000000000000000000000000000000000200
00000022022222222222222222222002000000000000022222202200000200000000000000000000000000000000002000000000000033444440000000000000004555555555433233323032220220000220000000000000000000000000000000000000
00000222222222202220222220202000000000000000022220022200022020000000000000000000000000000022020220200000000033344450000000000000003445555554322233322222222220002200000000000000000000000000000000002000
00000222202022222202222220000000000000000000000222020000222000000000000000000000000000220002222202022000000003444455000000000030033445555554332232322222222220000200000000000000000000000000002000222200
00020002222022222202200200000000000000000000002222222002220000000000000000000000000000020222222202000000000023444555550000033344434444445554322332222022222220000000220000000000000000000000000222220200
00000002002202020022002000000000000000000000000022220022200020000000000000000000000000000022222222220000000003344555555444444444443444445544334332222222222222000200000200000000000000000000000000000002
00000022200200220222000000000000000000000000000022200200002220000000000000000000000000002222222202220000000033444555554444444555443344444555444332222222222222002000000000000000000000000000000022222222
00000022000000002220000000000000000000000000000020002000020200000002000000000020000002202222222200000000000033444455444443445555443445545555554302222222222222202020000002000000000000000000000002222222
00000200000000020000000000000000000000000000000000000000020000000000000000000000202000222202222202000000000033344444443433444555434455545555553223332222222222200000000000000000000000000000000022222222
00000000000000022000000000000000000000000000000000002000000000000002000000000200222202222222222222000000000332233444433333344454434455544445553333332222222222020000000000000000000000000000000022222222
00000220000000000000000000000000000000000000000000020000000000000000000000200000020222222222222222000000002232333333333333333444333344444455554443333322222222220200000000000000000000002200000222222222
00000000000000000000000000000000000000000000000000000002000000000000000000020222222222222222222022000000002233332333333333333333333333344455555443333322222200200020000000000000000000000002000022222222
00000000000000000000000000000000000000000000000000000000000000000000002000000222222222222222222222000000002222333333333333333333333333344455555443333222222022022020000000000000000000000022200022202222
00000000000000000000000000000000000000000000000000000000000000000000000000002222222222222222222022000000002020222233333333333333333333444555555543323022222222000000000000000000000000002220222222222222
00000000000000000000000000000000000000000000000000000000000000000000000000022022222222022222222222000000000202223223333333333333333333444555555544333222222220000000000000000000000000002220022222020222
00000000000000000000000000000000000000000000000000000000000000000000000020002202222222222222222000000000000002222000333333333333333333344455555544333322222202000000000000000000000000002222222222222222
00000000000000000000000000000000000000000000000000000000000000000000002000220002222222202220200000000000000000030000332223333333333333444455554432333322200000000000000000000000000000002202222222222222
00000000000000000000000000000000000000000000000000000000000000000000000000020020222220002002200000000000000000000003033223333333333233334445544332322020002200220000000000000000000000000220202222222222
00000000000000000000000000000000000000000000000000000000000000000000000000000002220200000000000000000000000000000000002222343333333333333444444333323000220000000000000000000000000000000002222222222222
00000000000000000000000000000000000000000000000000000000000000000000000000000000220000000000000000000000000000030000002222333333333333333444444433322020000000000000000000000000000000002222222222222222
00000000000000000000000000000000000000000000000000000000000000000000000000000000000000000000002000000000000000003000002000233333333323334444444443333220000000000000000000000000000000002022222222202222
00000000000000000000000000000000000000000000000000000000000000000000000000000000000000000000000000000000000000003000002222333333333333334444444444333000000000000000000000000000000000002222222222222222
00000000000000000000000000000000000000000000000000000000000000000000000000000000000000000000000000000000030000033300000222234333333333334444554444322000022000000000200000000000000000022202222222222222
00000000000000000000000000000000000000000000000000000000000000000000000000000000000000000000000000000000000333330030000222233333333333334445555444333000000000000000000000000000000000202220222222222222
00000000000000000000000000000000000000000000000000000000000000000000000000000000000000000000000000000000000003000000002222333333333333333445555543330000000000000000000000000000002022200222222222222222
00000000000000000000000000000000000000000000000000000000000000000000000000000000000000000000000000000000000330000030002220233333333333333345555543300000000000000000000000000000000200202002222222222222