33345553445555555555444333002222222000000002222222002222220000000000000000000000000000000000000000000000000000000000000000000000000000000000022222222222222222222222222222222222222222222222000000000000
33335553444544444554444333022222220000000000002222000000000000000000000000000000000000000000000000000000000000000000000000000000000000000000002202222222222222222222222222222222222222222222000000000000
23334555444444444444444333222222200000000000022222200000000000000000000000000000000000000000000000000000000000000000000000000000000000000000000022222222222222222222222222222222222222222222000000000000
22234555443443344444443333222222200002200000200222200000000000000000000000000000000000000000000000000000000000000000000000000000000000000000000002222222222222222222222222222222222222222200000000000000
22234444443333334444433333222222200002200000000222220000000000000000000000000000000000000000000000000000000000000000000000000000000000000000000002222222222222222222222222222222222222222200000000000000
22234444443333333333333333222222200222200000000222220000000000000000000000000000000000000000000000000000000000000000000000000000000000000000000000222222222222222222222222222222222222200000000000000000
22333444443332333333333333222222220222000022220222220000000000000000000000000000000000000000000000000000000000000000000000000000000000000000000000222222222222222222222222222222222220000000000000000000
22333344433322223333333332222222222222000002200000020000000000000000000000000000000000000000000000000000000000000000000000000000000000000000000000000022222222222222222222222222222000000000000000000000
22333333333332222202333322222222222222200002200002222000000000000000000000000000000000000000000000000000000000000000000000000000000000000000000000000000002222222222222222222222000000000000000000000000
23333333333330222202222222222222222222220002200000220000000000000000000000000000000000000000000000000000000000000000000000000000000000000000000000000000000022222222222222222000000000000000000000000000
23333333333322202220222222222222222222222222222200000000000000000000000000000000000000000000000000000000000000000000000000000000000000000000000000000000000000000000000000000000000000000000000000000000
22333333333322200022222222222222222222222222222220000000000000000000000000000000000000000000000000000000000000000000000000000000000000000000000000000000000000000000000000000000000000000000000000000000
22333333333322200022222222222222222222222222222220000000000000000000000000000002220000000000000000000000000000000000000000000000000000000000000000000000000000000000000000000000000000000000000000000000
22233333333222220222222222222222222222222222222200000000000000000000000000000002220000000000000000000000000000000000000000000000000000000000000000000000000000000000000000000000000000000000000000000000
22223333333222222220022222222222222222222222222222000000000000000002222220000002202200000000000000000000000000000000000000000000000000000000000000000000000000000000000000022000000000000000000000000000
22223333333222202200022222222222222222222222222222000000000000000002222220000002222200000000000000000000000000000000000000000000000000000000000000000000000000000000000000022000000000000000000000000000
22222233332222220022222222222222222222222222222200220000000000002222222222200000000000000000000000000000000000000000000000000000000000000000000000000000000000000000000000000000000000000000000000000000
02222233332222220022222222222222222222222222222222220000000000002222222222200000002200000000000000000000000000000000000000000000000000000000000000000000000000000000000000000000000000000000000000000000
22222222222222220022202222222222222222222222222200000000000000222222222222200000000000000000000000000000000000000000000000000000000000000000000000000000000000000000000000000000000000000000000000000000
22220222232222222222202222222222222222222222222200000000000002222222222222200000000000000000000000000000000000000000000000000000000000000000000000000000000000000000000000000000000000000000000000000000
22222222333222222222222222222222222222222222222200000000000000222222220222200000222000000000000000000000000000000000000000000000000000000000000000000000000000000000000000000000000000000000000000000000
22222333333222222222222222222222222222222222222200000000000220222222222222220000020000000000000000000000000000000000000000000000000000000000000000000000000000000000000000000000000000000000000000000000
20222233333222232022222222222222202222222222220000000000002222222222222222222002220000000000000000000000000000000000000000000000000000000000000000000000000000000020000000022000000000000000000000000000
22222233333222332000022222222222202222222222222000000000222222222222222222222000220022002000000000000000000000000000000000000000000000000000000000000000000000000000000000000000000000000000000000000000
33322333332223330000022222222222002222202222222000000000222222222222222222222000022222000000000000000000000000000000000000000000000000000000000000000000000000000000000000000000000000000000000000000000
33332333332223322220000022222222222220022222222222000022222200222222222222222200022222000000000000000000000000000000000000000000000000000000000000000000000000000000000002200000000000000000000000000000
33333333332223222000000000000200222220022222222222200022222200222222222222222220022222000000000000000000000000000000000000000000000000000000000000000000000000000000000002200000000000000000000000000000
03333333332223020000002220002220022200000000222200000022222222222222222222222220022222200000000000000000000000000000000000000000000000000000000000000000000000000000000000000000000000000000000000000000
02333333332233000000002200002200022000000000022220000022222222222222222222222220222222220000000000000000000000000000000000000000000000000000000000000000000000000000000000000000000000000000000000000000
00333444433332220000000000220000000220000000000200002222222222222222222222222222222222220000000000000000000000000000000000000000000000000000000000000000000000000000000000000000000000000000000000000000
00034444444422220000000000220000000220000000000000002222222222222222222222222222202222220000000000000000000000000000000000000000000000000000000000000000000000000000000000000000000000000000000000000000
22024344434422222200220000000022000000000000000000002222222222222222222222222222222222202222000000000000000000000000000000000000000000000000000000000000000000000000000000000000000000000000000000000000
22223344444222222222220000000022000000000000000000002222222222222222222222222222222222202222000000000000000000000000000000000000000000000000000000000000000000000000000000000000000000000000000000000000
02223344444400222222222000000000000000000000022200002222222222222222222222222222222222202222220000000000000000000000000000000000000000000000000000000000000000000000000000000000000000000000000000000000
02222444444000222222222000000000000000000000022200022200002222222222222222222222222222222222220000000000000000000000000000000000000000000000000000000000000000000000000000000000000000000000000000000000
30222245544420333222222000000000000000000000022000222000220022222222222222222222222222222200000000000000000000000000000000000000000000000000000000000000000000000000000000000000000000000000000000000000
33322245554443332222222000000000000000000000022000222000222222222222222222222222222222222000020000000000000000000000000000000000000000000000000000000000000000000000000000000000000000000000000000000000
33343355555443302222220000000000000000000000000000000000000022222222222222222222222222222200222222200000000000000000000000000000000000000000000000000000000000000000000000000000000000000000000000000000
23334455554443302222222000000000000000000000000000000000000022222222222222222222222222222222222222200000000000000000000000000000000000000000000000000000000000000000000000000000000000000000000000000000
22333445554433200000222000000000000000000000000000000000000000000002222220022222222222222222222222200220000000000000000000000000000000000000000000000000000000000000000000000000000000000000000000000000
22023345543333000000022200000000000000000000000000000000000000000000000000000220002222222222222222200000000000000000000000000000000000000000000000000000000000000000000000000000000000000000000000000000
22223455543320000000002200000000000000000000000000000000000000000000000000000220000022222222222222220000000000000000000000000000000000000000000000000000000000000000000000000000000000000000000000000000
22224555543320000000002200000000000000000000000000000000000000000000000000000000000002220222222222222000000000000000000000000000000000000000000000000000000000000000000000000000000000000000000000000000
22234555543320000000002200000000000000000000000000000000000000000000000000000000000000220022222222222000000000000000000000000000000000000000000000000000000000000000000000000000000000000000000000000000
03344455543222200000000022000000000000000000000000000000000000000000000000000000000000000000002002222000000000000000000000000000000000000000000000000000000000000000000000000000000000000000000000000000
33444444443222222000000022000000000000000000000000000000000000000000000000000000000000000000000000022000000000000000000000000000000000000000000000000000000000000000000000000000000000000000000000000000
33444444443222333033000000000000000000000000000000000000000000000000000000000000000000000000000000000000000000000000000000000000000000000000000000000000000000000000000000000000000000000000000000000000
33444444443222330000000000000000000000000000000000000000000000000000000000000000000000000000000000000000000000000000000000000000000000000000000000000000000000000000000000000000000000000000000000000000
33444444433302333032000000000000000000000000000000000000000000000000000000000000000000000000000000000000000000000000000000000000000000000000000000000000000000000000000000000000000000000000000000000000
33344444333223333333000000000000000000000000000000000000000000000000000000000000000000000000000000000000000000000000000000000000000000000000000000000000000000000000000000000000000000000000000000000000
33444433332223333333000000000000000000000000000000000000000000000000000000000000000000000000000000000000000000000000000000000000000000000000000000000000000000000000000000000000000000000000000000000000
33333333332223333332033300000000000000000000000000000000000000000000000000000000000000000000000000000000000000000000000000000000000000000000000000000000000000000000000000000000000000000000000000000000
33333333332223333333333300000000000000000000000000000000000000000000000000000000000000000000000000000000000000000000000000000000000000000000000000000000000000000000000000000000000000000000000000000000
33333333322233333333333300000000000000000000000000000000000000000000000000000000000000000000000000000000000000000000000000000000000000000000000000000000000000000000000000000000000000000000000000000000
33333333322233333333333200000000000000000000000000000000000000000000000000000000000000000000000000000000000000000000000000000000000000000000000000000000000000000000000000000000000000000000000000000000
33333333222233333333333230000000000000000000000000000000000000000000000000000000000000000002200200000000000000000000000000000000000000000000000000000000000000000000000000000000000000000000000000000000
34333333222333333333332332000000000000000000000000000000000000000000000000000000000000000000000200000000000000000000000000000000000000000000000000000000000000000000000000000000000000000000000000000000
44333433222333333333332323300000000000000000000000000000000000000000000000000000000000000000000000022000000000000000000000000000000000000000000000000000000000000000000000000000000000000000000000000000
44444442222333333333323333000000000000000000000000000000000000000000000000000000000000000000000000022000000000000000000000000000000000000000000000000000000000000000000000000000000000000000000000000000
43344432222333333223322300000000000000000000000000000000000000000000000000000000000000000000000000000000000000000000000000000000000000000000000000000000000000000000000000000000000000000000000000000000
43343332223333333223002200000000000000000000000000000000000000000000000000000000000000000000000000000000000000000000000000000000000000000000000000000000000000000000000000000000000000000000000000000000
44443322223333330030000000000000000000000000000000000000000000000000000000000000000000000000000000000000000000000000000000000000000000000000000000000000000000000000000000000000000000000000000000000000
44433322223333232000000000000000000000000000000000000000000000000000000000000000000000000000000000000000000000000000000000000000000000000000000000000000000000000000000000000000000000000000000000000000
34433322223333022200000000000000000000000000000000000000000000000000000000000000000000000000002200000000000000000000000000000000000000000000000000000000000000000000000000000000000000000000000000000000
34433322223332222220000000000000000000000000000000000000000000000000000000000000000000000000002200000000000000000000000000000000000000000000000000000000000000000000000000000000000000000000000000000000
34333222223332200022000000000000000000000000000000000000000000000000000000000000000000000000000000000000000000000000000000000000000000000000000000000000000000000000000000000000000000000000000000000000
24333222223322200022200000000000000000000000000000000000000000000000000000000000000000000000000000000000000000000000000000000000000000000000000000000000000000000000000000000000000000000000000000000000
23332222223320000002220000000000000000000000000000000000000000000000000000000000000000000000000000000000000000000000000000000000000000000000000000000000000000000000000000000000000000000000000000000000
23222222233220000000220000000000000000000000000000000000000000000000000000000000000000000000000000000000000000000000000000000000000000000000000000000000000000000000000000000000000000000000000000000000
23222202233022200000000000000000000000000000000000000000000000000000000000000000000000000000000000000000000000000000000000000000000000000000000000000000000000000000000000000000000000000000000000000000
22222200032002200000000000000000000000000000000000000000000000000000000000000000000000000000000000000000000000000000000000000000000000000000000000000000000000000000000000000000000000000000000000000000
02222200030000000000000000000000000000000000000000000000000000000000000000000000000000000000000000000000000000000000000000000000000000000000000000000000000000000000000000000000000000000000000000000000
30022220300000000000000000000000000000000000000000000000000000000000000000000000000000000000000000000000000000000000000000000000000000000000000000000000000000000000000000000000000000000000000000000000
30002220300000000000000000000000000000000000000000000000000000000000000000000000000000000000000000000000000000000000000000000000000000000000000000000000000000000000000000000000000000000000000000000000
20000022000000000000000000000000000000000000000000000000000000000000000000000000000000000000000000000000000000000000000000000000000000000000000000000000000000000000000000000000000000000000000000000000
20000000000000000000000000000000000000000000000000000000000000000000000000000000000000000000000000000000000000000000000000000000000000000000000000000000000000000000000000000000000000000000000000000000
20000000000220000000000000000000000000000000000000000000000000000000000000000000000000000000000000000000000000000000000000000000000000000000000000000000000000000000000000000000000000000000000000000000
00000000000220000000000000000000000000000000000000000000000000000000000000000000000000000000000000000000000000000000000000000000000000000000000000000000000000000000000000000000000000000000000000000000
22000000000000000000000000000000000000000000000000000000000000000000000000000000000000000000000000000000000000000000000000000000000000000000000000000000000000000000000000000000000000000000000000000000
44400000000000000000000000000000000000000000000000000000000000000000000000000000000000000000000000000000000000000000000000000000000000000000000000000000000000000000000000000000000000000000000000000000
43443000000000000000000000000000000000000000000000000000000000000000000000000000000000000000000000000000000000000000000000000000000000000000000000000000000000000000000000000000000000000000000000000000
33332000000000000000000000000000000000000000000000000000000000000000000000000000000000000000000000000000000000000000000000000000000000000000000000000000000000000000000000000000000000000000000000000000
33300000000000000000000000000000000000000000000000000000000000000000000000000000000000000000000000000000000000000000000000000000000000000000000000000000000000000000000000000000000000000000000000000000
23300000000000000000000000000000000000000000000000000000000000000000000000000000000000000000000000000000000000000000000000000000000000000000000000000000000000000000000000000000000000000000000000000000
03000000000000000000000000000000000000000000000000000000000000000000000000000000000000000000000000000000000000000000000000000000000000000000000000000000000000000000000000000000000000000000000000000000
00040000000000000000000000000000000000000000000000000000000000000000000000000000000000000000000000000000000000000000000000000000000000000000000000000000000000000000000000000000000000000000000000000000
44444003200000000000000000000000000000000000000000000000000000000000000000000000000000000000000000000000000000000000000000000000000000000000000000000000000000000000000000000000000000000000000000000000
44434402300000000000000000000000000000000000000000000000000000000000000000000000000000000000000000000000000000000000000000000000000000000000000000000000000000000000000000000000000000000000000000000000
33334440332000000000000000000000000000000000000000000000000000000000000000000000000000000000000000000000000000000000000000000000000000000000000000000000000000000000000000000000000000000000000000000000
32234044332000000000000000000000000000000000000000000000000000000000000000000000000000000000000000000000000000000000000000000000000000000000000000000000000000000000000000000000000000000000000000000000
32300004333000000000000000000000000000000000000000000000000000000000000000000000000000000000000000000000000000000000000000000000000000000000000000000000000000000000000000000000000000000000000000000000
43300000003000000000000000000000000000000000000000000000000000000000000000000000000000000000000000000000000000000000000000000000000000000000000000000000000000000000000000000000000000000000000000000000
44440000000000000000000000000000000000000000000000000000000000000000000000000000000000000000000000000000000000000000000000000000000000000000000000000000000000000000000000000000000000000000000000000000
03444220000000000000000000000000000000000000000000000000000000000000000000000000000000000000000000000000000000000000000000000000000000000000000000000000000000000000000000000000000000000000000000000000
02444440000000000000000000000000000000000000000000000000000000000000000000000000000000000000000000000000000000000000000000000000000000000000000000000000000000000000000000000000000000000000000000000000
22423430000000000000000000000000000000000000000000000000000000000000000000000000000000000000000000000000000000000000000000000000000000000000000000000000000000000000000000000000000000000000000000000000
32344330000000000000000000000000000000000000000000000000000000000000000000000000000000000000000000000000000000000000000000000000000000000000000000000000000000000000000000000000000000000000000000000000
33043333000000000000000000000000000000000000000000000000000000000000000000000000000000000000000000000000000000000000000000000000000000000000000000000000000000000000000000000000000000000000000000000000
30023330000000000000000000000000000000000000000000000000000000000000000000000000000000000000000000000000000000000000000000000000000000000000000000000000000000000000000000000000000000000000000000000000
32200320000000000000000000000000000000000000000000000000000000000000000000000000000000000000000000000000000000000000000000000000000000000000000000000000000000000000000000000000000000000000000000000000
44330220000000000000000000000000000000000000000000000000000000000000000000000000000000000000000000000000000000000000000000000000000000000000000000000000000000000000000000000000000000000000000000000000
43033320000000000000000000000000000000000000000000000000000000000000000000000000000000000000000000000000000000000000000000000000000000000000000000000000000000000000000000000000000000000000000000000000
40030220000000000000000000000000000000000000000000000000000000000000000000000000000000000000000000000000000000000000000000000000000000000000000000000000000000000000000000000000000000000000000000000000
42440300000000000000000000000000000000000000000000000000000000000000000000000000000000000000000000000000000000000000000000000000000000000000000000000000000000000000000000000000000000000000000000000000
43344300000000000000000000000000000000000000000000000000000000000000000000000000000000000000000000000000000000000000000000000000000000000000000000000000000000000000000000000000000000000000000000000000
43344300000000000000000000000000000000000000000000000000000000000000000000000000000000000000000000000000000000000000000000000000000000000000000000000000000000000000000000000000000000000000000000000000
44443320000000000000000000000000000000000000000000000000000000000000000000000000000000000000000000000000000000000000000000000000000000000000000000000000000000000000000000000000000000000000000000000000
44444320000000000000000000000000000000000000000000000000000000000000000000000000000000000000000000000000000000000000000000000000000000000000000000000000000000000000000000000000000000000000000000000000
44444320000000000000000000000000000000000000000000000000000000000000000000000000000000000000000000000000000000000000000000000000000000000000000000000000000000000000000000000000000000000000000000000000
44344320000000000000000000000000000000000000000000000000000000000000000000000000000000000000000000000000000000000000000000000000000000000000000000000000000000000000000000000000000000000000000000000000
44444320000000000000000000000000000000000000000000000000000000000000000000000000000000000000000000000000000000000000000000000000000000000000000000000000000000000000000000000000000000000000000000000000
44444320000000000000000000000000000000000000000000000000000000000000000000000000000000000000000000000000000000000000000000000000000000000000000000000000000000000000000000000000000000000000000000000000
33444320000000000000000000000000000000000000000000000000000000000000000000000000000000000000000000000000000000000000000000000000000000000000000000000000000000000000000000000000000000000000000000000000
42344320000000000000000000000000000000000000000000000000000000000000000000000000000000000000000000000000000000000000000000000000000000000000000000000000000000000000000000000000000000000000000000000000
40033320000000000000000000000000000000000000000000000000000000000000000000000000000000000000000000000000000000000000000000000000000000000000000000000000000000000000000000000000000000000000000000000000
33334330000000000000000000000000000000000000000000000000000000000000000000000000000000000000000000000000000000000000000000000000000000000000000000000000000000000000000000000000000000000000000000000000
03334300000000000000000000000000000000000000000000000000000000000000000000000000000000000000000000000000000000000000000000000000000000000000000000000000000000000000000000000000000000000000000000000000
03343000000000000000000000000000000000000000000000000000000000000000000000000000000000000000000000000000000000000000000000000000000000000000000000000000000000000000000000000000000000000000000000000000
03343003200000000000000000000000000000000000000000000000000000000000000000000000000000000000000000000000000000000000000000000000000000000000000000000000000000000000000000000000000000000000000000000000
03343003200000000000000000000000000000000000000000000000000000000000000000000000000000000000000000000000000000000000000000000000000000000000000000000000000000000000000000000000000000000000000000000000
02333000000000000000000000000000000000000000000000000000000000000220000000000000000000000000000000000000000000000000000000000000000000000000000000000000000000000000000000000000000000000000000000000000
22333000000000000000000000000000000000000000022000002200000000222000000000000000000000000000000000000000000000000000000000000000000000000000000000000000000000000000000000000000000000000000000000200000
32330000000000000000000000000000000000000000022000002200000002222000000000000000000000000000000000000000000000000000000000000000000000000000000000000000000000000000000000000000000000000000000000200000
02330000000000000000000000000000000000000000000022000000000022222000000000000000000000000000000000000000000000000000000000000000000000000000000000000000000000000000000000000000000000000000000000000000
03330000000000000000000000000000000000000000000022200000000022222000000000000000000000000000000000000000000000000000000000000000000000000000000000000000000000000000000000000000000000000000000000000000
00000000000000000000000000000000000000000000000222220000000022222000000000000000000000000000000000000000000000000000000000000000000000000000000000000000000000000000000000000000000000000000000000000000
00000000003000000000000000000000000000000000000222220000000022222000000000000000000000000000000000000000000000000000000000000000000000000000000000000000000000000000000000000000000000000000000000000000
00000320000320000000000000000000000000000000000000002200000022222220000000022000000000000000000000000000000000000000000000000000000000000000000000000000000000000000000000000000000000000000000000000000
00003220000320000000000000000000000000000000000000002200000022220220000000022000000000000000000000000000000000000000000000000000000000000000000000000000000000000000000000000000000000000000000000000000
30022000000000000000000000000000000000000000000000000000000022222000000000002220000000000000000000000000000000000000000000000000000000000000000000000000000000000000000000000000000000000000000000000000
20023300000000000000000000000000000000000000000000000022000222222200000000222220000000000000000000000000000000000000000000000000000000000000000000000000000000000000000000000000000000000000000000000000
00000000000000000000000000000000000000000000000000000022020222222200000002222220000000000000000000000000000000000000000000000000000000000000000000000000000000000000000000000000000000000000000000000000
00000000000000000000000000000000000000000000000000000022020222222200000022222220000000000000000000000000000000000000000000000000000000000000000000000000000000000000000000000000000000000000000000000000
20000000000000000022000000000000000000000000000000002222222222222200000222222200000000220000000000000000000000000000000000000000000000000000000000000000000000000000000000000000000000000000000000000000
20000000000000000022000000000000000000000000000000002222222222222220222222222000000000220000000000000000000000000000000000000000000000000000000000000000000000000000000000000000000000000000000000000000
00000000000000000000000000000000000000000000000000002200002222222222222022200000000000000000000000000000000000000000000000000000000000000000000000000000000000000000000000000000000000000000000000000000
00000000000000000000030000000000000000000000000000002200022222222222222222200002000000000000000000000000000000000000000000000000000000000000000000000000000000000000000000000000000000000000000000000000
32200000000000000000033000000000000000000000000000220222222222222222222222222220000000000000000000000000000000000000000000000000000000000000000000000000000000000000000000000000000000000000000000000000
22200000000000000000003000000000000000000000000000022222222222222222222222222220000000000000000000000000000000000000000000000000000000000000000000000000000000000000000000000000000000000000000000000000
33300000000000000000003000000000000000000000000000002222222222222222222222222220000000000000000000000000000000000000000000000000000000000000000000000000000000000000000000000000000000000000000000000000
30000000000000000000003200000000000000000000000000002222222222222222222222222220000000002200000000000000000000000000000000000000000000000000000000000000000000000000000000000000000000000000000000000000
33000000000000000000002200000000000000000000000000002222222222222222222222222220000000022200000000000000000000000000000000000000000000000000000000000000000000000000000000000000000000000000000000000000
33000000000000000000000000000200000000000002200222222222222222222222222222200200022000200000000000000000000000000000000000000000000000000000000000000000000000000000000000000000000000000000000000000000
30000000000000000000000000000000022000000002200222222222222222222222222222200000020000200000000000000000000000000000000000000000000000000000000000000000000000000000000000000000000000000000000000000000
22200202000000000000000000000000000000000000000002222222222222222222222222222222222222200000000000000000000000000000000000000000000000000000000000000000000000000000000000000000000000000000000000000000
02200000000000000000000000000000000000000000000000220222222222222222222222222222222222000000000000000000000000000000000000000000000000000000000000000000000000000000000000000000000000000000000000000000
22200200000000000000000000000000000000000000000000220020222002222222222222222222222220000000000000000000000000000000000000000000000000000000000000000000000000000000000000000000000000000000000000000000
22220200000000000000000000000000000000000000000000220020222002022222222222222222222200000000000000000000000000000000000000000000000000000000000000000000000000000000000000000000000000000000000000000000
22220000000000000000000000000000000000000000000000000022222202000222222222222222222220220000000000000000000000000000000000000000000000000000000000000000000000000000000000000000000000000000000000000000
22200022000000000000000000000000000000000000000000000022222200002222222222222222222220220000000000000000000000000000000000000000000000000000000000000000000000000000000000000000000000000000000000000000
00000220000000000000000000000000000000000000000000220022222222222222222222222222222200000220000000000000000000000000000000000000000000000000000000000000000000000000000000000000000000000000000000000000
22200220000002000020000000000000000000000000000000220022222222222222222222222222222200000200000000000000000000000000000000000000000000000000000000000000000000000000000000000000000000000000000000000000
22200222200002002022000000000000000000000000000000002222222222222222222222222222222222002200200000000000000000000000000000000000000000000000000000000000000000000000000000000000000000000000000000000000
43200220000002200000000000000000000000000000000200222222222222222222222222222222222022222222000000000000000000000000000000000000000000000000000000000000000000000000000000000000000000000000000000000000
43320222000002200000000000000000000000000000000000222022222222222222222222222222222220222222000000000000000000000000000000000000000000000000000000000000000000000000000000000000000000000000000000000000
44322222000000000000000000000000000000000000000200002222222222222222222222222222222220222200000000000222200000000000000000000000000000000000000000000000000000000000000000000000000000000000000000000000
43332220000000000000000000000000000000000000000200002222222222222222222222022222222202222200000000000222200000000000000000000000000000000000000000000000000000000000000000000000000000000000000000000000
43322220000220000000000000000000000000000000000000222222222222222222222222222222222222220000002220000220000000000000000000000000000000000000000000000000000000000000000000000000000000000000000000000000
44332220000220000000000000000000000000000000000000222222222222022222222222222222222222220002202222000220000000000000000000000000000000000000000000000000000000000000000000000000000000000000000000000000
33332220000000020000000000000000000000000000000000002222202220002222222222222222222222222222222222200022200000000000000000000000000000000000000000000000000000000000000000000000000000000000000000000000
33333220000000200000000000000000000000000000000000002022202222202222222222222222222222222222222222200002200000000000000000000000000000000000000000000000000000000000000000000000000000000000000000000000
33333320000020220222000000000000000000000000000000220002222222222222222222222222222222222222222220220022200000000000000000000000000000000000000000000000000000000000000000000000000000000000000000000000
33333220000020220222000000000000000000000000000000220002222222222222222222222222222222222222222220220002200000000000000000000000000000000000000000000000000000000000000000000000000000000000000000000000
33333222222222200000000000000000000000000000000000222022222222222222222222222222222222222222222222200000200000000000000000000000000000000000000000000000000000000000000000000000000000000000000000000000
33333223222222000000000000000000000000000000000002220022222222222222222222222222222222222222222222200000000000000000000000000000000000000000000000000000000000000000000000000000000000000000000000000000
33332222222222220000000000000000000000000002200022200022222222222222222222222222222222222222222222200220000000000000000000000000000000000000000000000000000000000000000000000000000000000000000000000000
33333222222222222000000000000000000000000022200022200022222222222222222222222222222222222222222222200222000000000000000000000000000000000000000000000000000000000000000000000000000000000000000000000000
33333222222222222000000000000000000000000022200022222222222222222222222222222222222222222222222222200002000000000000000000000000000000000000000000000000000000000000000000000000000000000000000000000000
33332222222222222200000000000000000000000022200022222222222222222222222222222222222222222222222222200002000000000000000000000000000000000000000000000000000000000000000000000000000000000000000000000000
33333222222222222200000000000000000002200022222022022222222222222222222222222222222222222222222222200002200000000000000000000000000000000000000000000000000000000000000000000000000000000000000000000000
33333222222222222200000000000000000000000002222220022222222222222222222222222222222222222222222222220000002200000200000000000000000000000000000000000000000000000000000000000000000000000000000000000000
33333322222222222200000000000000000000000002222200002222222222222222222222222222222222222222222222220000002000000200000000000000000000000000000000000000000000000000000000000000000000000000000000000000
22223222222222222000000000000000000000000000000220002222222222222222222222222222222222222222222222222222220000022000000000000000000000000000000000000000000000000000000000000000000000000000000000000000
22222222222222222000000000000000000000000000000220002222222222222222222222222222222222222222222222222222200000022000000000000000000000000000000000000000000000000000000000000000000000000000000000000000
33333332222222222200000000000000000000000000002200222222222222222222222222222222222222222222222222222202200000000000000000000000000000000000000000000000000000000000000000000000000000000000000000000000
22233322222222222200000000000000000000000020002200222222222222222222222222222222222222222222222222222222200000000000000000000000000000000000000000000000000000000000000000000000000000000000000000000000
22222222222222222000000000000000000000002222222022222222222222222222222222222222222222222222222222222222200000000000000000000000000000000000000000000000000000000000000000000000000000000000000000000000
22222222222222222000000000000000000000002222222022222222222222222222222222222222222222222222222222222222200000000000000000000000000000000000000000000000000000000000000000000000000000000000000000000000
22222222222222222222000000020000000000000200200200222222222222222222222222222222222222222222222222222200220000000000220000000000000000000000000000000000000000000000000000000000000000000000000000000000
22222222222222222222200000000000000000000200220200222222222222222222222222222222222222222222222222222200200000000000220000000000000000000000000000000000000000000000000000000000000000000000000000000000
22222222222222222222222200000000000000000020000022222222222222222222222222222222222222222222222222222222000002200000000000000000000000000000000000000000000000000000000000000000000000000000000000000000
22222222222222222222222202200000000000002000002022222222222222222222222222222222222222222222222222222222000002200020000000000000000000000000000000000000000000000000000000000000000000000000000000000000
22222222222222222222202222222200000000000220002200222222222222222222222222222222222222222222222222222222000000000000000000000000000000000000000000000000000000000000000000000000000000000000000000000000
22222222222222222222022222202200000000000220002002222222222222222222222222222222222222222222222222222222000000000000000000000000000000000000000000000000000000000000000000000000000000000000000000000000
02222222222222222222222222222222000000000020022022222222222222222222222222222222222222222222222222222222200000000000000000000000000000000000000000000000000000000000000000000000000000000000000000000000
22222222222222222222222222222222000020000000222222222222222222222222222222222222222222222222222222222222200000000000000000000000000000000000000000000000000000000000000000000000000000000000000000000000
22222222222222222222222222220000000222000022222222222222222222222222222222222222222222222222222222222222200000000000000000000000000000000000000000000000000000000000000000000000000000000000000000000000
22222222222222222222222222222202222002000222222222222222222222222222222222222222222222222222222222222222222000000000000000000000000000000000000000000000000000000000000000000000000000000000000000000000
22222222222222222222222222222222222000000222222222222222222222222222222222222222222222222222222222222222222000000000000000000000000000000000000000000000000000000000000000000000000000000000000000000000
22222222222222222222222222222222200222200022222222222222222222222222222222222222222222222222222222222222202000000000000000000000000000000000000000000000000000000000000000000000000000000000000000000000
02222222222222222222222222222222000222200222222222222222222222222222222222222222222222222222222222222220202000000000000000000000000000000000000000000000000000000000000000000000000000000000000000000000
02222222222222222222222222222222222002202222222222222222222222222222222222222222222222222222222222222222222220000000000000000000000000000000000000000000000000000000000000000000000000000000000000000000
02222022222222222222222222222222220002200222222222222222222222222222222222222222222222222222222222222222222220000000000000000000000000000000000000000000000000000000000000000000000000000000000000000000
00202222222222222222222222222222222222000222222222222222222222222222222222222222222222222222222222222222222222200000000000000000000000000000000000000000000000000000000000000000000000000000000000000000
00200222222222222222222222222222222220200222222222222222222222222222222222222222222222222222222222222222222222200000000000000000000000000000000000000000000000000000000000000000000000000000000000000000
00220222222222222222222222222222222202202222222222222222222222222222222222222222222222222222222222222220002220000000000000000000000000000000000000000000000000000000000000000000000000000000000000000000
00220222222222222222222222222222222000202222222222222222222222222222222222222222222222222222222222222220022220000000000000000000000000000000000000000000000000000000000000000000000000000000000000000000
02220000222222222222222222222222222222202222222222222222222222222222222222222222222222222222222222222220000022200000000000000000000000000000000000000000000000000000000000000000000000000000000000000000
02220002222222222222222222222222333322222332222222222222222222222222222222222222222222222222222222222220000002200000000000000000000000000000000000000000000000000000000000000000000000000000000000000000
00000002222222222222222222222233333322222333332332233222222222222222222222222222222222222222222222022220000000000000000000000000000000000000000000000000000000000000000000000000000000000000000000000000