22222222200202022222222222222200000000000000000000000000000000000000000000000000000000000000000000000000000000000000000000000000000000000000000000000000000000000000000000000000000000000000000000000000
22222220022222222222222222220000000000000000000000000000000000000000000000000000000000000000000022222020000000000000002200000000000000000000000000000000000000000000000000000000000000000000000000000000
22222222222222222222222022220000000000000000000000000000000000000000000000000000000000000000000022220020000000000000002200000000000000000000000000000000000000000000000000000000000000000000000000000000
22222222222202222222222020220000000000000000000000000000000000000000000000000000000000000000002000020000000000000000000220000000000000000000000000000000000000000000000000000000000000000000000000000000
22222222222222222222220222220000000000000000000000000000000000000000000000000000000000000000002200220000022000000000000020000000000000000000000000000000000000000000000000000000000000000000000000000000
22222222222222222222222222220000000000000000000000000000000000000000000000000000000000000000002200222202220200000000000000000000000000000000000000000000000000000000000000000000000000000000000000000000
22222222222222222222222222220000000000000000000000000000000000000000000000000000000000000000202200022202222200000000000000000000000000000000000000000000000000000000000000000000000000000000000000000000
22222222222222222222222222000000000000000000000000000000000000000000000000000000022000000000222220222202222220200000000022000000000000000000000000000000000000000000000000000000000000000000000000000000
22222222222222222222222222000000000000000000000000000000000000000000000000002000022000000000222220222222222222220000000222200000000000000000000000000000000000000000000000000000000000000000000000000000
22222222222222222222222222220000000000000000000000000000000000000000000000022000022002000000222222222222222222222000002200000000000000000000000000000000000000000000000000000000000000000000000000000000
22222222222222222222222222220000000000000000000000000000000000000000000000022220222002000000222222222222222222222200002200000000000000000000000000000000000000000000000000000000000000000000000000000000
22222222222222222022200222000000000000000000000000000000000000000000000000022222222002220000022222222222222222222222200000002200000000000000000000000000000000000000000000000000000000000000000000000000
22222222222222222022200022000000000000000000000000000000000000000000000000022222222002220000002202222222222222222222200000002200000000000000000000000000000000000000000000000000000000000000000000000000
22222222220000002022220000000000000000000000000000000000000000000000020000222222222222222000002222222222222222222222000000000000000000000000000000000000000000000000000000000000000000000000000000000000
22222222222220000000220000000000000000000000000000000000000000000000200000222222222222222000222222222222222222222020000000000000000000000000000000000000000000000000000000000000000000000000000000000000
22222222222222200222000000000000000000000000000000000000000000000000200002222222222222222022222222222222222222222222222200000000000000000000000000000000000000000000000000000000000000000000000000000000
22222222222222200222000000000000000000000000000000000000000000000000200002222222222222222222222222222222222222222222222000000000000000000000000000000000000000000000000000000000000000000000000000000000
22222222220000000000220000000000000000000000000000000000000022000022220222222222222222222222222222222222222222222022222000000000000000000000000000000000000000000000000000000000000000000000000000000000
22222222222000000000000000000000000000000000000000000000000020000222200222222222222222222222222222222222222222222222222222000000000000000000000000000000000000000000000000000000000000000000000000000000
22222222222000000000000000000000000000000000000000000000000000002022202222222222222222222222222222222222222222222222222022200000000000000000000000000000000000000000000000000000000000000000000000000000
22222222222002200220000000000000000000000000000000000000000000222222222222222222222222222222222222222222222222222222222002000000000000000000000000000000000000000000000000000000000000000000000000000000
22222222222002220220000000000000000000000000000000000000000000222222222222222222222222222222222222222222222222222220022000000000000000000000000000000000000000000000000000000000000000000000000000000000
22222222220000022220000000000000000000000000000000000000000002222222222222222222222222222222222222222222222222222222222200000000000000000000000000000000000000000000000000000000000000000000000000000000
22222222200000022220000000000000000000000000000000000000000000222222222222222222222222222222222222222222222222222222222200000000000000000000000000000000000000000000000000000000000000000000000000000000
02222202200020000000000000000000000000000000000000000000000002222222222222222222222222222222222222222222222222222000000200002200000000000000000000000000000000000000000000000000000000000000000000000000
22222002200000000000000000000000000000000000000000000000000002222222222222222222222222222222222222222222222222222000000000002200000000000000000000000000000000000000000000000000000000000000000000000000
22220000022000000000000000000000000000000000000000000000000022222222222222222222222222222222222222222222222222222200000000000000000000000000000000000000000000000000000000000000000000000000000000000000
00220000022000000000000000000022222022020000000000000000000022222222222222222222222222222222222222222222222222222000000000000000000000000000000000000000000000000000000000000000000000000000000000000000
00220000000000000000000000002000220022222220000000000000000002222222222222222222222222222222222222222222222222222000000000000000000000000000000000000000000000000000000000000000000000000000000000000000
00220000000000000000000000000022220022222222000000000000000000222222222222222222222222222222222222222222222222222000000000000000000000000000000000000000000000000000000000000000000000000000000000000000
00000000000000000000000000000222220222020222200000000000000000222222222222222222222222222222222222022222222222220000000000000000000000000000000000000000000000000000000000000000000000000000000000000000
00200000000000000000000000000022220222222222200000000000000000022222222222222222222222222222222222022222222222220000000000000000000000000000000000000000000000000000000000000000000000000000000000000000
00000000000000022000000000000002222222222220000000000000000000002222222222222222222222222222222222202222022222222000000000000000000000000000000000000000000000000000000000000000000000000000000000000000
00000000000000022000000000220002222222222222200000000000000000002222222222222222222222222222222222000000022222222222222200000000000000000000000000000000000000000000000000000000000000000000000000000000
00000000000000022000000000220002220222222222220000000000000000000222222222222222220222222222222222000000002222222222222220000000000000000000000000000000000000000000000000000000000000000000000000000000
00000020000000000000000000022202220222222222222000000000000000000022222222222222220222222222222000000000000222222222222220000000000000000000000000000000000000000000000000000000000000000000000000000000
00000000000000000022000000002222220222222222222000000000000000000022222222222222202222222222220000000000000222222222222220000000000000000000000000000000000000000000000000000000000000000000000000000000
00000000000000000222222200002222222222222220000220000000000000000002222222222222222222222200000000000000000222222222222200000000000000000000000000000000000000000000000000000000000000000000000000000000
00000000000000000220222200002222222222222222202220000000000000000000222222222222222222222200000000000000000222222222222000000000000000000000000000000000000000000000000000000000000000000000000000000000
00000000000002200220222222222222222222222222222220000000000000000000022222222222202022222220000000000000022222222222200000000000000000000000000000000000000000000000000000000000000000000000000000000000
00000000000002200220222222222222222222222222222220000000000000000000002222222222200002222220000000000000022200222222200000000000000000000000000000000000000000000000000000000000000000000000000000000000
00220000022022222222222222222222222222222222222020000000000000000000000222222000022002222220220000000000022000022220000000000000000000000000000000000000000000000000000000000000000000000000000000000000
02220200222222222222222222222222222222222222220002000000000000000000000222222200022202222200220000000000022000022220000000000000000000000000000000000000000000000000000000000000000000000000000000000220
22220222222222200022222222222222222222222222222002200000000000000000000000022000000022222000000000000000000000000000000000000000000000000000000000000000000000000000000000000000000000000000000000002200
22222222222222220022222222222222222222222222222002200000000000000000000000022200000222222000000000000000000000000000000000000000000000000000000000000000000000000000000000000000000000000000000000022200
22222000000002222222222222222222222222222222222222222000000000000000000000000002200222200000000000000000000220000000000000000000000000000000000000000000000000000000000000000000000000000000000000000000
22222000000022222222222222222222222222222222222222222000000000000000000000000002200222220000000000000000000220000000000000000000000000000000000000000000000000000000000000000000000000000000000000000000
00000000022222222222222222222222222222222222222222222200000000000000000000000000000002220000000000000000000000000000020000000000000000000000000000000000000000000000000000000000000000000000000000000000
00000000222222222222222222222222222222222222222222222220000000000000000000000000000000220000000000000000000000000000020000000000000000000000000000000000000000000000000000000000000000000000000000000000
20220222222222222222222222222222222222222222222222222220000000000000000000000000000000000000000000000000000000000000000022000000000000000000000000000000000000000000000000000000000000000000000000000000
00000222200222222222222222222222222222222222222222222200000000000000000000000000000000000000000000000000000000000000002200000000000000000000000000000000000000000000000000000000000000000000000000000000
20002222222222222222222222222222222222222222222222222000220000000000000000000000000000000000000000000000000000000000002200000000000000000000000000000000000000000000000000000000000000000000000000000000
20222222222222222222222222222222222222222222222222222022222222000000000000000000000000000000000000000000000000000000000000000000000000000000000000000000000000000000000000000000000000000000000000000000
02222200022222222222222222222222222222222222222222222222222222000000000000000000000000000000000000000000000000000000000000000000000000000000000000000000000000000000000000000000000000000000000000000000
02222222222222222222222222222222222222222222222222222222222222000000000000000000000000000000000000000000000000000002200022000000000000000220000000000000000000000000000000000000000000000000000000000000
22222222222222222222222222222222222222222222222222222222222222000000000000000000000000000000000000000000000000000002200022000000000000000220000000000000000000000000000000000000000000000000000000000000
22222222222222222222222222222222222222222222222222222222222220220000000000000000000000000000000000000000000000000002002200002220220000000000022000000000000000000000000000000000000000000022000000000000
22222222222222222222222222222222222222222222222222222222222200220000000000000000000000000000000000000000000000000002002200202200220000000000222000000000000000000000000000000000000000000022000000000000
22222222222222222222222222222222222222222222222222222220222222200000000000000000000000000000000000000000000000022002000002200000000022000000200000000000000000000000000000000000000000000000000000000220
22222222222222222222222222222222222222222222222222222222222222200000000000000000000000000000000000000000000000022220000220000000000022000000000000000000000000000000000000000000000000000000000000000000
22222222222222222222222222222222222222222222222222222222222000220000000000000000000000000000000000000000000222000002222200222200000022022200022002200000000000000000000000000000000000000000220000000022
22222222222222222222222222222222222222222222222222222222220000220000000000000000000000000000000000000020000222000022222200222200000222222000222002200000000000000000000000000000000000000000233000000022
22222222022022222222222222222222222222220002222220000022222200000000000000000000000000000000000000002200000002222222222220222222222222220000000000000000000000000000000000000000000000000000033300000003
22222220022002000222222222222222222222200002222220000022222220000000000000000000000000000000000000002200222222222222222202222222222222220000002200000000000000000000000000000000000000000000000300000033
22220000000220002222222222222222222222000000002200000000000000002200000000000002200000000000000000000002222222222222222222222222222222220000000220000000000000000000000000000000000000000000002332000033
22222000000220022220222222222222222222220000000000000000000000002200000000000002200000000000000000220022222222222222222222222222222222200000002220000000000000000000000000000000000000000000002222000033
22200000000002200002222222222222222222020002200000000000000000000000000000000000000000000000000022222222022222222222222222222222222222000000000220000000000000000000000000000000000000000000000022000032
22220000000000000000222200022222000220020000000000000000000022000022000000000200022000000000222222222220020222222222222222222222222222002000022000000000000000000000000000000000000000000000332200220002
22220000000000000000220000000022002200000020000000000000000022020022000000000000022000000000222222220220002222222222222222222222222222022220022000000000000000000000000000000000000000000000233200220002
22220000000000000220000022000000002200022220000000000000000000000022002222200002222000000022222222200220002222222222222222222222222222222220000000000000222200000000000000000000000000000000033322223000
22220000000000000220000022000000022220022220000000000000000000200222222222200002222200000022222222200222202222222222222222222222222222222220000000000000222200000000000000000000000000000000003322222000
22200000000002200000220002220000000000022000000000000000000000222222222222222200022220000002222222220022222222222222222222222222222222222222000002200000220000000000000000000000000000000000003322022223
22200000000002200000220000220000000000022000000000000000000002222222222222222222222220000000222222220022222222222222222222222222222222222222000002200000222000000000000000000000000000000000333322222323
22000002200000000000000000000000000000000000000000000000000022222222222222222222222222000022222222220022222222222222222222222222222222222220000220000000222200222000000000000000000002220003332233223334
22220002200000000000000000000000000000000000000000000000000022222222222222222222222222000022222222220222220222222222222222222222222222222222002222000000222200222200200000000000000033333323322333333334
22222000000000000000000000000000000000000000000000000000000022222222222222222222222222220022222222222222222222222222222222222222222222222222222222200000000002222202000000000000032033033322332333333344
22222200000000000000000000000000000000000000000000000000000022222222222222222222222222220022222222222222222222222222222222222222222222222222222222200000022002222200000000000000032334333333332333334444
00222200000000000000000000000000000000000000000000000000000022222222222222222222222222222002222222222222220222222222222222222222222222222222222222200220022222222200000000000000033334343333333333444444
00222200000000000000000000000000000000000000000000000000000022222222222222222222222222222222222222222222220222222222222222222222222222222222222222200222022222222200000000000000033344434334333334444444
00002000000000000000000000000000000000000000000000000000000222202222222222222222222222222222222222222222222222222222222222222222222222222222222222200000222222222220000000000003333344444344333333444044
00002000020000000000000000000000000000000000000000000000000022222222222222222222222222222222222222222222222222222222222222222222222222222222222222200000222222222220000000000003334444444444333333222022
00000000022000000000000000000000000000000000000000000000000222222222222222222222222222222222222222222222202222222222222222222222222222222222222222222000022222222222000000000003444444444443333322222222
00000000000000000000000000000000000000000000000000000000002222222222222222222222222222222222222222222222222222222222222222222222222222222222222222222220022222222220000000000234444444444433332222332223
00000000000000000000000000000000000000000000000000000000002222222222222222222222222222222220002222222222222222222222222222222222222222222222222222202220002222222200000000000334444444444430222203333333
00000000000000000000000000000000000000000000000000000000000022222222222222222222222222222200000002222222222222222222222222222222222222222222222222000000222222202000000002223334444444444422322333332323
00000000000000000000000000000000000000000000000000000000000002222222222222222222222222222200000000222222222222202222222222222222222222222222222222000000222222000000000002223334445555444433333333333222
00000000000000000000000000000000220000000000000000000000000022222222222222222222222222220000000000000222222222222222222222222222222222222222222222000220002200000000000222233334445555444433333333220000
00000000000000000000000000000000220000000000000000000000000022222222222222222222222222220000000000000222222222222222222222222222222222222222222220000222022200000000000223333344445554444443330022220000
00000000000000000000000000000000000000000000000000000000000022222222222222222222222222000000000022000220022222222222222222222222222222222222222200022222200000000000000333333444445555544433000000000000
00000000000000000000000000000000000000000000000000000000000022222222222222222222222222000000000022002222022022222222222222222222222222222222222200022222220000000000003333334444555555440000000000000000
00000000000000000000000000000000000000000000000000000000000022220222222222222222200000000000000022000222000000222222222222222222222222222222220000000002200000000000003333334444555544220000000000000000
00000000000000000000000000000000000000000000000000000000000022222222222222220002000000000000200022000022000000022222222222222222222222222222200000000002000000000000033333334444555554320000000000000000
00000000000000000000000000000000000000000000000000000000000002222222222222220000000000000000000000000000000022222222222222222222222222222222200000002222000000000000233333334444555554332200000000000000
00000000000000000000000000000000000000000000000000000000000000222222222222220000000000000000002000000000000002222222222222222222222222222222200000002220000000000000333333344444455544333330000000000000
00000000000000000000000000000000000000000000000000000000000000022222222222220000000000000000222200000002200000222222222222222222222222222202222002200000000000000023033333344444444444333000000000000000
00000000000000000000000000000000000000000000000000000000000000002222222222220000000000000002222222000002220000022222222222222222222222222002222002200000000000000023333333333444444444333330000000000000
00000000000000000000000000000000000000000000000000000000000000002222000202220000000000000022222222000000020000000022222222222222222222222000000000000000000000000023333333333444444444433300002200000000
00000000000000000000000000000000000000000000000000000000000000002222000002222000000000000022222222000000000000000022222222222222022222200000000000000000000000000223333333333344444444433330002200000000
00000000000000000000000000000000000000000000000000000000000000000000022002222000000000000000222222000000000000000220002222222222222202000000000000000000000000222203333303333344444444433330000000000000
00000000000000000000000000000000000000000000000000000000000000000000000000000000000000000000000000000020000000000220022222222222222000000000000000000000000000000222333333333344444444443332000000000000
00000000000000000000000000000000000000000000000000000000000000000000000000000000000000000000000000000222000000000222222220222222220000000000000000000000000000000223333333323334444444434433000000000000
00000000000000000000000000000000000000000000000000000000000000000000000000000000000000000022000000000022000000000222222222022222220000000000000000000000000000000023333333333334444444444333232000000000
00000000000000000000000000000000000000000000000000000000000000000000000000000000000000002222220000000000000000000222222222002222220000000000000000000000000000200023330000333334444444444433330000000000
00000000000000000000000000000000000000000000000000000000000000000000000000000000000222002222222200222200022000000002202222202200000000000000000000000000222200222233000000033334444444444333222222000000
00000000000000000000000000000000000000000000000000000000000000000000000000000000000222202222022202002200022000000000002222222200000000000000000000000000222220222332000033033333444455554443322222000000
00000000000000000000000000000000000000000000000000000000000000000000000000022000000200002222222022002200000000000222202222000002200000000000000000000000222222223322220033033333344555554433320222220000
00000000000000000000000000000000000000000000000000000000000000000000000000022000000000002222220022002200000000000222202200000000000000000000000000000002222222233222220000033333444455554433200022220000
00000000000000000000000000000000000000000000000000000000000000000000000000000002200022222222020000000000000000022220222200000000000000000000000000022222222222332222000000003333344455554333220000000000
00000000000000000000000000000000000000000000000000000000000000000000000000000002222222222222000000000000000000022222222200000000000000000000000000022222222222222222000000000333334445554433222200000000
00000000000000000000000000000000000000000000000000000000000000000000000002200000222222222222220000000000000000000200200000000000000000000000000000000022222222222222000000022033334455555443322222220000
00000000000000000000000000000000000000000000000000000000000000000000000002200222222222222222222220000000002200000200000000000000000000000000000000000022222232222222000000022002334455555443330222220000
00000000000000000000000000000000000000000000000000000000000000000000022002202022222222222222222220000000022220000000000000000000000000000000000000000222222232222000000000022002344445555444322222000000
00000000000000000000000000000000000000000000000000000000000000000000022000002222222222222222222222000000000220000000000000000000000000000000000000000222222222222000000000022003344444444444322222220220
00000000000000000000000000000000000000000000000000000000000000000000000002222222222222222222222222000000000000000000000000000000000000000000000000000000222222222200000000000333344444444443330002222222
00000000000000000000000000000000000000000000000000000000000000000000200000002222222222222222222222220000000002222000000000000000000000000000000000000000002200000000002022222333344444444333300022000002
00000000000000000000000000000000000000000000000000000000000000000000200000000022222222222222222222220000000002222000000000000000000000000000000000000000002200000000002222333333334444444333300022200000
00000000000000000000000000000000000000000000000000000000000000000000200000000222222222222222222222222200000222000000000000000000000000000000000000000000000000000000000222333333344444443333332222220000
00000000000000000000000000000000000000000000000000000000000000000000200000000222222222222222222222222200000000000000000000000000000000000000000000000000000000000000000222233333444444433333332222220000
00000000000000000000000000000000000000000000000000000000000000000000000002222222222222222222222222222200000000000000000000000000000000000000000000000000000000000000000000003333444444444333322222200000
00000000000000000000000000000000000000000000000000000000000000000000000000222222222222222222222222222200000000000000000000000000000000000000000000000000000000000000000000000334444444444333322222000000
00000000000000000000000000000000000000000000000000000000000000000000000000222222222222222222222222222222200002200000000000000000000000000000000000000000000000000000000000000344444444444433333222000000
00000000000000000000000000000000000000000000000000000000000000000000000000002222222222222222222222222222200002200000000000000000000000000000000000000000000000000000000000000334444444444433333220000000
00000000000000000000000000000000000000000000000000000000000000000000022000000222222222222222220022222200000000000002200000000000000000000000000000000000000000000000000000000234444444444433332200000000
00000000000000000000000000000000000000000000000000000000000000000000022000022222222222222222220000222200000000000002200000000000000000000000000000000000000000000000000000000224444554444433332220000000
00000000000000000000000000000000000000000000000000000000000000000000000220022222222222222222220000000222200000000000000000000000000000000000000000000000000000000000000000000224445555444433332200000000
00000000000000000000000000000000000000000000000000000000000000000000000220022222222222222222220000000022220000000000000000000000000000000000000000000000000000000000000000000224455555544333330000000000
00000000000000000000000000000000000000000000000000000000000000000000000000000222222222022222222200000000022000000000000000000000000000000000000000000000000000000022000222022334455555544333322000000000
00000000000000000000000000000000000000000000000000000000000000000000000000000220002220002222222200000000022000000000000000000000000000000000000000000000000000000222000222222233455555443333220000000000
00000000000000000000000000000000000000000000000000000000000000000000000000000000000000000002222200000000000000000000000000000000000000000000000000000000000000000020000002220344555555443333200000000000
00000000000000000000000000000000000000000000000000000000000000000000000000000000000000000000222200000000000000000000000000000000000000000000000000000000000000000000000002200244455555544433330000000000
00000000000000000000000000000000000000000000000000000000000000000000000000000000000000000000220000000000000000000000000000000000000000000000000000000000000000000000000000000004455555544433330000000020
00000000000000000000000000000000000000000000000000000000000000000000000000000000000000000022000000000000000000000000000000000000000000000000000000000000000000000000000000000002245555544443333222000000
00000000000000000000000000000000000000000000000000000000000000000000000000000000000000000022000000000000000000000000000000000000000000000000000000000000000000000000000000000002444555444443333222000000
00000000000000000000000000000000000000000000000000000000000000000000000000000000000000000000000022000000000000000000000000000000000000000000000000000000000000000000000000000224444444444443333200000000
00000000000000000000000000000000000000000000000000000000000000000000000000000000000000000000000022000000000000000000000000000000000000000000000000000000000000000000000000000234444444444443333330000000
00000000000000000000000000000000000000000000000000000000000000000000000000000000000000000000000000000000000000000000000000000000000000000000000000000000000000000000000000022334444444444443333333000000
00000000000000000000000000000000000000000000000000000000000000000000000000000000000000000000000000000000000000000000000000000000000000000000000000000000000000000000000000023334444444444444333333000000
00000000000000000000000000000000000000000000000000000000000000000000000000000000000000000000000000000000000000000000000000000000000000000000000000000000000000002200000002233333444444444443333333300000
00000000000000000000000000000000000000000000000000000000000000000000000000000000000000000000000000000000000000000000000000000000000000000000000000000000000000002220000002333333444444444433333333300000
00000000000000000000000000000000000000000000000000000000000000000000000000000000000000000000000000000000000000000000000000000000000000000000000000000000000000002222202223333333344444444433333333300000
00000000000000000000000000000000000000000000000000000000000000000000000000000000000000000000000000000000000000000000000000000000000000000000000000000000000002002222222233333333333344443333333333300000
00000000000000000000000000000000000000000000000000000000000000000000000000000000000000000000000000000000000000000000000000000000000000000000000000000000002222222222222233333333333333333333333333002200
00000000000000000000000000000000000000000000000000000000000000000000000000000000000000000000000000000000000000000000000000000000000000000000000000000000222222222222222333333333333333333333333333302200
00000000000000000000000000000000000000000000000000000000000000000000000000000000000000000000000000000000000000000000000000000000000000000000000000022000222222222222222333333333333333333333333333320000
00000000000000000000000000000000000000000000000000000000000000000000000000000000000000000000000000000000000000000000000000000000000000000000000000022222222222222222222333333333333333333333333333330000
00000000000000000000000000000000000000000000000000000000000000000000000000000000000000000000000000000000000000000000000000000000000000000000000000000222222222222222222333333333333332222333333333330000
00000000000000000000000000000000000000000000000000000000000000000000000000000000000000000000000000000000000000000000000000000000000000000000000000000222222222222222222323333333333322222333333333330000
00000000000000000000000000000000000000000000000000000000000000000000000000000000000000000000000000000000000000000000000000000000000000000000000000000222222222222222222223333333333222222333320333330002
00000000000000000000000000000000000000000000000000000000000000000000000000000000000000000000000000000000000000000000000000000000000000000000000000000222222222222322222233333333222222222222332333330000
00000000000000000000000000000000000000000000000000000000000000000000000000000000000000000000000000000000000000000000000000000000000000000000000000000222222222223332333333233222222222223322323300220000
00000000000000000000000000000000000000000000000000000000000000000000000000000000000000000000000000000000000000000000000000000000000000000000000000000222222222222333333333322222222222223333322220000000
00000000000000000000000000000000000000000000000000000000000000000000000000000000000000000000000000000000000000000000000000000000000000000000000000000222222222222332333333333222222222222233222220000000
00000000000000000000000000000000000000000000000000000000000000000000000000000000000000000000000000000000000000000000000000000000000000000000000000002222222222222233333333323232222222222200202222000000
00000000000000000000000000000000000000000000000000000000000000000000000000000000000000000000000000000000000000000000000000000000000000000000000000002222222222222233333333333333322222222222002222000000
00000000000000000000000000000000000000000000000000000000000000000000000000000000000000000000000000000000000000000000000000000000000000000000000000022222222222222222333333333333333222222222000000000000
00000000000000000000000000000000000000000000000000000000000000000000000000000000000000000000000000000000000000000000000000000000000000000000000000022222222222222332333333333333333222222222000000000000
00000000000000000000000000000000000000000000000000000000000000000000000000000000000000000000000000000000000000000000000000000000000000000000000002222222222222222223233333333333333332222222222000000000
00000000000000000000000000000000000000000000000000000000000000000000000000000000000000000000000000000000000000000000000000000000000000000000000002222222222222222222333333333333333322222333222000000000
00000000000000000000000000000000000000000000000000000000000000000000000000000000000000000000000000000000000000000000000000000000000000000000000000200222222222222222333333333333333332222332222200000000
00000000000000000000000000000000000000000000000000000000000000000000000000000000000000000000000000000000000000000000000000000000000000000000000000202222222222222222223333333333333333333332222200000000
00000000000000000000000000000000000000000000000000000000000000000000000000000000000000000000000000000000000000000000000000000000000000000000000222222022222222222222223333333333333333333332222200002200
00000000000000000000000000000000000000000000000000000000000000000000000000000000000000000000000000000000000000000000000000000000000000000000000220202222222222222222222333333333333333333332222200002200
00000000000000000000000000000000000000000000000000000000000000000000000000000000000000000000000000000000000000000000000000000000000000000000000022222222222222222222222233333333333333333333233300000000
00000000000000000000000000000000000000000000000000000000000000000000000000000000000000000000000000000000000000000000000000000000000000000000000222222222222222222222222233333333333333333333233330000000
00000000000000000000000000000000000000000000000000000000000000000000000000000000000000000000000000000000000000000000000000000000000000000000000222222222222222222222222223333333333333333333233330000000
00000000000000000000000000000000000000000000000000000000000000000000000000000000000000000000000000000000000000000000000000000000000000000000000222222222222222222222222223333333333333333333333332002200
00000000000000000000000000000000000000000000000000000000000000000000000000000000000000000000000000000000000000000000000000000000000000000000000022222222222222222222222222333333333333333333333322003200
00000000000000000000000000000000000000000000000000000000000000000000000000000000000000000000000000000000000000000000000000000000000000000000000222222222222222222222222222233333333333333333323002220000
00000000000000000000000000000000000000000000000000000000000000000000000000000000000000000000000000000000000000000000000000000000000000000000000222222222222222222222222222333343333333333333330000220000
00000000000000000000000000000000000000000000000000000000000000000000000000000000000000000000000000000000000000000000000000000000000000000000000222222222222222222222220223333333333444443333332223220000
00000000000000000000000000000000000000000000000000000000000000000000000000000000000000000000000000000000000000000000000000000000000000000000000222222222222222222000222233333333344444444333332222320000
00000000000000000000000000000000000000000000000000000000000000000000000000000000000000000000000000000000000000000000000000000000000000000000000022222222222222200000002223333333344444444433330000000000
00000000000000000000000000000000000000000000000000000000000000000000000000000000000000000000000000000000000000000000000000000000000000000000000022222222222222002000022222333333444444444443333000000000
00000000000000000000000000000000000000000000000000000000000000000000000000000000000000000000000000000000000000000000000000000000000000000000000002222222222220002222022222233334444444444443333222000020
00000000000000000000000000000000000000000000000000000000000000000000000000000000000000000000000000000000000000000000000000000000000000000000000002222222222200002222022222233344444444444444333322000020
00000000000000000000000000000000000000000000000000000000000000000000000000000000000000000000000000000000000000000000000000000000000000000000000000222222200000000022222222223344444444444444333333000000
00000000000000000000000000000000000000000000000000000000000000000000000000000000000000000000000000000000000000000000000000000000000000000000000000022220000020000022222222222344444444444444333333333000
00000000000000000000000000000000000000000000000000000000000000000000000000000000000000000000000000000000000000000000000000000000000000000000000000222220002200000000002222222244444444444443333333333333
00000000000000000000000000000000000000000000000000000000000000000000000000000000000000000000000000000000000000000000000000000000000000000000000000022222222200000000000022222224445555444443333333333333
00000000000000000000000000000000000000000000000000000000000000000000000000000000000000000000000000000000000000000000000000000000000000000000000000000222222200000000002002333222445555444443333333333333
00000000000000000000000000000000000000000000000000000000000000000000000000000000000000000000000000000000000000000000000000000000000000000000000000000022222200000000222022223332245555544443333333333300
00000000000000000000000000000000000000000000000000000000000000000000000000000000000000000000000000000000000000000000000000000000000000000000000000000222220000000000222000222233225555544444443322222202
00000000000000000000000000000000000000000000000000000000000000000000000000000000000000000000000000000000000000000000000000000000000000000000000000000002200000000000000000202333444555543323222222233333
00000000000000000000000000000000000000000000000000000000000000000000000000000000000000000000000000000000000000000000000000000000000000000000000000000002000000000000000000000333444555434444444433333333
00000000000000000000000000000000000000000000000000000000000000000000000000000000000000000000000000000000000000000000000000000000000000000000000000000000000000000000000000023334455555555444444333333333
00000000000000000000000000000000000000000000000000000000000000000000000000000000000000000000000000000000000000000000000000000000000000000000000000000000000000000000000000023334345555555444444333333333
00000000000000000000000000000000000000000000000000000000000000000000000000000000000000000000000000000000000000000000000000000000000000000000000000000000000000000000000000033333345555554444444433333333
00000000000000000000000000000000000000000000000000000000000000000000000000000000000000000000000000000000000000000000000000000000000000000000000000000000000000000000000000022333345555544444444433333333
00000000000000000000000000000000000000000000000000000000000000000000000000000000000000000000000000000000000000000000000000000000000000000000000000000000000000000000000000000233444555444444444333333333
00000000000000000000000000000000000000000000000000000000000000000000000000000000000000000000000000000000000000000000000000000000000000000000000000000000000000000000000000000234444444444444443333333333
00000000000000000000000000000000000000000000000000000000000000000000000000000000000000000000000000000000000000000000000000000000000000000000000000000000000000000000002000000334444444444444333333333333
00000000000000000000000000000000000000000000000000000000000000000000000000000000000000000000000000000000000000000000000000000000000000000000000000000000000000000000002000000333344444444443333333333333
00000000000000000000000000000000000000000000000000000000000000000000000000000000000000000000000000000000000000000000000000000000000000000000000000000000000000000000000000023303344444444433333333333333
00000000000000000000000000000000000000000000000000000000000000000000000000000000000000000000000000000000000000000000000000000000000000000000000000000000000000000000000222023003324444444333333333333333
00000000000000000000000000000000000000000000000000000000000000000000000000000000000000000000000000000000000000000000000000000000000000000000000000000000000000000000000222030000323443333333333333333333
00000000000000000000000000000000000000000000000000000000000000000000000000000000000000000000000000000000000000000000000000000000000000000000000000000000000000000000000222233030023444433333333333333333
00000000000000000000000000000000000000000000000000000000000000000000000000000000000000000000000000000000000000000000000000000000000000000000000000000000000000000022000000000223223334443333333333333332
00000000000000000000000000000000000000000000000000000000000000000000000000000000000000000000000000000000000000000000000000000000000000000000000000000000000000000000000000000000023333334333333333333222
00000000000000000000000000000000000000000000000000000000000000000000000000000000000000000000000000000000000000000000000000000000000000000000000000000000000000000000000000000000023333333333333333330222
00000000000000000000000000000000000000000000000000000000000000000000000000000000000000000000000000000000000000000000000000000000000000000000000000000000000000000000000000000222223333333333333333333222