22222222222222222222222000000000000000000000000000000000000000000000000000000000000000000000000000000000000000000000000000222222222222222200000000000000000000000000000000000000022000000002000000222222
22222222222222222222222220000000000000000000000000000000000000000000000000000000000000000000000000000000000000000000000000222222222222222200000000000000000000000000000000000000000000000000002222222222
22222222222222202222222222000002000000000000000000000000000000000000000000000000000000000000000000000000000000000000000000002222222222222200000000000000000000000000000000000000000000000000002222222222
22222222222222200222222222220000000000000000000000000000000000000000000000000002000000000000000000000000000000000000000000002222222222222200000000000000000000000000000000000000000000000000002222222222
22222222222222220222222222220000000000000000000000000000000000000000000000000000000000000000000000000000000000000000002000002222222222222200000000000000000000000000000000000000000000000000002222222222
22222222222222222222222222220000000000000000000000000000000000000000000000000000000000000000000000000000000000000000222220000022222222222200000000000000000000000000000000000000000000000000002222222222
22222222222222222222222222222000000000000000000000000000000000000000000000000000002200000000000000000000000000000002222220000022222222222220000000000000000000000000000000000000000000000000002222222222
22222222222222222222202222222000000000000000000000000000000000000000002222222022222222222200000000000000000000000002222222222022222222222222220000000000000000000000000000000000000000000000002222222222
22222222222222222220002222220000000000000000000000000000000000000000222222022022222222222200000000000000000000000022222222222222222222222222200000000000000000000000000000000000000000000000002222222222
22222222222222222222000222000000000000000000000000000000000000000022220002220222222222222222200000000000000000000222222222222222222222222222200000000000000000000000000022000000000000000000002222222222
22222222222222222222222200000000000000000000000000000000000000000222020222220222222222222200000000000000000000000222222222222222222222222222220000000000000000000000000022200000000000000000002222222222
22222222222222022222222000000000000000000000000000000000000022220022002222222222222222222002002222000000000000022222222222222222222222222222200000000000000000000000000022000000000000000002002222222222
22222222222222222222222000000000000000000000000000000000000022220022222222222222222222222222222222200000000000022222222222222222222222222222200000000000000000000000000022000000000000000002002222222222
22222222222222222222200000000000220000000000000000000000000000222222222222222222222022222222222200220000000000022222222222222222222222222222200000000000000000000000000022220000000000000002202222222222
22222222222222222222000000000000220000000000000000000000000000222222222222222222222222222222222200220000000000222222222222222222222222222222200000000000000000000000000022220000000220000002202222222222
22222222222222222222000000000000000000000000000000000002200000002222222222222222222222222222222200022000000002222222222222222222222222222222222000000000000000000000000000000000000222200002002222222222
22222222222222222222200000000000000000000000000000000002200002222222222222222222222222222222222000002000000002222222222222222222222222222222222000000000000000000000000000000000000222200022222222222222
22222222222222222222200000000022000000000000000000000000000022222222222222222222222222222222222000002200000002222222222222222222222222222222222000000000000000000000000000000000000022220222222222222222
22222222222222222222222220000000000000000000000000000002200022222222222222222222222222222222220000000000000002222222222222222222222222222222222220000220000000000000000000000000000222222222222222222222
22222222222222222222222220000000000000000000000000000002200022222222222222222222222222222222220000000000000002222222222222222222222222222222222222000220000000000000000000000000000222222002222222222222
22222222222222222222222022000000000022000000000000000000000022222222222222222222222222222222200000000000000002222222222222222222222222222222222222200000000000000000000000000000000002000002222222222222
22222222222222222222222022000000000022000000000000000000000222222222222222222222222222222222200000000000000002222222222222222222222222222222222222220000000000000000000000000000000000000002222220002222
22222222222222222222222222002200000000002220000000000000000022222222222222222222222222222222002200000000000000000222222222222222222222222222222222220002200000000000000000000000000000022000022222002222
22222222222222222222222222002200000200002220000000000000002022222222222222222222222222222220002200000000000000000222222222222222222222222222222222222002200000000000000000000000000000022000002222202222
22222222222222222222222222222222002220002220022002200000002222222222222222222222222222222220000000000000000000000022222222222222222222222222222222222222200000000000000000000000000000002000000002220000
22222222222222222222222222222222222220002220022002200000002222222222222222222222222222222220000000000000000000000022222222222222222222222222222222222222200000000000000000000000000000000000000000220000
22222222222222222222222222222222222222022220000000000000022222222222222222222222222222222200000000000000000000000022222222222222222222222222222222222222200200000000000000000000000000000000000000000000
22222222222222222222222222222202222222222200200000000000222222222222222222222222222222222200000000000000000000000022222222222222222222222222222222222222202200000000000000000000000000000000000000000000
22222222222222222222222222222222222222222222220002222222222222222222222222222222222222222200000000000000000000022222222222222222222222222222222222222222202200000000000000000000000000000000000000000000
22222222222222222222222222222222222222222222200222222222222222222222222222222222222222222200000000000000000000022222222222222222222222222222222222222222200200000000000000000000000000000000000000000000
22222222222222222222222222222222222222222222222222222222222222222222222222222222222222222220000000000000000000000000222222222222222222222222222222222222222000000000000000000000000000000000000000000000
22222222222222222222222222222222222222222222222222222222222222222222222222222222222222222202200000000000000000000000022222222222222222222222222222222222022000000000000000000000000000000000000000000000
22222222222222222222222222222222222222222222222222222222222222222222222222222222222222222222222200000000000000000000022222220222222222222222222222222222200000000000000000000000000000020000000000000000
22222222222222222222022222222222222222222222222222222222222222222222222222222222222222222222222222000000000000000000000000000022222222222222222222222222200000000022000022000000022000000222220000000000
22222222222222222222200222222222222222222222222222222222222222222222222222222222222222222222222222000000000000000000000000000022222222222222222222222222200000000022000022000002222000000022220020000000
22222222222222222222220022222222222222222222222222222222222222222222222222222222222222222222222220000000000000000002200000000022222222222222222222222220000000000000220022022222222222002002222222220000
22222222222222222222202022222222222222222222222222222222222222222222222222222222222222222222222220000000000000000002200000000022222222222222222220000220000000000000222222222202222220002222202222220000
22222222222200222000222002222222222222222222222222222222222222222222222222222222222222222222222222220000000002200002222000002222222222222222222220000222200000002200222222222222222222222222222222220000
22222222222200022000022002222222222222222222222222222222222222222222222222222222222222222222222222220000000022222022222000002222222222222222222220000022220000002200222222222222222222222222222222220020
22222222222222222000002222222222222222222222222222222222222222222222222222222222222222222202222222222220002222222022222200000000222222002222222222222000000000000022222222222222222222222222222222000000
22222222222222222000000222222222222222222222222222222222222222222222222222222222222222222220222222222002222222222202222200000002222222002222222222222000000000000022222222222222222222222222222222200000
22222222220022222000000022222222222222222222222222222222222222222222222222222222222222222222222222222222220222222222222222202022222222022222222220222000000000220022222222222222222222222222222222220000
22222222220002222000000200222222222222222222222222222222222222222222222222222222222222222222222222222222222222222222222222200222002222222222222220022000000002220022222222222222222222222222222220220000
22222222222222222000022000222222222222222222222222222222222222222222222222222222222222222222222222222222222222222222222222020022200222222202222220222000000002220002222222222222222222222222222222220000
22222222222222222200022000222222222222222222222222222222222222222222222222222222222222222222222222222222222222222222222222222222202222222222222220222000000002222002222222222222222222222222222222220000
22222000202220000220000000000222222222222222222222222222222222222222222222222222222222222200022222222222222222222222222222222222222222222222222002200220000000222222222222222222222222222222222222022202
22222200222220000220000000000222222222222222222222222222222222222222222222222222222222222200222222222222222222222222222222222222222222222222022002200220222222222222222222222222222222222222222222022202
22222222200220000000000220002222222222222222222222222222222222222222222222222222222222222222222202222222222222222222222222222222222222222222000000000002222222222222222222222222222222222222222222220002
22222222200220000000000220002222222222222222222222222222222222222222222222222222222222222222222222222222222222222222222222222222222222222222000000000002222222222222222222222222222222222222222022220000
22222222000000000000000000000000000000022222222222222222222222222222222222220222222000222222222222222222222222222222222222222222222222222222200222000222222222222222222222222222222222222222220022222000
22222222000000000000000000000000000000022222222222222222222222222222222222022222200000222222222222222222222222222222222222222222222222222222222222222222222222222222222222222222222222222222222222222222
22222222200000000000000000000000000000022222222222222222220222222222222222222222200000222222202222222222222222222222222222222222222222222222220222222222222222222222222222222222222222222222222222222222
22222000000000000000000000000000000000002222222222222220022200222222222222222222220000022222222222222222222222222222222222222222222222222222222222222222222222222222222222222222222222222222222222222222
22220000000000000000000000000000000000022222222222222222222222222200222222222222220000022222222222222222222222222222222222222222222222222222222220022222222222222222222222222222222222222222222222222222
22200000000000000000000000000000000000002222222222222222222222222202222222222222222002222222222222222222222222222222222222222222222222222222222222222222222222222222222222222222222222222222222222222222
22000000000000000000000000000000000000000222222222222222222222222200222222220222222202222222222222222222222222222222222222222222222222222222220222222222222222222222222222222222222222222222222222222222
00000000000002200000000000000000000000000222222222222222222222220000020002220000022200200022222222222222222222222222222222222222222222222200000000022222222222222222222222222222222222222222222022222222
00000000000002200000000000000000000000000222222222222222222222000000020022220020022222200022222222222222222222222222222222222222222222222200000000022222222222222222222222222222222222222222222022222222
00000000000000000000000000000000000000000022222222222222222222220000022222220220022022222022222222222222222222222222222222222222222222222222022000022222222222222222222222222222222222222222222222222222
00000000000000000000000000000000000000000000222222222222222222222200002222220220222222222022222222222222222222222222222222222222222222222222022000222222222222222222222222222222222222222222002222222222
00000000000000000000000000000000000000000000222222222222222222222220220022222222222222220022222222222222222222222222222222222222222222222222000000222222222222222222222222222222222222222222000222222222
00000000000000000000000000000000000000000000002222222220222222222222222022222222222222222222222222222222222222222222222222222222222222222222000000222222222222222222222222222222222222222222000222222222
00000000000000000000000000000000000000000000022222222220002222222222002202222220000002200022222222222222222222222222222222222222222222222222022220222222222222222222222222222222222222222222222222222222
00000000000000000000000000000000000000000000022222222000000022222222202200222220000002200022222222222222222222222222222222222222222222222220022220222222222222222222222222222222222222222222222222222222
00000000000002200000000000000000000000000000000220000220000022022200000000000000000000000000222222222222222222222222222222222222222222222220000020002222222222222222222222222222022222222222222222222222
00000000000002200000000000000000000000000000000220000220000000002200000000000000000000000000222222222222222220222222222222222222222222222220000000000222222222222222222222222222222222222222222222222222
00002200000000000000000000000000000000000000000000000000000000000000002200000000000000000022002222222222220002222222222222222222222222222220020000000022222222222222222222222222222222222222222222222222
00220000022000000000000000000000000000000000000000000000000000000000222200000000000000000022222222222222220000022222222222222222222222222200000000000000022222222222222222222222000222222222222222222222
00220000022000000000000000000000000000000000000000000000000000000000220000000000000000000022222222222222222200022222222222200022222222222220000000000000002222222222222222222220000222222222222222222222
22200000002000000000000000000000000000000000000000000000000000000000000000000000000000000000222222222222222202222222222222002222222220000000000220000000000222222222222222222220000002222222222222222222
22222200022000000000000000000000000000000000000000000000000000000000000000000000000000000000222222222222222002222200222220002222002200000000000220000000002222222222222222222220000002222222222222220222
22222202200000000000000000000000000000000000000000000000000000000000000000000000000000000000002222222222222202220000022200020000000000000020000000000000022222222222222222222220022222222222222222222222
00222222200000220220000000000000000000000000000000000000000000000000000000000000000000000000000022222222222222200000222000020000000000000020000000000000222222222222222222222220022222222222222222222222
00222222200222222222222000000000000000000000000000000000000000000000000000000000000000000000000022222222222220000000000000000000000000000000000000000002222222220222222222222222200220022222222222022222
22222222222222222222222000000000000000000000000000000000000000000000000000000000000000000000000022222222222222000000000000000000000000000000000000000002222222222222222222222222200220022222222222002222
22222222222222222202222220000000000000000000000000000000000000000000000000000000000000000000000000222222222220000002200000000000000000000000000000000000020022222222000222222002200220022222222022000022
22222222222222202222222220000000000000000000000000000000000000000000000000000000000000000000000000222222222220200002200000000000000000000000000000000000000022222200000222220000000222022002222002200000
22222222222222222222222222002200000000000000000000000000000000000000000000000000000000000000000000000000222222222220000000000000000000000000000000000000000222222220002222220000022000000000220000000000
22222222222222222222222222002200000000000000000000000000000000000000000000000000000000000000000000000000222222222220000000000000000000000000000000000000000222222222002222220000022002000022220000000000
22222222222222222222222220000000000000000000000000000000000000000000000000000000000000000000000000000000000000000000000000000000000000000000000000000000000222222222202200020000000022200000222200000000
22222222222222222222222220000000000000000000000000000000000000000000000000000000000000000000000000000000000000000000000000000000000000000000000000000000000222222222002200000000000022200000022200000000
22222222222222222222222220000000000000000000000000000000000000000000000000000000000000000000000000000000000000000000000000000000000000000000000000000002200022222222000200000000020222022000000000000000
22222222222222222222222222000000000000000000000000000000000000000000000000000000000000000000000000000000000000000000000000000000000000000000000000000000000000022222000000000000000000000000000000000000
22222222222222222222200222000000000000000000000000000000000000000000000000000000000000000000000000000000000000000000000000000000000000000000000000000000000000002222000000000220000000000000000000000000
22222222222222222222222000000000000000000000000000000000000000000000000000000000000000000000000000000000000000000000000000000000000000000000000000000000000000222222220000000000000000000000000000000000
22222222222222222222222000000000000000000000000000000000000000000000000000000000000000000000000000000000000000000000000000000000000000000000000000000000000000002200222000000000000000000000000000000000
22222222222222222222200000000000000000000000000000000000000000000000000000000000000000000000000000000000000000000000000000000000000000000000000000000000000000000000222200000000000000000000000000000000
22222222222222222222200000000000000000000000000000000000000000000000000000000000000000000000000000000000000000000000000000000000000000000000000000000000000000000000222200000000000000000000000000000000
22222222222222222200222000000000000000000000000000000000000000000000000000000000000000000000000000000000000000000000000000000000000000000000000000000000000000000000002200000000000000000000000000000000
22222222222222222200222000000000000000000000000000000000000000000000000000000000000000000000000000000000000000000000000000000000000000000000000000000000000000000000002200000000000000000000000000000000
02222222222222222000022000000000000000000000000000000000000000000000000000000000000000000000000000000000000000000000000000000000000000000000000000000000000000000000000000000000000000000000000000000000
02222222222222222000222000000000000000000000000000000000000000000000000000000000000000000000000000000000000000000000000000000000000000000000000000000000000000000000000000000000000000000000000000000000
00222222222222200000222222000000000000000000000000000000000000000000000000000000000000000000000000000000000000000000000000000000000000000000000000000000000000000000000000000000000000000000000000000000
00222222222222202000222222000000000000000000000000000000000000000000000000000000000000000000000000000000000000000000000000000000000000000000000000000000000000000000000000000000000000000000000000000000
00000022222222222000022222000000000000000000000000000000000000000000000000000000000000000000000000000000000000000000000000000000000000000000000000000000000000000000000000000000000000000000000000000000
00000022222222222000022220000000000000000000000000000000000000000000000000000000000000000000000000000000000000000000000000000000000000000000000000000000000000000000000000000000000000000000000000000000
00000000222002202220000020000000000000000000000000000000000000000000000000000000000000000000000000000000000000000000000000000000000000000000000000000000000000000000000000000000000000000000000000000000
00000000222002200220000000000000000000000000000000000000000000000000000000000000000000000000000000000000000000000000000000000000000000000000000000000000000000000000000000000000000000000000000000000000
00000000000002220000000000000000000000000000000000000000000000000000000000000000000000000000000000000000000000000000000000000000000000000000000000000000000000000000000000000000000000000000000000000000
00000000000002222220000002220000000000000000000000000000000000000000000000000000000000000000000000000000000000000000000000000000000000000000000000000000000000000000000000000000000000000000000000000000
00000000000002222220000000220000000000000000000000000000000000000000000000000000000000000000000000000000000000000000000000000000000000000000000000000000000000000000000000000000000000000000000000000000
00000000000000000000000000000000000000000000000000000000000000000000000000000000000000000000000000000000000000000000000000000000000000000000000000000000000000000000000000000000000000000000000000000000
00000000000000000000000000000000000000000000000000000000000000000000000000000000000000000000000000000000000000000000000000000000000000000000000000000000000000000000000000000000000000000000000000000000
00000000000000000000000000000000000000000000000000000000000000000000000000000000000000000000000000000000000000000000000000000000000000000000000000000000000000000000000000000000000000000000000000000000
00000000000000000000000000000000000000000000000000000000000000000000000000000000000000000000000000000000000000000000000000000000000000000000000000000000000000000000000000000000000000000000000000000000
00000000000000000000000000000000000000000000000000000000000000000000000000000000000000000000000000000000000000000000000000000000000000000000000000000000000000000000000000000000000000000000000000000000
00000000000000000000000000000000000000000000000000000000000000000000000000000000000000000000000000000000000000000000000000000000000000000000000000000000000000000000000000000000000000000000000000000000
00000000000000000000000000000000000000000000000000000000000000000000000000000000000000000000000000000000000000000000000000000000000000000000000000000000000000000000000000000000000000000000000000000000
00000000000000000000000000000000000000000000000000000000000000000000000000000000000000000000000000000000000000000000000000000000000000000000000000000000000000000000000000000000000000000000000000000000
00000000000000000000000000000000000000000000000000000000000000000000000000000000000000000000000000000000000000000000000000000000000000000000000000000000000000000000000000000000000000000000000000000000
00000000000000000000000000000000000000000000000000000000000000000000000000000000000000000000000000000000000000000000000000000000000000000000000000000000000000000000000000000000000000000000000000000000
00000000000000000000000000000000000000000000000000000000000000000000000000000000000000000000000000000000000000000000000000000000000000000000000000000000000000000000000000000000000000000000000000000000
00000000000000000000000000000000000000000000000000000000000000000000000000000000000000000000000000000000000000000000000000000000000000000000000000000000000000000000000000000000000000000000000000000000
00000000000000000000000000000000000000000000000000000000000000000000000000000000000000000000000000000000000000000000000000000000000000000000000000000000000000000000000000000000000000000000000000000000
00000000000000000000000000000000000000000000000000000000000000000000000000000000000000000000000000000000000000000000000000000000000000000000000000000000000000000000000000000000000000000000000000000000
00000000000000000000000000000000000000000000000000000000000000000000000000000000000000000000000000000000000000000000000000000000000000000000000000000000000000000000000000000000000000000000000000000000
00000000000000000000000000000000000000000000000000000000000000000000000000000000000000000000000000000000000000000000000000000000000000000000000000000000000000000000000000000000000000000000000000000000
00000000000000000000000000000000000000000000000000000000000000000000000000000000000000000000000000000000000000000000000000000000000000000000000000000000000000000000000000000000000000000000000000000000
00000000000000000000000000000000000000002000000000000000000000000000000000000000000000000000000000000000000000000000000000000000000000000000000000000000000000000000000000000000000000000000000000000000
00000000000000000000000000000000000000002000000000000000000000000000000000000000000000000000000000000000000000000000000000000000000000000000000000000000000000000000000000000000000000000000000000000000
00000000000000000000000000000000000000000000000000000000000000000000000000000000000000000000000000000000000000000000000000000000000000000000000000000000000000000000000000000000000000000000000000000000
00000000000000000000000000000000000002200000000000000000000000000000000000000000000000000000000000000000000000000000000000000000000000000000000000000000000000000000000000000000000000000000000000000000
00000000000000000000000000000000222222220000000000000000000000000000000000000000000000000000000000000000000000000000000000000000000000000000000000000000000000000000000000000000000000000000000000000000
00000000000000000000000000000000222022220000000000000000000000000000000000000000000000000000000000000000000000000000000000000000000000000000000000000000000000000000000000000000000000000000000000000000
00000000000000000000000000000000220000000000000000000000000000000000000000000000000000000000000000000000000000000000000000000000000000000000000000000000000000000000000000000000000000000000000000000000
00000000000000000000000000000000220000000000000000000000000000000000000000000000000000000000000000000000000000000000000000000000000000000000000000000000000000000000000000000000000000000000000000000000
00000000000000000000000000000000220000000000000000000000000000000000000000000000000000000000000000000000000000000000000000000000000000000000000000000000000000000000000000000000000000000000000000000000
00000000000000000000000000000000220000000000000000000000000000000000000000000000000000000000000000000000000000000000000000000000000000000000000000000000000000000000000000000000000000000000000000000000
00000000000000000000000000000000002202000000000000000000000000000000000000000000000000000000000000000000000000000000000000000000000000000000000000000000000000000000000000000000000000000000000000000000
00000000000000000000000000000000002220020000000000000000000000000000000000000000000000000000000000000000000000000000000000000000000000000000000000000000000000000000000000000000000000000000000000000000
00000000000000000000000000000000002222022000000000000000000000000000000000000000000000000000000000000000000000000000000000000000000000000000000000000000000000000000000000000000000000000000000000000000
00000000000000000000000000000000002222000000000000000000000000000000000000000000000000000000000000000000000000000000000000000000000000000000000000000000000000000000000000000000000000000000000000000000
00000000000000000000000000000000002222000000000000000000000000000000000000000000000000000000000000000000000000000000000000000000000000000000000000000000000000000000000000000000000000000000000000000000
00000000000000000000000000000022002222220000000000000000000000000000000000000000000000000000000000000000000000000000000000000000000000000000000000000000000000000000000000000000000000000000000000000000
00000000000000000000000000000022002222220000000000000000000000000000000000000000000000000000000000000000000000000000000000000000000000000000000000000000000000000000000000000000000000000000000000000000
00000000000000000000000000000022002222220002222000000000000000000000000000000000000000000000000000000000000000000000000000000000000000000000000000000000000000000000000000000000000000000000000000000000
00000000000000000000000000000022002222220002222000000000000000000000000000000000000000000000000000000000000000000000000000000000000000000000000000000000000000000000000000000000000000000000000000000000
00000000000000000000000000000022222222220000022000000000000000000000000000000000000000000000000000000000000000000000000000000000000000000000000000000000000000000000000000000000000000000000000000000000
00000000000000000000000000000022222222220000000000000000000000000000000000000000000000000000000000000000000000000000000000000000000000000000000000000000000000000000000000000000000000000000000000000000
00000000000000000000000000000022222222000000000000000000000000000000000000000000000000000000000000000000000000000000000000000000000000000000000000000000000000000000000000000000000000000000000000000000
00000000000000000000000000000022222222000000000022000000000000000000000000000000000000000000000000000000000000000000000000000000000000000000000000000000000000000000000000000000000000000000000000000000
00000000000000000000000000000022222222222202222222200220000000000000000000000000000000000000000000000000000000000000000000000000000000000000000000000000000000000000000000000000000000000000000000000000
00000000000000000000000000000022222222222222222222200220000000000000000000000000000000000000000000000000000000000000000000000000000000000000000000000000000000000000000000000000000000000000000000000000
00000000000000000000000000000022222222222220200000000000000000000000000000000000000000000000000000000000000000000000000000000000000000000000000000000000000000000000000000000000000000000000000000000000
00000000000000000000000000000222222222222220000000000000000000000000000000000000000000000000000000000000000000000000000000000000000000000000000000000000000000000000000000000000000000000000000000000000
00000000000000000000000000002222222222222222200000000000000000000000000000000000000000000000000000000000000000000000000000000000000000000000000000000000000000000000000000000000000000000000000000000000
00000000000000000000000000002222222222222222200000000000000000000000000000000000000000000000000000000000000000000000000000000000000000000000000000000000000000000000000000000000000000000000000000000000
00000000000000000000000000000000000022222222200000000000000000000000000000000000000000000000000000000000000000000000000000000000000000000000000000000000000000000000000000000000000000000000000000000000
00000000000000000000000000000000000000222222220000000000000000000000000000000000000000000000000000000000000000000000000000000000000000000000000000000000000000000000000000000000000000000000000000000000
00000000000000000000000000000000000000002222222000000000000000000000000000000000000000000000000000000000000000000000000000000000000000000000000000000000000000000000000000000000000000000000000000000000
00000000000000000000000000000000000000000222222200022220000000000000000000000000000000000000000000000000000000000000000000000000000000000000000000000000000000000000000000000000000000000000000000000000
00000000000000000000000000000000000000000222222000022220000000000000000000000000000000000000000000000000000000000000000000000000000000000000000000000000000000000000000000000000000000000000000000000000
00000000000000000000000000000000000000000002222000022000000000000000000000000000000000000000000000000000000000000000000000000000000000000000000000000000000000000000000000000000000000000000000000000000
00000000000000000000000000000000000000000002222222222000000000000000000000000000000000000000000000000000000000000000000000000000000000000000000000000000000000000000000000000000000000000000000000000000
00000000000000000000000000000000000000000000022222200000002000000000000000000000000000000000000000000000000000000000000000000000000000000000000000000000000000000000000000000000000000000000000000000000
00000000000000000000000000000000000000000000000000200000002000000000000000000000000000000000000000000000000000000000000000000000000000000000000000000000000000000000000000000000000000000000000000000000
00000000000000000000000000000000000000000000000000022022222000000000000000000000000000000000000000000000000000000000000000000000000000000000000000000000000000000000000000000000000000000000000000000000
00000000000000000000000000000000000000000000000000022002222000000000000000000000000000000000000000000000000000000000000000000000000000000000000000000000000000000000000000000000000000000000000000000000
00000000000000000000000000000000000000000000000220000000002200000000000000000000000000000000000000000000000000000000000000000000000000000000000000000000000000000000000000000000000000000000000000000000
00000000000000000000000000000000000000000000000222220000002200000000000000000000000000000000000000000000000000000000000000000000000000000000000000000000000000000000000000000000000000000000000000000000
00000000000000000000000000000000000000000000000022022220000000000000000000000000000000000000000000000000000000000000000000000000000000000000000000000000000000000000000000000000000000000000000000000000
00000000000000000000000000000000000000000000000000022220000000000000000000000000000000000000000000000000000000000000000000000000000000000000000000000000000000000000000000000000000000000000000000000000
00000000000000000000000000000000000000000000000002222222000000000000000000000000000000000000000000000000000000000000000000000000000000000000000000000000000000000000000000000000000000000000000000000000
00000000000000000000000000000000000000000000000002222222220000000000000000000000000000000000000000000000000000000000000000000000000000000000000000000000000000000000000000000000000000000000000000000000
00000000000000000000000000000000000000000000000002222222220000000000000000000000000000000000000000000000000000000000000000000000000000000000000000000000000000000000000000000000000000000000000000000000
00000000000000000000000000000000000000000000000002222222220000000000000000000000000000000000000000000000000000000000000000000000000000000000000000000000000000000000000000000000000000000000000000000000
00000000000000000000000000000000000000000000000002222222222000000000000000000000000000000000000000000000000000000000000000000000000000000000000000000000000000000000000000000000000000000000000000000000
00000000000000000000000000000000000000000000000002222222222000000000000000000000000000000000000000000000000000000000000000000000000000000000000000000000000000000000000000000000000000000000000000000000
00000000000000000000000000000000000000000000000000222222220000000000000000000000000000000000000000000000000000000000000000000000000000000000000000000000000000000000000000000000000000000000000000000000
00000000000000000000000000000000000000000000000002222222000000000000000000000000000000000000000000000000000000000000000000000000000000000000000000000000000000000000000000000000000000000000000000000000
00000000000000000000000000000000000000000000000002222220000000000000000000000000000000000000000000000000000000000000000000000000000000000000000000000000000000000000000000000000000000000000000000000000
00000000000000000000000000000000000000000000000002220000000000000000000000000000000000000000000000000000000000000000000000000000000000000000000000000000000000000000000000000000000000000000000000000000
00000000000000000000000000000000000000000000000002200000000000000000000000000000000000000000000000000000000000000000000000000000000000000000000000000000000000000000000000000000000000000000000000000000
00000000000000000000000000000000000000000000000000000000000000000000000000000000000000000000000000000000000000000000000000000000000000000000000000000000000000000000000000000000000000000000000000000000
00000000000000000000000000000000000000000000000000000000000000000000000000000000000000000000000000000000000000000000000000000000000000000000000000000000000000000000000000000000000000000000000000000000
00000000000000000000000000000000000000000000000000000000000000000000000000000000000000000000000000000000000000000000000000000000000000000000000000000000000000000000000000000000000000000000000000000000
00000000000000000000000000000000000000000000000000000000000000000000000000000000000000000000000000000000000000000000000000000000000000000000000000000000000000000000000000000000000000000000000000000000
00000000000000000000000000000000000000000000000000000000000000000000000000000000000000000000000000000000000000000000000000000000000000000000000000000000000000000000000000000000000000000000000000000000
00000000000000000000000000000000000000000000000000000000000000000000000000000000000000000000000000000000000000000000000000000000000000000000000000000000000000000000000000000000000000000000000000000000
00000000000000000000000000000000000000000000000000000000000000000000000000000000000000000000000000000000000000000000000000000000000000000000000000000000000000000000000000000000000000000000000000000000
00000000000000000000000000000000000000000000000000000000000000000000000000000000000000000000000000000000000000000000000000000000000000000000000000000000000000000000000000000000000000000000000000000000
00000000000000000000000000000000000000000000000000000000000000000000000000000000000000000000000000000000000000000000000000000000000000000000000000000000000000000000000000000000000000000000000000000000
00000000000000000000000000000000000000000000000000000000000000000000000000000000000000000000000000000000000000000000000000000000000000000000000000000000000000000000000000000000000000000000000000000000
00000000000000000000000000000000000000000000000000000000000000000000000000000000000000000000000000000000000000000000000000000000000000000000000000000000000000000000000000000000000000000000000000000000
00000000000000000000000000000000000000000000000000000000000000000000000000000000000000000000000000000000000000000000000000000000000000000000000000000000000000000000000000000000000000000000000000000000
00000000000000000000000000000000000000000000000000000000000000000000000000000000000000000000000000000000000000000000000000000000000000000000000000000000000000000000000000000000000000000000000000000000
00000000000000000000000000000000000000000000000000000000000000000000000000000000000000000000000000000000000000000000000000000000000000000000000000000000000000000000000000000000000000000000000000000000
00000000000000000000000000000000000000000000000000000000000000000000000000000000000000000000000000000000000000000000000000000000000000000000000000000000000000000000000000000000000000000000000000000000
00000000000000000000000000000000000000000000000000000000000000000000000000000000000000000000000000000000000000000000000000000000000000000000000000000000000000000000000000000000000000000000000000000000
00000000000000000000000000000000000000000000000000000000000000000000000000000000000000000000000000000000000000000000000000000000000000000000000000000000000000000000000000000000000000000000000000000000
00000000000000000000000000000000000000000000000000000002222222222222220222000000000000000000000000000000000000000000000000000000000000000000000000000000000000000000000000000000000000000000000000000000
00000000000000000000000000000000000000000000000000000222222222222222222222200000000000000000000000000000000000000000000000000000000000000000000000000000000000000000000000000000000000000000000000000000
00000000000000000000000000000000000000000000000000000222222222222222222222222220000000000000000000000000000000000000000000000000000000000000000000000000000000000000000000000000000000000000000000000000
00000000000000000000000000000000000000000000000000000222222222222222222222222222000000000000000000000000000000000000000000000000000000000000000000000000000000000000000000000000000000000000000000000000
00000000000000000000000000000000000000000000000000000000222222222222222222222222220000000000000000000000000000000000000000000000000000000000000000000000000000000000000000000000000000000000000000000000
00000000000000000000000000000000000000000000000000000000222222222222222222222222222000000000000000000000000000000000000000000000000000000000000000000000000000000000000000000000000000000000000000000000
00000000000000000000000000000000000000000000000000000002222222222222222222222222222220000000000000000000000000000000000000000000000000000000000000000000000000000000000000000000000000000000000000000000
00000000000000000000000000000000000000000000000000000002222222222222222222222222222222200000000000000000000000000000000000000000000000000000000000000000000000000000000000000000000000000000000000000000
00000000000000000000000000000000000000000000000000000002202222222222222222222222222222200000000000000000000000000000000000000000000000000000000000000000000000000000000000000000000000000000000000000000
00000000000000000000000000000000000000000000000000000000000022222222222222222222222222222000000000000000000000000000000000000000000000000000000000000000000000000000000000000000000000000000000000000000