00000000000000000000000000000000000000000000000000000000000000000000000000000000000000000000000000000000000000000000000000000000000000000000000000000000000000000000000000000000000000000000000000000000
00000000000000000000000000000000000000000000000000000000000000000000000000000000000000000000000000000000000000000000000000000000000000000000000000000000000000000000000000000000000000000000000000000000
00000000000000000000000000000000000000000000000000000000000000000000000000000000000000000000000000000000000000000000000000000000000000000000000000000000000000000000000000000000000000000000000000000000
00000000000000000000000000000000000000000000000000000000000000000000000000000000000000000000000000000000000000000000000000000000000000000000000000000000000000000000000000000000000000000000000000000000
00000000000000000000000000000000000000000000000000000000000000000000000000000000000000000000000000000000000000000000000000000000000000000000000000000000000000000000000000000000000000000000000000000000
00000000000000000000000000000000000000000000000000000000000000000000000000000000000000000000000000000000000000000000000000000000000000000000000000000000000000000000000000000000000000000000000000000000
00000000000000000000000000000000000000000000000000000000000000000000000000000000000000000000000000000000000000000000000000000000000000000000000000000000000000000000000000000000000000000000000000000000
00000000000000000000000000000000000000000000000000000000000000000000000000000000000000000000000000000000000000000000000000000000000000000000000000000000000000000000000000000000000000000000000000000000
00000000000000000000000000000000000000000000000000000000000000000000000000000000000000000000000000000000000000000000000000000000000000000000000000000000000000000000000000000000000000000000000000000000
00000000000000000000000000000000000000000000000000000000000000000000000000000000000000000000000000000000000000000000000000000000000000000000000000000000000000000000000000000000000000000000000000000000
00000000000000000000000000000000000000000000000000000000000000000000000000000000000000000000000000000000000000000000000000000000000000000000000000000000000000000000000000000000000000000000000000000000
00000000000000000000000000000000000000000000000000000000000000000000000000000000000000000000000000000000000000000000000000000000000000000000000000000000000000000000000000000000000000000000000000000000
00000000000000000000000000000000000000000000000000000000000000000000000000000000000000000000000000000000000000000000000000000000000000000000000000000000000000000000000000000000000000000000000000000000
00000000000000000000000000000000000000000000000000000000000000000000000000000000000000000000000000000000000000000000000000000000000000000000000000000000000000000000000000000000000000000000000000000000
00000000000000000000000000000000000000000000000000000000000000000000000000000000000000000000000000000000000000000000000000000000000000000000000000000000000000000000000000000000000000000000000000000000
00000000000000000000000000000000000000000000000000000000000000000000000000000000000000000000000000000000000000000000000000000000000000000000000000000000000000000000000000000000000000000000000000000000
00000000000000000000000000000000000000000000000000000000000000000000000000000000000000000000000000000000000000000000000000000000000000000000000000000000000000000000000000000000000000000000000000000000
00000000000000000000000000000000000000000000000000000000000000000000000000000000000000000000000000000000000000000000000000000000000000000000000000000000000000000000000000000000000000000000000000000000
00000000000000000000000000000000000000000000000000000000000000000000000000000000000000000000000000000000000000000000000000000000000000000000000000000000000000000000000000000000000000000000000000000000
00000000000000000000000000000000000000000000000000000000000000000000000000000000000000000000000000000000000000000000000000000000000000000000000000000000000000000000000000000000000000000000000000000000
00000000000000000000000000000000000000000000000000000000000000000000000000000000000000000000000000000000000000000000000000000000000000000000000000000000000000000000000000000000000000000000000000000000
00000000000000000000000000000000000000000000000000000000000000000000000000000000000000000000000000000000000000000000000000000000000000000000000000000000000000000000000000000000000000000000000000000000
00000000000000000000000000000000000000000000000000000000000000000000000000000000000000000000000000000000000000000000000000000000000000000000000000000000000000000000000000000000000000000000000000000000
00000000000000000000000000000000000000000000000000000000000000000000000000000000000000000000000000000000000000000000000000000000000000000000000000000000000000000000000000000000000000000000000000000000
00000000000000000000000000000000000000000000000000000000000000000000000000000000000000000000000000000000000000000000000000000000000000000000000000000000000000000000000000000000000000000000000000000000
00000000000000000000000000000000000000000000000000000000000000000000000000000000000000000000000000000000000000000000000000000000000000000000000000000000000000000000000000000000000000000000000000000000
00000000000000000000000000000000000000000000000000000000000000000000000000000000000000000000000000000000000000000000000000000000000000000000000000000000000000000000000000000000000000000000000000000000
00000000000000000000000000000000000000000000000000000000000000000000000000000000000000000000000000000000000000000000000000000000000000000000000000000000000000000000000000000000000000000000000000000000
00000000000000000000000000000000000000000000000000000000000000000000000000000000000000000000000000000000000000000000000000000000000000000000000000000000000000000000000000000000000000000000000000000000
00000000000000000000000000000000000000000000000000000000000000000000000000000000000000000000000000000000000000000000000000000000000000000000000000000000000000000000000000000000000000000000000000000000
00000000000000000000000000000000000000000000000000000000000000000000000000000000000000000000000000000000000000000000000000000000000000000000000000000000000000000000000000000000000000000000000000000000
00000000000000000000000000000000000000000000000000000000000000000000000000000000000000000000000000000000000000000000000000000000000000000000000000000000000000000000000000000000000000000000000000000000
00000000000000000000000000000000000000000000000000000000000000000000000000000000000000000000000000000000000000000000000000000000000000000000000000000000000000000000000000000000000000000000000000000000
00000000000000000000000000000000000000000000000000000000000000000000000000000000000000000000000000000000000000000000000000000000000000000000000000000000000000000000000000000000000000000000000000000000
00000000000000000000000000000000000000000000000000000000000000000000000000000000000000000000000000000000000000000000000000000000000000000000000000000000000000000000000000000000000000000000000000000000
00000000000000000000000000000000000000000000000000000000000000000000000000000000000000000000000000000000000000000000000000000000000000000000000000000000000000000000000000000000000000000000000000000000
00000000000000000000000000000000000000000000000000000000000000000000000000000000000000000000000000000000000000000000000000000000000000000000000000000000000000000000000000000000000000000000000000000000
00000000000000000000000000000000000000000000000000000000000000000000000000000000000000000000000000000000000000000000000000000000000000000000000000000000000000000000000000000000000000000000000000000000
00000000000000000000000000000000000000000000000000000000000000000000000000000000000000000000000000000000000000000000000000000000000000000000000000000000000000000000000000000000000000000000000000000000
00000000000000000000000000000000000000000000000000000000000000000000000000000000000000000000000000000000000000000000000000000000000000000000000000000000000000000000000000000000000000000000000000000000
00000000000000000000000000000000000000000000000000000000000000000000000000000000000000000000000000000000000000000000000000000000000000000000000000000000000000000000000000000000000000000000000000000000
00000000000000000000000000000000000000000000000000000000000000000000000000000000000000000000000000000000000000000000000000000000000000000000000000000000000000000000000000000000000000000000000000000000
00000000000000000000000000000000000000000000000000000000000000000000000000000000000000000000000000000000000000000000000000000000000000000000000000000000000000000000000000000000000000000000000000000000
00000000000000000000000000000000000000000000000000000000000000000000000000000000000000000000000000000000000000000000000000000000000000000000000000000000000000000000000000000000000000000000000000000000
00000000000000000000000000000000000000000000000000000000000000000000000000000000000000000000000000000000000000000000000000000000000000000000000000000000000000000000000000000000000000000000000000000000
00000000000000000000000000000000000000000000000000000000000000000000000000000000000000000000000000000000000000000000000000000000000000000000000000000000000000000000000000000000000000000000000000000000
00000000000000000000000000000000000000000000000000000000000000000000000000000000000000000000000000000000000000000000000000000000000000000000000000000000000000000000000000000000000000000000000000000000
00000000000000000000000000000000000000000000000000000000000000000000000000000000000000000000000000000000000000000000000000000000000000000000000000000000000000000000000000000000000000000000000000000000
00000000000000000000000000000000000000000000000000000000000000000000000000000000000000000000000000000000000000000000000000000000000000000000000000000000000000000000000000000000000000000000000000000000
00000000000000000000000000000000000000000000000000000000000000000000000000000000000000000000000000000000000000000000000000000000000000000000000000000000000000000000000000000000000000000000000000000000
00000000000000000000000000000000000000000000000000000000000000000000000000000000000000000000000000000000000000000000000000000000000000000000000000000000000000000000000000000000000000000000000000000000
00000000000000000000000000000000000000000000000000000000000000000000000000000000000000000000000000000000000000000000000000000000000000000000000000000000000000000000000000000000000000000000000000000000
00000000000000000000000000000000000000000000000000000000000000000000000000000000000000000000000000000000000000000000000000000000000000000000000000000000000000000000000000000000000000000000000000000000
00000000000000000000000000000000000000000000000000000000000000000000000000000000000000000000000000000000000000000000000000000000000000000000000000000000000000000000000000000000000000000000000000000000
00000000000000000000000000000000000000000000000000000000000000000000000000000000000000000000000000000000000000000000000000000000000000000000000000000000000000000000000000000000000000000000000000000000
00000000000000000000000000000000000000000000000000000000000000000000000000000000000000000000000000000000000000000000000000000000000000000000000000000000000000000000000000000000000000000000000000000000
00000000000000000000000000000000000000000000000000000000000000000000000000000000000000000000000000000000000000000000000000000000000000000000000000000000000000000000000000000000000000000000000000000000
00000000000000000000000000000000000000000000000000000000000000000000000000000000000000000000000000000000000000000000000000000000000000000000000000000000000000000000000000000000000000000000000000000000
00000000000000000000000000000000000000000000000000000000000000000000000000000000000000000000000000000000000000000000000000000000000000000000000000000000000000000000000000000000000000000000000000000000
00000000000000000000000000000000000000000000000000000000000000000000000000000000000000000000000000000000000000000000000000000000000000000000000000000000000000000000000000000000000000000000000000000000
00000000000000000000000000000000000000000000000000000000000000000000000000000000000000000000000000000000000000000000000000000000000000000000000000000000000000000000000000000000000000000000000000000000
00000000000000000000000000000000000000000000000000000000000000000000000000000000000000000000000000000000000000000000000000000000000000000000000000000000000000000000000000000000000000000000000000000000
00000000000000000000000000000000000000000000000000000000000000000000000000000000000000000000000000000000000000000000000000000000000000000000000000000000000000000000000000000000000000000000000000000000
00000000000000000000000000000000000000000000000000000000000000000000000000000000000000000000000000000000000000000000000000000000000000000000000000000000000000000000000000000000000000000000000000000000
00000000000000000000000000000000000000000000000000000000000000000000000000000000000000000000000000000000000000000000000000000000000000000000000000000000000000000000000000000000000000000000000000000000
00000000000000000000000000000000000000000000000000000000000000000000000000000000000000000000000000000000000000000000000000000000000000000000000000000000000000000000000000000000000000000000000000000000
00000000000000000000000000000000000000000000000000000000000000000000000000000000000000000000000000000000000000000000000000000000000000000000000000000000000000000000000000000000000000000000000000000000
00000000000000000000000000000000000000000000000000000000000000000000000000000000000000000000000000000000000000000000000000000000000000000000000000000000000000000000000000000000000000000000000000000000
00000000000000000000000000000000000000000000000000000000000000000000000000000000000000000000000000000000000000000000000000000000000000000000000000000000000000000000000000000000000000000000000000000000
00000000000000000000000000000000000000000000000000000000000000000000000000000000000000000000000000000000000000000000000000000000000000000000000000000000000000000000000000000000000000000000000000000000
00000000000000000000000000000000000000000000000000000000000000000000000000000000000000000000000000000000000000000000000000000000000000000000000000000000000000000000000000000000000000000000000000000000
00000000000000000000000000000000000000000000000000000000000000000000000000000000000000000000000000000000000000000000000000000000000000000000000000000000000000000000000000000000000000000000000000000000
00000000000000000000000000000000000000000000000000000000000000000000000000000000000000000000000000000000000000000000000000000000000000000000000000000000000000000000000000000000000000000000000000000000
00000000000000000000000000000000000000000000000000000000000000000000000000000000000000000000000000000000000000000000000000000000000000000000000000000000000000000000000000000000000000000000000000000000
00000000000000000000000000000000000000000000000000000000000000000000000000000000000000000000000000000000000000000000000000000000000000000000000000000000000000000000000000000000000000000000000000000000
00000000000000000000000000000000000000000000000000000000000000000000000000000000000000000000000000000000000000000000000000000000000000000000000000000000000000000000000000000000000000000000022200222202
00000000000000000000000000000000000000000000000000000000000000000000000000000000000000000000000000000000000000000000000000000000000000000000000000000000000000000000000000000000000033000000000222222200
00000000000000000000000000000000000000000000000000000000000000000000000000000000000000000000000000000000000000000000000000000000000000000000000000000000000000000000000000000000000000000000222222222222
00000000000000000000000000000000000000000000000000000000000000000000000000000000000000000000000000000000000000000000000000000000000000000000000000000000000000000000000000000000000000000000002222222222
00000000000000000000000000000000000000000000000000000000000000000000000000000000000000000000000000000000000000000000000000000000000000000000233003003030030000000000000000000000000003030000002220220200
00000000000000000000000000000000000000000000000000000000000000000000000000000000000000000000000000000000000000000000000000000033332333033220023033333003330000000000000000000000000000000200020222222222
00000000000000000000000000000000000000000000000000000000000000000000000000000000000000000000000000000000000000000003023333033333320333333302000333333033003000000000000000000000003000000022002222222202
00000000000000000000000000000000000000000000000000000000000000000000000000000000000000000000000000000003330333333033223332023333320333333320000333333333000000000000000000000000000000000022222222220222
00000000000000000000000000000000000000000000000000000000000000000000000000000000000000000343333300003234333344333333323333033333330333333332200003003003000000000000000000000000030300000022222222202022
00000000000000000000000000000000000000000000000000000000000000000000000000000055555544444333343203033323333344434333323333033333330033330332222303333333300000000000000000000000330003032222220022220222
00000000000000000000000000000000000000000000000000000000000000000445555555455555555544444334555444333334333444444433333333333333333333333032222333333333000000000000000000000000030303333222202022222222
00000000000000000000000000000000000000000000000000000022222222234445554555555555555544444345555544434333444034444433333333333444444433333332202233303000000000000000000000000000330000022222222222202222
00000000000000000000000000000000000000000033330000300202002222334445555444544445545544444445555544440303344433044433333333334444444443333322222333333330300000000000000000000000000000022222222222022200
00000000000000000000000000000024444443333322233333333002222233333445555455444455544444444455454554443000344443344433344433334444444444333322323233233333000000000000000000000003000002322233322322222222
00000000000000000005555554335554444333232222333333333330000233333445555555445444444444434334555555443430343444455554444443334444444444333333333303333333000030000000000000000000002033333333333333322220
00000025555555555555555554455455433332000033333333333000002233333444555454455433344444433300344333344344430034345555554443434444444444333333333322333333300300000000000000000000033233333333333333320220
55555555555555555555555554555444334332000200223333323303300022223334455554445433333433333330303343033033033334445555555444434444555544444333333333300333332333000000000000000003000333333333433333322200
55555555455555555555555544555443333222000000023443333333332332223233455554444333333333333332002023303003334433444555555444444444555544444443333333330032333330000000000000000000003333344444444333332220
55555555555555555555554555555443432233332002223333333444444433220333334444432332233333333332202300033333333433034444554444444445555555444443333333222220233330000000000000000003003333444445444433332222
55555555555555555555555555555544443333322222333333334445555544332033334323333202203333333333300002030003033333000333444443444445555555544444333333322202343330000000000000000033333333444555554433320200
55545555555555555555555555555554433333333223434444334445555544332203333333332322222333333333000000002203200333333333344334444445554555444444333333302222033430004000000000000000333333444555544333000000
55555555555555555545555555555554443320033344444443334444555544332202333222333322002233233333200002222220220030333003333334444444444444444444434444322222303333334003000033000033033333444555333330200000
55555555555555555555555555555555543333334555544443334444444443332202022222222222222222222222000002222200023000323333333333444444443344444455554443333324300333344033000330000303332233444454432222200000
55555555555555555555555555555555433333345555544443444444543333332200222222222222222222222220000002022222000000002033333333344443333444344455555544433303443004443433340433000003332333344444432222000000
55555555555545555555555555555554344344444555444433444555543033022222222222222222220222222002020200020202000000200230233333344443333344434455555544333332444300344440030334300344322333334444332220000000
55555555555555555555555555545555455554455554334433444555553003222220002002222020222222222202202000020000020000000202032033333333333243343445555443333333344344444440433444300332003333333333332220000000
55555555555555555555444555555555555555455544433333444445543223322200220022222022222222222220000000020020000000002000302033333333333333333344554434333334444434545454444344330043332003333333322002000000
55555555555555555555434555555555555555555543333333334444433223220000220020022222220222222222000000000000000000022000223330222333334433233344444443333443443344445455454454333330333322323333222000000000
55555555555555555444444555555555555555555543330333333444333303322200200000000000222220202220000002220000000000000333333322220233232343333344443333323444443034435554554444343444300333000000022000000002
55555555555555555543344555555555554555555554333333333454433303322002000000020000222222222000000000020000000000000333303020202022222233333333433333333443430033335455544444433333333330000000002200000002
55555555555555555545444555555555555555555555443333344555433002342202220020200002222022200000000000000000000000033303022202200002222223333333332333333333000033434434433233333333000000000000002220000002
55555555555555555555545555555555555555555445433333445555432024344223222222200002222022200000000000000000000000300020233332332000222200233300033320023333000000033030320022333333000000000000022220000022
55555555555555555555555555555544555555554444443333334554322224554432223022000002222220000000000000000000000000000030022222233000000200000000000020003330000000000022002303333333000000000000222202222200
55555555555555555555455555555445555554544433333332233322220234555543300222200000002200000000000000000000000030000022200002233220000000000000000000323330000000000000022223303333000000000002222200222002
55555555555555555445555555555455555554333333333330222222220244555544330202000000022202000000000000000000000300000000002200023320202000000000000000033330000000000002002223000300000000000002220202200000
55554455555555555444555555555445555444333332033332222022220003555444332000000000220002000000020000000000000000000000000220222332000000000000000000033000000000000002000000000000000000000002222200000000
55554554444555554444555455554444444333333333033022022202022202455443432002200000222220000000000000000000000000000000000022002222300000000000000222000000000000000000000000000000000000000000020000000000
55555554455544444444445555554444333333333333302202222222200200344443332222000002222200000000000000000000000000000000000002020033030000000000000000000000000000000000000000000000000000000022022200000000
55555555555544444444445555554444433333333333332220000220203220234443200220002200222222200000000000000000000000000000000000000200303300000000000000000000000000000000000000000000000000000000020200220000
55555555555444444554455555444433333333333333333330002000200202033332202000022020222220000000000000000000000000000000000000200000320300000000000000000000000000000000000000000000000000000000000000220000
44555555555444445555455544444333330333333333333020002220000002233332222000022002222220000000000000000000000000000000000000020000000000000000000000000000000000000000000000000000000000000000000000022000
44454555554454555554444444444333333333033303333200022022000200222332222222220022220020000000000000000000000000000000000000000202220000000000000000000000000000000000000000000000000000000002000000022000
43444455555555555555444433333333330300033333333002222222000220222222200000002222000000000000000000000000000000000000000000000002200300000000000000000000000000000000000000000000000000000000000000000000
33444555555555555544443333333333330000033300002200202220200000000002202220000022200000000000000000000000000000000000000000000000022220000000000000000000000000000000000000000000000000000000000000000000
44444455445555555544443332333303000000003330002002202222200000030002202222222222200000000000000000000000000000000000000000000000000020000000000000000000000000000000000000000000000000000000000000000000
44444455555544555544443433300000000000000000000220222222200000000000222222222220020000000000000000000000000000000000000000000000000000000000000000000000000000000000000000000000000000000000000000000000
44444455555554444444434333300000000000000000000020220222222000000022222222022222200200000000000000000000000000000000000000000000000000000000000000000000000000000000000000000000000000000000000000000000
44444555555554444444443333330000000000000000000000022222220222200222022222222222200000000000000000000000000000000000000000000000000000000000000000000000000000000000000000000000000000000000000000000000
43444554455554444444433333330000000000000000000000000022002222200222022222222222200000000000000000000000000000000000000000000000000000000000000000000000000000000000000000000000000000000000000000000000
34444444444555444444333333333033000000000000000000002022200022000020022222222222020000000000000000000000000000000000000000000000000000000000000000000000000000000000000000000000000000000000000000000000
34444434445555444443433333333330000000000000000000022220000000000022002222202220000000000000000000000000000000000000000000000000000000000000000000000000000000000000000000000000000000000000000000000000
44434444445554444333333333333330000000000000000000022200000000000000022220222220000000020220000000000000000000000000000000000000000000000000000000000000000000000000000000000000000000000000000000000000
33333444444444444433333333333030000000200000000000222222000000000000002202222220000000002000000000000000000000000000000000000000000000000000000000000000000000000000000000000000000000000000000000000000
33334443444444444333333333333000000000000000000002220222000000000000002202222222000002020200000000000000000000000000000000000000000000000000000000000000000000000000000000000000000000000000000000000000
33334433444333334333333333033030000000000000000022022200000000000000000002222222222200000020200000000000000000000000000000000000000000000000000000000000000000000000000000000000000000000000000000000000
33433344444433333333333333333300000000000000000000000000000000000000000002222220222200000220000000000000000000000000000000000000000000000000000000000000000000000000000000000000000000000000000000000000
33333443444333333333333333333300000000000000000000000000000000000000200000222222222000020222020000000000000000000000000000000000000000000000000000000000000000000000000000000000000000000000000000000000
33333343333333333333333333330300000000000000000000000000000000000000000000022222222200022022220000000000000000000000000000000000000000000000000000000000000000000000000000000000000000000000000000000000
33333334433333333333333333333300000000000000000000000000000000000000000000222222222222222222020000000000000000000000000000000000000000000000000000000000000000000000000000000000000000000000000000000000
33333333333333333333333333333300000000000000000000000000000000000000200002202220222202222222200000000000000000000000000000000000000000000000000000000000000000000000000000000000000000000000000000000000
33333333330333333333333333333330000000000000000000000000000000000000000020020002220000202222000000000000000000000000000000000000000000000000000000000000000000000000000000000000000000000000000000000000
33333333330333332033333030000330000000000000000000000000000000000000200000222000000020222222000000000000000000000000000000000000000000000000000000000000000000000000000000000000000000000000000000000000
33333333330033330223003030002030000000000000000000000000000000000000000020202220200002222222222020000000000000000000000000000000000000000000000000000000000000000000000000000000000000000000000000000000
33333333300000022000003000200000000000000000000000000000000000000000000020020200200000222222222202200022200000000000000000000000000000000000000000000000000000000000000000000000000000000000000000000000
33333330302222002000200203000000000000000000000000000000000000000000000202220000000022222222222220200002200000000000000000000000000000000000000000000000000000000000000000000000000000000000000000000000
33333000202022220200000000000000000000000000000000000000000000000200000000022200000000222222222220220200000000000000000000000000000000000000000000000000000000000000000000000000000000000000000000000000
33333302222202200220000000000000000000000000000000000000000000000220020000000000022022222222222202220000000000000000000000000000000000000000000000000000000000000000000000000000000000000000000000000000
33333023022022203002000000000000000000000000000000000000000000000222200000000000020002220222222220000000000000000000000000000000000000000000000000000000000000000000000000000000000000000000000000000000
33300302000222333000000000000000000000000000000000000000000000000020000000000200000220202222222222220000000000000000000000000000000000000000000000000000000000000000000000000000000000000000000000000000
33303000322222200000000200000000000000000000000000000000000000000000000000000002022222220022222222220000000000000000000000000000000000000000000000000000000000000000000000000000000000000000000000000000
44033330233000320300000220000000000000000000000000000000000000000000000000000000020220000202000220000000000000000000000000000000000000000000000000000000000000000000000000000000000000000000000000000000
32030342230002223300000000000002000000000000000000000000000000000000020000000002002000002000022200220000200000000000000000000000000000000000000000000000000000000000000000000000000000000000000000000000
54455543324244030330000002200000000000000000000000000000000000000002020000000022222222022000022200000000200020000000000000000000000000000000000000000000000000000000000000000000000000000000000000000000
00000554334445433400000032200000000000000000000000000000000000000000000000000022220020000000222020200000000000000000000000000000000000000000000000000000000000000000000000000000000000000000000000000000
00000005444445544322000023200022000000000000000000000000000000000000020000000002222222200002222222200000000000002200000000000000000000000000000000000000000000000000000000000000000000000000000000000000
00000000005555534030000233200000000000000000000000000000000000000000000000000002022222222222222222200000020000002200000000000000000000000000000000000000000000000000000000000000000000000000000000000000
00000000000055544220003202000000000000000000000000000000000000000000000000000002220222222222222222220020000000000222000000000000000000000000000000000000000000000000000000000000000000000000000000000000
00000000000000443333322202000000000020000020000000000000000000000000000000000020020022222222222202220022200000000000000000000000000000000000000000000000000000000000000000000000000000000000000000000000
00000000000000444320222000000000000000000000000000000000000000000000000000000002222022222220222222202020202000000000000000000000000000000000000000000000000000000000000000000000000000000000000000000000
00000000000000055443020000000000000020000000000000000000000000000000000000000000202000222000202222222220020000000000000000000000000000000000000000000000000000000000000000000000000000000000000000000000
00000000000000005554000000000000000000000000000000000000000000000000000000000000200000020202002222222202200000000000000000000000000000000000000000000000000000000000000000000000000000000000000000000000
00000000000000005554020000200000000000000000000000000000000000000000000000000000000000002200202022200000220002200000000000000000000000000000000000000000000000000000000000000000000000000000000000000000
00000000000000005553002332202000000000000000000000000000000000000000000000000000002000000002200020002000202202000000000000000000000000000000000000000000000000000000000000000000000000000000000000000000
00000000000000000442023200202000000000000000000000000000000000000002000000000000000000000002220000222200200220220200000000000000000000000000000000000000000000000000000000000000000000000000000000000000
00000000000000000443222020022000000000000000000000000000000000000000000000000000000000000000000000000002222220200220000000000000000000000000000000000000000000000000000000000000000000000000000000000000
00000000000000000333220000000200000000000000000000000000000000000000000000000000000000000000000000222222220200000000200000000000000000000000000000000000000000000000000000000000000000000000000000000000
00000000000000000433222220000000000000000000000000000000000000000000000000000000000000000000000000002220200020000020200000000000000000000000000000000000000000000000000000000000000000000000000000000000
00000000000000000444202222200002200000000000000000000000000000000000000000000000000000000000000000020222002000000000000000000000000000000000000000000000000000000000000000000000000000000000000000000000
00000000000000000044220220200202000000000000000000000000000000000000000000000000000000000000000002222220000000000000000000000000000000000000000000000000000000000000000000000000000000000000000000000000
00000000000000000054332020000000000000000000000000000000000000000000000000000000000000000000000000020220220220000000000000000000000000000000000000000000000000000000000000000000000000000000000000000000
00000000000000000055430000000000000000000000000000000000000000000000000000000000000000000000000000002220000000000000000000000000000000000000000000000000000000000000000000000000000000000000000000000000
00000000000000000055403000000000000000000000000000000000000000000000000000000000000000000000000000022200000000000000000000000000000000000000000000000000000000000000000000000000000000000000000000000000
00000000000000000000530000000000000000000000000000000000000000000000000000000000000000000000000002000220000000000000000000000000000000000000000000000000000000000000000000000000000000000000000000000000
00000000000000000000540000000000000000000000000000000000000002200000000000000000000000000000000200000000000000000000000000000000000000000000000000000000000000000000000000000000000000000000000000000000
00000000000000000000000200000000000000000000000000000000000000000000000000000000000000330000000002000000000000000000000000000000000000000000000000000000000000000000000000000000000000000000000000000000
00000000000000000000030220000000000000000000000000000000000000000000000000000000003000000000020000220000000000000000000000000000000000000000000000000000000000000000000000000000000000000000000000000000
00000000000000000000040002000000000000000000000000000000000000000000000000000000000300000000022000000000000000000000000000000000000000000000000000000000000000000000000000000000000000000000000000000000
00000000000000000000032000000000000000000000000000000000000000000000000000000000000003000000000020000000000000000000000000000000000000000000000000000000000000000000000000000000000000000000000000000000
00000000000000000000002022000000000000000000000000000000000000000000000000000000030200330022023032000000000000000000000000000000000000000000000000000000000000000000000000000000000000000000000000000000
00000000000000000000003000000000000200000000000000000000000000000000000000000003322200300000333333020000000020000000000000000000000000000000000000000000000000000000000000000000000000000000000000000000
00000000000000000000004300000000000000000000000000000000000000000000000000000003020033303033333330000000000200000000000000000000000000000000000000000000000000000000000000000000000000000000000000000000
00000000000000000000000320000000000000000000000000000000000000020000000030003333020333320324333333200000000020000000000000000000000000000000000000000000000000000000000000000000000000000000000000000000
00000000000000000000000433303200020020000000000000000000000002000000000303030333003334003244443333220202000002000000000000000000000000000000000000000000000000000000000000000000000000000000000000000000
00000000000000000000000454554430220000000000022000000000000000000000200333333423003444444344433322222022000000000000000000000000000000000000000000000000000000000000000000000000000000000000000000000000
00000000000000000000000354555433300000000020020000200200000000020003303333334444333554555444422220000000020000000000000000000000000000000000000000000000000000000000000000000000000000000000000000000000
00000000000000000000000354555544443322022000000000022000000000000000333333334444443555555443320020020022200000000000000000000000000000000000000000000000000000000000000000000000000000000000000000000000
00000000000000000000000555455444433222000000000000000000000000000003333333344444455555555432222000020002200000000000000000000000000000000000000000000000000000000000000000000000000000000000000000000000
00000000000000000000000555443233202200000000000000000000000000000000333333334444445555552222222000020002200000000000000000000000000000000000000000000000000000000000000000000000000000000000000000000000
00000000000000000000000455433222202000000000000000000000000000000323333333444444445555500222020002000000200000000000000000000000000000000000000000000000000000000000000000000000000000000000000000000000
00000000000000000000000554333322222000000000000000000000000000000003333344334444455554402202000000000000000000000000000000000000000000000000000000000000000000000000000000000000000000000000000000000000
00000000000000000000000444430030020200000000000000000000000000000033333444444444455533020222000000000000000000000000000000000000000000000000000000000000000000000000000000000000000000000000000000000000
00000000000000000000000044402220022220000000000000000002200000000033334444444444444333330020000000000000000000000000000000000000000000000000000000000000000000000000000000000000000000000000000000000000
00000000000000000000000444332200002200000000000000000000002022003333334344444444444220000000000000000000000000000000000000000000000000000000000000000000000000000000000000000000000000000000000000000000
00000000000000000000000434330000022220200000000000000000000000230333344443444444443323300000000000000000000000000000000000000000000000000000000000000000000000000000000000000000000000000000000000000000
00000000000000000000000444423202022000020000000200000000000000032333344344444444442303300000000000200000000000000000000000000000000000000000000000000000000000000000000000000000000000000000000000000000
00000000000000000000005554333330202000002002200000200000002220023333333344444444433433000000000000000000000000000000000000000000000000000000000000000000000000000000000000000000000000000000000000000000
00000000000000000000000555444430000000002002200000222020002200023333344444454444402000000000000000000000000000000000000000000000000000000000000000000000000000000000000000000000000000000000000000000000
00000000000000000000004555534430000000022022220022220002002200033223344355554444443000000000000000000000000000000000000000000000000000000000000000000000000000000000000000000000000000000000000000000000
00000000000000000000003455554000000000022222220222220200220000023233444455544454220000020000000000000000000000000000000000000000000000000000000000000000000000000000000000000000000000000000000000000000
00000000000000000000000455554000000000022222222222202222000000223323444555555544320002200000000000000000000000000000000000000000000000000000000000000000000000000000000000000000000000000000000000000000
00000000000000000000000045555430000000000022222222222222002022232224445555555544200000200000000000000000000000000000000000000000000000000000000000000000000000000000000000000000000000000000000000000000
00000000000000000000000035544440000000000002222222022000000002232234445555555443000000200000000000000000000000000000000000000000000000000000000000000000000000000000000000000000000000000000000000000000
00000000000000000000000003444444000000002222222222200020000200233334444555554430000000000000000000000000000000000000000000000000000000000000000000000000000000000000000000000000000000000000000000000000
00000000000000000000000000034403300000000222002222200022200223222223444455543220000000000000000000000000000000000000000000000000000000000000000000000000000000000000000000000000000000000000000000000000
00000000000000000000000000033223432000002000002022200202002302223334443355430000000002000000022000000000000000000000000000000000000000000000000000000000000000000000000000000000000000000000000000000000