00000000000000000000000000000000000000000000000000000000000000000000000000000000000000000000000000000000000000000000000000000000000000000000000000000000000000000005555555444444444433333333333333000000
00000000000000000000000000000000000000000000000000000000000000000000000000000000000000000000000000000000000000000000000000000000000000000000000000000000000000000055555554444444444333333333333330000000
00000000000000000000000000000000000000000000000000000000000000000000000000000000000000000000000000000000000000000000000000000000000000000000000000000000000000005555555554444444444433333333333200000000
00000000000000000000000000000000000000000000000000000000000000000000000000000000000000000000000000000000000000000000000000000000000000000000000000000000000000055555555544444444444333333333333200000000
00000000000000000000000000000000000000000000000000000000000000000000000000000000000000000000000000000000000000000000000000000000000000000000000000000000000055555555555444444444333333333333333330000000
00000000000000000000000000000000000000000000000000000000000000000000000000000000000000000000000000000000000000000000000000000000000000000000000000000000005555555555555444444444333333333333333300000000
00000000000000000000000000000000000000000000000000000000000000000000000000000000000000000000000000000000000000000000000000000000000000000000000000000002555555555555554444444444333333333333333000000000
00000000000000000000000000000000000000000000000000000000000000000000000000000000000000000000000000000000000000000000000000000000000000000000000000000044555555555555554444444443333333333333300000000000
00000000000000000000000000000000000000000000000000000000000000000000000000000000000000000000000000000000000000000000000000000000000000000000000000044444444555555444444444444433333333330000000000000000
00000000000000000000000000000000000000000000000000000000000000000000000000000000000000000000000000000000000000000000000000000000000000000000000044444444444554444444444444444433333333302200000000000000
00000000000000000000000000000000000000000000000000000000000000000000000000000000000000000000000000000000000000000000000000000000000000000000004444444444444444444444444444444333333333302200000000000000
00000000000000000000000000000000000000000000000000000000000000000000000000000000000000000000000000000000000000000000000000000000000000000002433334444444444444444444444444344333333333300000000000000000
00000000000000000000000000000000000000000000000000000000000000000000000000000000000000000000000000000000000000000000000000000000000000000233333444444444444444444444443343333333333333320000000000000000
00000000000000000000000000000000000000000000000000000000000000000000000000000000000000000000000000000000000000000000000000000000000000003333333444444444444444443344444433333333333333330000000000000000
00000000000000000000000000000000000000000000000000000000000000000000000000000000000000000000000000000000000000000000000000000000000000333333334444444444444443444444433333333333333333300000000000000000
00000000000000000000000000000000000000000000000000000000000000000000000000000000000000000000000000000000000000000000000000000000000233033333334443444444444433334333333333333333333333000000000000000000
00000000000000000000000000000000000000000000000000000000000000000000000000000000000000000000000000000000000000000000000000000000003333333333333333444444444444444333333233333333333322000000000000000000
00000000000000000000000000000000000000000000000000000000000000000000000000000000000000000000000000000000000000000000000000000000333333333333333334433444444444433333333333333333333323000000000000000000
00000000000000000000000000000000000000000000000000000000000000000000000000000000000000000000000000000000000000000000000000000033333333333333333333333344444334333333333333033333333300000000000000000000
00000000000000000000000000000000000000000000000000000000000000000000000000000000000000000000000000000000000000000000000000000333333333333333333333333334433333333333333332333333323000000000000000000000
00000000000000000000000000000000000000000000000000000000000000000000000000000000000000000000000000000000000000000000000000033333333333333333333333333333333333333333333320303333330000000000000000000000
00000000000000000000000000000000000000000000000000000000000000000000000000000000000000000000000000000000000000000000000003333333333333333333333333333333333333333300233000300333300000000000000000000000
00000000000000000000000000000000000000000000000000000000000000000000000000000000000000000000000000000000000000000000000233033333333333333333333333333333333333333300033222333003000000000000000000000000
00000000000000000000000000000000000000000000000000000000000000000000000000000000000000000000000000000000000000000000000332003333333333333333333333333333333333333030033322033000000000000000000000000000
00000000000000000000000000000000000000000000000000000000000000000000000000000000000000000000000000000000000000000000003333333333333333333032233333333333333333220030003000000000000000000000000000000000
00000000000000000000000000000000000000000000000000000000000000000000000000000000000000000000000000000000000000000000233333333333033000030002333333333333333323320000000000000000000000000000000000000020
00000000000000000000000000000000000000000000000000000000000000000000000000000000000000000000000000000000000000000000333333333333333000000033333333333333333333320000000000000000000000000000000000000022
00000000000000000000000000000000000000000000000000000000000000000000000000000000000000000000000000000000000000000003333333033333333300000033333333333333333300000000000000000000000000000000000000000002
00000000000000000000000000000000000000000000000000000000000000000000000000000000000000000000000000000000000000000003333333333333333032000223333333333333333000000000000000000000000000000000000000000000
00000000000000000000000000000000000000000000000000000000000000000000000000000000000000000000000000000000000000000043333333333333232033000223333333333333333000000000000000000000000000000000000000000000
00000000000000000000000000000000000000000000000000000000000000000000000000000000000000000000000000000000000000000443333333333333000030000020002333330333333000000000000000000000000000000000000000020000
00000000000000000000000000000000000000000000000000000000000000000000000000000000000000000000000000000000000000004433333333333333000000000000002333323333333000000000000000000000000000000000000000020222
00000000000000000000000000000000000000000000000000000000000000000000000000000000000000000000000000000000000000044433333333333300000000000000002332233332233000000000000000000000000000000000000000022222
00000000000000000000000000000000000000000000000000000000000000000000000000000000000000000000000000000000000000444433334433333000000000000000000022203323300000000000000000000000000000000000000000022222
00000000000000000000000000000000000000000000000000000000000000000000000000000000000000000000000000000000000004444443444433333000000000000000020000000003320000000000000000000000000000000000002222222222
00000000000000000000000000000000000000000000000000000000000000000000000000000000000000000000000000000000000044444444444433333000300000000000020000000002220000000000000000000000000000000000002202222222
00000000000000000000000000000000000000000000000000000000000000000000000000000000000000000000000000000000005544444444444433333033000000000000000000000000000000000000000000000000000000000000000020222222
00000000000000000000000000000000000000000000000000000000000000000000000000000000000000000000000000000000055544444444444433333022000000000000000000000000000000000000000000000000000000000000000000222222
00000000000000000000000000000000000000000000000000000000000000000000000000000000000000000000000000000000555554444444444333332222000000000000000000000000000000000000000000000000000000000000000002022222
00000000000000000000000000000000000000000000000000000000000000000000000000000000000000000000000000000005555554444444444333333332000000000000000000000000000000000000000000000000000000000000000000002222
00000000000000000000000000000000000000000000000000000000000000000000000000000000000000000000000000000055555554444444443333333333000000000000000000000000000000000000000000000000000000000000000020002202
00000000000000000000000000000000000000000000000000000000000000000000000000000000000000000000000000000555555554444444433333333300000000000000000000000000000000000000000000000000000000000000000000000000
00000000000000000000000000000000000000000000000000000000000000000000000000000000000000000000000000005555555544444443333333333330000000000000000000000000000000000000000000000000000000000000000000000000
00000000000000000000000000000000000000000000000000000000000000000000000000000000000000000000000000005555555554444444433333333332000000000000000000000000000000000000000000000000000000000000000000000000
00000000000000000000000000000000000000000000000000000000000000000000000000000000000000000000442000555555555554444444443333333333332000000000000000000000000000000000000000000000000000000000000000000000
00000000000000000000000000000000000000000000000000000000000000000000000000000000000000000004442005555555555554444444444333333333333330000000000000000000000000000000000000000000000000000000000000000000
00000000000000000000000000000000000000000000000000000000000000000000000000000000000000000444445055555555555555444444444333333333333333000000000000000000000000000000000000000000000000000000000000000000
00000000000000000000000000000000000000000000000000000000000000000000000000000000000000244444444455555555555555444444444433333333333333300000000000000000000000000000000000000000000000000000000000000000
00000000000000000000000000000000000000000000000000000000000000000000000000000000000004434444444445555555555554444444444433333333333333330000000000000000000000000000000000000000000000000000000000000000
00000000000000000000000000000000000000000000000000000000000000000000000000000000004444444444444444444555555544444444444433333333333333332000000000000000000000000000000000000000000000000000000000000000
00000000000000000000000000000000000000000000000000000000000000000000000000000005444444444444444444444445555444444444444443333333333333332000000000000000000000000000000000000000000000000000000000000000
00000000000000000000000000000000000000000000000000000000000000000000000000000555444444444444444444444444444444444444444443333333333333333000000000000000000000000000000000000000000000000000000000000000
00000000000000000000000000000000000000000000000000000000000000000000000000555555444444443344444444444444444444444444444443333333333333333000000000000000000000000000000000000000000000000000000000000000
00000000000000000000000000000000000000000000000000000000000000000000000055555555544444444444444444444444444444444444444443333333333333333300000000000000000000000000000000000000000000000000000000000000
00000000000000000000000000000000000000000000000000000000000000000000005555555555444444444444444444444444444444444444444433333333333333333300000000000000000000000000000000000000000000000000000000000000
00000000000000000000000000000000000000000000000000000000000000000000055555444554444444433333444444444444444444444444444433333333333333333300000000000000000000000000000000000000000000000000000000000000
00000000000000000000000000000000000000000000000000000000000000000005555554444444444444443334444444444444444444444444444433333333333333333300000000000000000000000000000000000000000000000000000000000000
00000000000000000000000000000000000000000000000000000000000000044555555554444444444444444344444444334444444444444444444333333333333333333300000000000000000000000000000000000000000000000000000000000000
00000000000000000000000000000000000000000000000000000000000004444455555444433344444444333444444433333444444444444444444333333333333333333330000000000000000000000000000000000000000000000000000000000000
00000000000000000000000000000000000000000000000000000000000044444444544444433344444333333333333333333344444444444444443333333333333333333330000000000000000000000000000000000000000000000000000000000000
00000000000000000000000000000000000000000000000000000000002244444444444444333333333333333333333333333334444444444444433333333333333333333330000000000000000000000000000000000000000000000000000000000000
00000000000000000000000000000000000000000000000000000000003334444444444444433333333333333333333333333333334444444433333333333333333333333330000000000000000000000000000000000000000000000000000000000000
00000000330000000000000000000000000000000000000000000000333334444444444444443333333333333333333333333333333333333333333333333333333333333330000000000000000000000000000000000000000000000000000000000000
00000003333300000000000000000000000000000000000000002443333334444444444344443333333333333333333333333333333333333333333333333333333333333330000000000000000000000000000000000000000000000000000000000000
00000033333300000000000000000000000000000000000000554444333333344444444444433333333333333333333333333333333333333333333333333333333333333300000000000000000000000000000000000000000000000000000000000000
00000033333333000000000000000000000000000000005555554444333333434444444444433333333333333333333333333333333333333333333333333333333333333300000000000000000000000000000000000000000000000000000000000000
00000333333333300000000000000000000000005555555555544443333333333344344444333333333333333333333333333333333333333333333333333333333333333300000000000000000000000000000000000000000000000000000000000000
33330333334433320000000000000005555555555555555555544443333333333334444443333333333333333333333333333333333333333333333333333333333333333300000000000000000000000000000000000000000000000000000000000000
33300333444444330000000000000055555555555555555555444443333333333333444433333333333333333333333333333333333333333333333333333333333333333300000000000000000000000000000000000000000000000000000000000000
33333344444444430000000000000555555555555555555554444333333333333333444333333333333333333333333333333333333333333333333333333333333333333000000000000000000000000000000000000000000000000000000000000000
44433444444444440000000000000055555555555555555544444333333333333333333333333333333333333333333303333333333333333333333333333333333333333000000000000000000000000000000000000000000000000000000000000000
44443444444444444000000000000055555555555555555444444333333333333333333333333333333333333333333202333333333333333333333333333333333333332000000000000000000000000000000000000000000000000000000000000000
44444444444444444400000000000000555555555555555444433333333333333333333333333333333333333333300000033333333333333333333333333333333333300000000000000000000000000000000000000000000000000000000002200222
55544455555444444432200000000000055555555555554444333333333333333333333333333333333333333300000000003333333333333333333333333333333333300000000000000000000000000000000000000000000000000000000000002222
55555555555544444443300000000000005555554444444444333333333333333333333333333333333333222000000000002333333333333333333333333333333333200000000000000000000000000000000000000000000000000000000000002222
55555555555544444433330000000000455544444444444443333333333333333333333333333000000000000000000000000003333333333333333333333333333330000000000000000000000000000000000000000000000000000000000000022222
55555555555444444333333322000234444444444444444443333333333333333333333333333000000000000000000000000000333333333333333333333333333000000000000000000000000000000000000000000000000000000000000000000000
55555555555444444333333333303333444444444444444433333333333333333333333333332000000000000000000000000000023333333333333333333333332000000000000000000000000000000000000000000000000000000000000000000000
55554455544444443333333333003333344444444444433333333333333333333333333333330000000000000000000000000000000033333333333333333333000000000000000000000000000000000000000000000000000000000000000002222220
44444444444444443333333330003333333333444444333333333333333333333333333333300000000000000000000000000000000000033333333333330000000000000000000000000000000000000000000000000000000000000000000022220000
44443344444444443333333330033333333333333333333333333333333333333333333333000000000000000000000000000000000000000222222222220000000000000000000000000000000000000000000000000000000000000000000222220000
44433333344444433333333320233333333333333333333333333333333333333333333330000000000000000000000000000000000000000000000000000000000000000000000000000000000000000000000000000000000000000002200222200000
44333033334444333333333000233333333333333333333333333333333333333333333300000000000000000000000000000000000000000000000000000000000000000000000000000000000000000000000000000000000000000000222222200000
43330033333333333333330000223333333333333333333333333333333333333333333000000000000000000000000000000000000000000000000000000000000000000000000000000000000000000000000000000000000000000002222222000000
33300032233333333333320002223333333333333333333333333333333333333333330000000000000000000000000000000000000000000000000000000000000000000000000000000000000000000000000000000000000000000002222222000000
33300000033333320330033002222233332233333333333333333333333333333333000000000000000000000000000000000000000000000000000000000000000000000000000000000000000000000000000000000000000000000000222222200000
30000000003333333320333222222222222223333333333333333333333333333300000000000000000000000000000000000000000000000000000000000000000000000000000000000000000000000000000000000000000022222200020000000000
00000000000002333330033322222222222222233333333333332322223232232200000000000000000000000000000000000000000000000000000000000000000000000000000000000000000000000000000000000000000022222200220000000000
00000000000000003332203333222222222222222233332222222222222200000000000000000000000000000000000000000000000000000000000000000000000000000000000000000000000000000000000000000000000222202222202200000000
00000000000000000300002333322222222222222222222222222222222200000000000000000000000000000000000000000000000000000000000000000000000000000000000000000000000000000000000000000000000222002222000000000000
00000000000000000000002223332222222222222222222222222222222200000000000000000000000000000000000000000000000000000000000000000000000000000000000000000000000000000000000000000000000222222222200000000000
00000000000000000000022222222222222222222222222222222222220000000000000000000000000000000000000000000000000000000000000000000000000000000000000000000000000000000000000000000000000222222220000000000000
00000000000000000000002222222222222222222222222222222222000000000000000000000000000000000000000000000000000000000000000000000000000000000000000000000000000000000000000000000000022222222222200000000000
00000000000000000000000222222222222222222222222222222220000000000000000000000000000000000000000000000000000000000000000000000000000000000000000000000000000000000000000000000000022222222222200000000000
00000000000000000000000000222222222222222222222222220000000000000000000000000000000000000000000000000000000000000000000000000000000000000000000000000000000000000000000000000022222222222222200220000000
00000000000000000000000000000222222222200022222200000000000000000000000000000000000000000000000000000000000000000000000000000000000000000000000000000000000000000000000000000222222222222222222220000000
00000000000000000000000000000020000000000000000000000000000000000000000000000000000000000000000000000000000000000000000000000000000000000000000000000000000000000000000000000222222222222222222220000000
00000000000000000000000000000000000000000000000000000000000000000000000000000000000000000000000000000000000000000000000000000000000000000000000000000000000000000000000000000020002222222222022200000000
00000000000000000000000000000000000000000000000000000000000000000000000000000000000000000000000000000000000000000000000000000000000000000000000000000000000000000000000000000020222222222220222200000000
00000000000000000000000000000000000000000000000000000000000000000000000000000000000000000000000000000000000000000000000000000000000000000000000000000000000000000000000000000022222222222222222200000000
00000000000000000000000000000000000000000000000000000000000000000000000000000000000000000000000000000000000000000000000000000000000000000000000000000000000000000000000000000002222202222222222200000000
00000000000000000000000000000000000000000000000000000000000000000000000000000000000000000000000000000000000000000000000000000000000000000000000000000000000000000000000000000000222200222222220000000000
00000000000000000000000000000000000000000000000000000000000000000000000000000000000000000000000000000000000000000000000000000000000000000000000000000000000000000000000000000000022202222222200000000000
00000000000000000000000000000000000000000000000000000000000000000000000000000000000000000000000000000000000000000000000000000000000000000000000000000000000000000000000000000000022200222222200000000000
00000000000000000000000000000000000000000000000000000000000000000000000000000000000000000000000000000000000000000000000000000000000000000000000000000000000000000000000000000000000000000000000000000000
00000000000000000000000000000000000000000000000000000000000000000000000000000000000000000000000000000000000000000000000000000000000000000000000000000000000000000000000000000000000000000000000000000000
00000000000000000000000000000000000000000000000000000000000000000000000000000000000000000000000000000000000000000000000000000000000000000000000000000000000000000000000000000000000000000000000000000000
00000000000000000000000000000000000000000000000000000000000000000000000000000000000000000000000000000000000000000000000000000000000000000000000000000000000000000000000002222000000000000000000000000000
00000000000000000000000000000000000000000000000000000000000000000000000000000000000000000000000000000000000000000000000000000000000000000000000000000000000000000000000022220000000000000000000000000000
00000000000000000000000000000000000000000000000000000000000000000000000000000000000000000000000000000000000000000000000000000000000000000000000000000000000000000000000022220000000000000000000000000000
00000000000000000000000000000000000000000000000000000000000000000000000000000000000000000000000000000000000000000000000000000000000000000000000000000000000000000000002222220200000000000000000000000000
00000000000000000000000000000000000000000000000000000000000000000000000000000000000000000000000000000000000000000000000000000000000000000000000000000000000000000000222222222000000000000000000000000000
00000000000000000000000000000000000000000000000000000000000000000000000000000000000000000000000000000000000000000000000000000000000000000000000000000000000000000000022222222000000000000000000000000000
00000000000000000000000000000000000000000000000000000000000000000000000000000000000000000000000000000000000000000000000000000000000000000000000000000000000000000000002222222000000000000000000000000000
00000000000000000000000000000000000000000000000000000000000000000000000000000000000000000000000000000000000000000000000000000000000000000000000000000000000000000000022222000000000000000000000000000000
00000000000000000000000000000000000000000000000000000000000000000000000000000000000000000000000000000000000000000000000000000000000000000000000000000000000000000000002222000000000000000000000000000000
00000000000000000000000000000000000000000000000000000000000000000000000000000000000000000000000000000000000000000000000000000000000000000000000000000000000000000000002220000000000000000000000000000000
00000000000000000000000000000000000000000000000000000000000000000000000000000000000000000000000000000000000000000000000000000000000000000000000000000000000000000000000000000000000000000000000000000000
00000000000000000000000000000000000000000000000000000000000000000000000000000000000000000000000000000000000000000000000000000000000000000000000000000000000000000000000000000000000000000000000000000000
00000000000000000000000000000000000000000000000000000000000000000000000000000000000000000000000000000000000000000000000000000000000000000000000000000000000000000000000000000000000000000000000000000000
00000000000000000000000000000000000000000000000000000000000000000000000000000000000000000000000000000000000000000000000000000000000000000000000000000000000000000000000000000000000000000000000000000000
00000000000000000000000000000000000000000000000000000000000000000000000000000000000000000000000000000000000000000000000000000000000000000000000000000000000000000000000000000000000000000000000000000000
00000000000000000000000000000000000000000000000000000000000000000000000000000000000000000000000000000000000000000000000000000000000000000000000000000000000000000000000000000000000000000000000000000000
00000000000000000000000000000000000000000000000000000000000000000000000000000000000000000000000000000000000000000000000000000000000000000000000000000000000000000000000000000000000000000000000000000000
00000000000000000000000000000000000000000000000000000000000000000000000000000000000000000000000000000000000000000000000000000000000000000000000000000000000000000000000000000000000000000000000000000000
00000000000000000000000000000000000000000000000000000000000000000000000000000000000000000000000000000000000000000000000000000000000000000000000000000000000000000000000000000000000000000000000000000000
00000000000000000000000000000000000000000000000000000000000000000000000000000000000000000000000000000000000000000000000000000000000000000000000000000000000000000000000000000000000000000000000000000000
00000000000000000000000000000000000000000000000000000000000000000000000000000000000000000000000000000000000000000000000000000000000000000000000000000000000000000000000000000000000000000000000000000000
00000000000000000000000000000000000000000000000000000000000000000000000000000000000000000000000000000000000000000000000000000000000000000000000000000000000000000000000000000000000000000000000000000000
00000000000000000000000000000000000000000000000000000000000000000000000000000000000000000000000000000000000000000000000000000000000000000000000000000000000000000000000000000000000000000000000000000000
00000000000000000000000000000000000000000000000000000000000000000000000000000000000000000000000000000000000000000000000000000000000000000000000000000000000000000000000000000000000000000000000000000000
00000000000000000000000000000000000000000000000000000000000000000000000000000000000000000000000000000000000000000000000000000000000000000000000000000000000000000000000000000000000000000000000000000000
00000000000000000000000000000000000000000000000000000000000000000000000000000000000000000000000000000000000000000000000000000000000000000000000000000000000000000000000000000000000000000000000000000000
00000000000000000000000000000000000000000000000000000000000000000000000000000000000000000000000000000000000000000000000000000000000000000000000000000000000000000000000000000000000000000000000000000000
00000000000000000000000000000000000000000000000000000000000000000000000000000000000000000000000000000000000000000000000000000000000000000000000000000000000000000000000000000000000000000000000000000000
00000000000000000000000000000000000000000000000000000000000000000000000000000000000000000000000000000000000000000000000000000000000000000000000000000000000000000000000000000000000000000000000000000000
00000000000000000000000000000000000000000000000000000000000000000000000000000000000000000000000000000000000000000000000000000000000000000000000000000000000000000000000000000000000000000000000000000000
00000000000000000000000000000000000000000000000000000000000000000000000000000000000000000000000000000000000000000000000000000000000000000000000000000000000000000000000000000000000000000000000000000000
00000000000000000000000000000000000000000000000000000000000000000000000000000000000000000000000000000000000000000000000000000000000000000000000000000000000000000000000000000000000000000000000000000000
00000000000000000000000000000000000000000000000000000000000000000000000000000000000000000000000000000000000000000000000000000000000000000000000000000000000000000000000000000000000000000000000000000000
00000000000000000000000000000000000000000000000000000000000000000000000000000000000000000000000000000000000000000000000000000000000000000000000000000000000000000000000000000000000000000000000000000000
00000000000000000000000000000000000000000000000000000000000000000000000000000000000000000000000000000000000000000000000000000000000000000000000000000000000000000000000000000000000000000000000000000000
00000000000000000000000000000000000000000000000000000000000000000000000000000000000000000000000220000000000000000000000000000000000000000000000000000000000000000000000000000000000000000000000000000000
00000000000000000000000000000000000000000000000000000000000000000000000000000000000000000000000222200000000000000000000000000000000000000000000000000000000000000000000000000000002222000000000000000000
00000000000000000000000000000000000000000000000000000000000000000000000000000000000000000000000222220000000000000000000000000000000000000000000000000000000000000000000000000000222222200000000000000000
00000000000000000000000000000000000000000000000000000000000000000000000000000000000000000000000222220000000000000000000000000000000000000000000000000000000000000000000000000000222222200000000000000000
00000000000000000000000000000000000000000000000000000000000000000000000000000000000000000000000222222200000000000000000000000000000000000000000000000000000000000000000000000000000022000000000000000000
00000000000000000000000000000000000000000000000000000000000000000000000000000000000000000000000222222200000000000000000000000000000000000000000000000000000000000000000000000000000000000000000000000000
00000000000000000000000000000000000000000000000000000000000000000000000000000000000000000000000022222200000000000000000000000000000000000000000000000000000000000000000000000000000000000000000000000000
00000000000000000000000000000000000000000000000000000000000000000000000000000000000222000000000002222220000000000000000000000000000000000000000000000000000000000000000000000000000000000000000000000000
00000000000000000000000000000000000000000000000000000000000000000000000000000000000000022000000220000000000000000000000000000000000000000000000000000000000000000000000000000000000000000000000000000000
00000000000000000000000000000000000000000000000000000000000000000000000000000000000002222000000222022000000000000000000000000000000000000000000000000000000000000000000000000000000000000000000000000000
00000000000000000000000000000000000000000000000000000000000000000000000000000000000022222000002222222200000000000000000000000000000000000000000000000000000000000000000000000000000000000000000000000000
00000000000000000000000000000000000000000000000000000000000000000000000000000000000000222220222222222222200022000000000000000000000000000000000000000000000000000000000000000000000000000000000000000000
00000000000000000000000000000000000000000000000000000000000000000000000000000000000000222222222222222222202222000000000000000000000000000000000000000000000000000000000000000000000000000000000000000000
00000000000000000000000000000000000000000000000000000000000000000000000000000000000000222222222222222222202200000000000000000000000000000000000000000000000000000000000000000000000000000000000000000000
00000000000000000000000000000000000000000000000000000000000000000000000000000000000000022222222222222222002222220000000000000000000000000000000000000000000000000000000000000000000000000000000000000000
00000000000000000000000000000000000000000000000000000000000000000000000000000000000000222222222222222222202220000000000000000000000000000000000000000000000000000000000000000000000000000000000000000000
00000000000000000000000000000000000000000000000000000000000000000000000000000000000000022222222222222222202220000000000000000000000000000000000000000000000000000000000000000000000000000000000000000000
00000000000000000000000000000000000000000000000000000000000000000000000000000000000000200222222222222220000000000000000000000000000000000000000000000000000000000000000000000000000000000000000222220000
00000000000000000000000000000000000000000000000000000000000000000000000000000000000000000222222222222220000000000000000000000000000000000000000000000000000000000000000000000000000000000002222222220000
00000000000000000000000000000000000000000000000000000000000000000000000000000000000000000222222002222220000000000000000000000000000000000000200000000000000000000000000000000000000000000022222222220000
00000000000000000000000000000000000000000000000000000000000000000000000000000000000000000022222000000000000000000000000000000000000000022022222222000000000000000000000000000000000000002222222222220022
00000000000000000000000000000000000000000000000000000000000000000000000000000000000000000222200000000000000000000000000000000000000000000002222222222200000000000000000000000000000000000022222222200002
00000000000000000000000000000000000000000000000000000000000000000000000000000000000000002222200000000000000000000000000000000000000000002002222222222200000000000000000000000000000000000022222222200000
00000000000000000000000000000000000000000000000000000000000000000000000000000000000000022222000000000000000000000000000000000000000000022022222220022000000000000000000000000000000000000022222222000000
00000000000000000000000000000000000000000000000000000000000000000000000000000000000000022022000000000000000000000000000000000000000000022020222000000000000000000000000000000000000000000000022200020000
00000000000000000000000000000000000000000000000000000000000000000000000000000000000000022022000000000000000000000000000000000000000000022000020000000000000000000000000000000000000000000000022220020000
00000000000000000000000000000000000000000000000000000000000000000000000000000000000000000200000000000000000000000000000000000000000022000000000000000000000000000000000000000000000000000000022220000000
00000000000000000000000000000000000000000000000000000000000000000000000000000000000000000000000000000000000000000000000000000000000000000000000000000000000000000000000000000000000000000000000022220000
00000000000000000000000000000000000000000000000000000000000000000000000000000000000000000000000000000000000000000000000000000000000000000000000000000000000000000000000000000000000000000000002022220000
00000000000000000000000000000000000000000000000000000000000000000000000000000000000000000000000000000000000000000000000000000000000000000000000000000000000000000000000000000000000000000000000022220000
00000000000000000000000000000000000000000000000000000000000000000000000000220020200000000000000000000000000000000000000000000000000000000000000000000000000000000000000000000000000000000000000022200000
00000000000000000000000000000000000000000000000000000000000000000000000000222222000000000000000000000000000000000000000000000000000000000000000000000000000000000000000000000000000000000000000000000000
00000000000000000000000000000000000000000000000000000000000000000000000000222222000000000000000000000000000000000000000000000000000000000000000000000000000000000000000000000000000000000000000000000000
00000000000000000000000000000000000000000000000000000000000000000000000000222220000000000000000000000000000000000000000000000000000000000000000000000000000000000000000000000000000000000000000000000000
00000000000000000000000000000000000000000000000000000000000000000000000000222220000000000000000000000000000000000000000000000000000000000000000000000000000000000000000000000000000000000000000000000000
00000000000000000000000000000000000000000000000000000000000000000000000000222220000000000000000000000000000000000000000000000000000000000000000000000000000000000000000000000000000000000000000000000000
00000000000000000000000000000000000000000000000000000000000000000000000000222222200002200000000000000000000000000000000000000000000000000000000000000000000000000000000000000000000000000000000000000000
00000000000000000000000000000000000000000000000000000000000000000020000222222222200022200000000000000000000000000000000000000000000000000000000000000000000000000000000000000000000000000000000000000000
00000000000000000000000000000000000000000000000000000000000000000022222222222222200022200000000000000000000000000000000000000000000000000000000000000000000000000000000000000000000000000000000000000000
00000000000000000000000000000000000000000000000000000000000000000022222222222222222222222200000000000000000000000000000000000000000000000000000000000000000000000000000000000000000000000000000000000000
00000000000000000000000000000000000000000000000000000000000000000002222222222222222222222200000000000000000000000000000000000000000000000000000000000000000000000000000000000000000000000000000000000000
00000000000000000000000000000000000000000000000000000000000000000000222222222222222222222200000000000000000000000000000000000000000000000000000000000000000000000000000000000000000000000000000000000000
00000000000000000000000000000000000000000000000000000000000000000000222000222222222222222000000000000000000000000000000000000000000000000000000000000000000000000000000000000000000000000000000000000000
00000000000000000000000000000000000000000000000000000000000000000000022002222222222222220000000000000000000000000000000000000000000000000000000000000000000000000000000000000000000000000000000000000000
00000000000000000000000000000000000000000000000000000000000000000000220222222222222222220000000000000000000000000000000000000000000000000000000000000000000000000000000000000000000000000000000000000000
00000000000000000000000000000000000000000000000000000000000000000000000222222222222222200000000000000000000000000000000000000000000000000000000000000000000000000000000000000000000000000000000000000000
00000000000000000000000000000000000000000000000000000000000000000000000000000022200200000000000000000000000000000000000000000000000000000000000000000000000000000000000000000000000000000000000000000000
00000000000000000000000000000000000000000000000000000000000000000000000000000000000022000000000000000000000000000000000000000000000000000000000000000000000000000000000000000000000000000000000000000000
00000000000000000000000000000000000000000000000000000000000000000000000000000000000022000000000000000000000000000000000000000000000000000000000000000000000000000000000000000000000000000000000000000000
00000000000000000000000000000000000000000000000000000000000000000000000000000000000000000000000000000000000000000000000000000000000000000000000000000000000000000000000000000000000000000000000000000000
00000000000000000000000000000000000000000000000000000000000000000000000000000000000000000000000000000000000000000000000000000000000000000000000000000000000000000000000000000000000000000000000000000000
00000000000000000000000000000000000000000000000000000000000000000000000000000000000000000000000000000000000000000000000000000000000000000000000000000000000000000000000000000000000000000000000000000000
00000000000000000000000000000000000000000000000000000000000000000000000000000000000000000000000000000000000000000000000000000000000000000000000000000000000000000000000000000000000000000000000000000000
00000000000000000000000000000000000000000000000000000000000000000000000000000000000000000000000000000000000000000000000000000000000000000000000000000000000000000002000000000000000000000000000000000000
00000000000000000000000000000000000000000000000000000000000000000000000000000000000000000000000000000000000000000000000000000000000000000000000000000000000000000002000000000000000000000000000000000000
00000000000000000000000000000000000000000000000000000000000000000000000000000000000000000000000000000000000000000000000000000000000000000000000000000000000000000000000000000000000000000000000000000000
00000000000000000000000000000000000000000000000000000020000000000000000000000000000000000000000000000000000000000000000000000000000000000000000000000000000000000000000000000000000000000000000000000000
00000000000000000000000000000000000000000000000000000020000000000000000000000000000000000000000000000000000000000000000000000000000000000000000000000000000000000000000000000000000000000000000000000000