00200002222222222202222222002000020000000002202222220222220222222222322033444434322222200330303222222222222220022222222022000000022222222220000000000000002222233234423022020000022222222222220020000222
00000002222222222002222202022000000200000000202222222222002222222222203443044444442222223300000422222222200000022222220220000000000222223223330000000000002220232244022022020000022222222222222022000000
00000002222220022220222200000022000222222222222222222002222222222222022223333432343200234434002242222222200023322222222000000000002222000022220000000000022222002223343203002020022222222222000002332030
00000002222220022220020002002020002333222222222222222222220222222222222222222222223233444434432244332332202223032332220300000330222222000002220000000000022220023200034033030333003222222222000002033222
00000022222022222002202000002202223223322222222222222222222222222220000222222222200022344433444442233222222333322333332333333333332200044000000000000000000222222000000004443034444222243233200000032222
00000022002000222222202002200022222222322222222222222222020222200220002222222222220000000343222222222433333323323333333330333333334033044300000000000000000222220002333443344444444344224333203220030222
00000022202002222202222002000220222222222222222222222220220000000222002222222222200030333032222222222222233322322333333333333333334334444443300000000000000022220002034333444434444434443232000020030300
22000222222000202220002002000220002222222222222222222202220002202222222222222222202222230032222222222222200002222333333303333033422030433433330000000000000020022000000000044433433323444443333333330330
22000222222002000220000222000200002222222222222222222200222000220222222222222222222000202242222222222222222222222202222000000002322303403333430300200000000220222200000000034304402332444444000003330330
22002220000000000022200002220220000220020222222200022200222200222222222222222222222222222423222220222222222222222222222222200002332223333303333332220000000000000000000000044444442334342202222222033020
22222220000000022222200002200222000000022002200022220022222222220222222222222222222222222333222200002002222222222222222222200002222222220223033322222200000200000000000000000334434330332222222222220220
22222200000000022000000022200020022222222222222022222222222222022222222222222222222222220200200222022022002222222222222222222222222202222222222222222222222222000000000000000003344443223443222222222222
22222220000000022200022220220022022222222222220022222222222222222220222222222222222200202223332222222222222222222022000022222222222202222222222222222222222222220000000033333334344444432224322222222222
22222222222220002220222002000002222222222222220022202222222222220200222222222222222223323233422222222222222222222002000000000022200202222222222222222222222222222200000033333344344454444432222222222222
22222222222222202222222222000002222222220200022022202220202222002200020222222222222223433343222222222222222220222000000000000000002202222222022222222222222222222222000033330043444455444444322222222222
22222222222222200022222202000000000002200000200222202000020222222022222202222222222222433332222220222222220222222200022020000000000000000002202002222200222222222222200003030003344455444544444422222222
22222222220002000022222220000000000022200000000022202222002220200000220002222222222202433233322222222222022222222220022000000400000000000000000000002222222222222222220000333303355555555554444322222222
22222222200000000002222202000000000222200000000000222220222022200002220000022222222222222344433222222222222222222222222000003300000000000202220000222222222200200022200000333333445555555554444433232322
22222222222220000022222220000000000000000000000000220222000000000022222000022222222222223444442222222222222222222222222000003000000000002222222222222222222222200000022002333334345555555555444443322322
02222222222220200000222000000000000000000000220000002020222002202022202000222222223223323222322222220000222222222220000002033000000000022222222222222222222220000000000000233034444555555555443443343323
00222222202222222220002200000000000000000000000002020000002000020002222200222222222222222222222222222000002222222220020003003000000000000022222222222222220022220000000000022333445555454444443443433233
00222222222222222220002002000002222000000000000022220000220000002002222222222222223222222222222222222000022222222220220033220200000000000022222202222222220022222000000000023332344554344444443434433233
00222222200022222220000200000000222000000000000222000002220000022020222222222222222222232222222223222200022222222220003233320200000000000022222222222222222222222200000000222333334344344344443443333230
20222222222002222200000200000000222000000000002222000020220000020222002222222222222322220322233332222220002222222222203333332200000000002222222222222222222222222200000022222333034433333443443333333330
00002222222022220000000000000002222222222000022222020020220000220000002220222222222222223222234023322222022202222223333333332023000000002222222222222222222222220000000022222233334343332333343333433333
22002022220000200022000000000002222222222000022222002002020002020222002222222222222232233200422222222022222222222223333033303000330033302222222222222222222220220000000000002223303440000300003333332303
00002222222020202022200000000000222222222220022222000220222202220222222022222222222222222202022222222222200222200000300303330300000033330222222222222222222222020000000000222223233430030300000233232302
02002222222020222200002000000000022222222230222220000020020020220222222222222222222222222022022222222222222222222000033003300000033300000022222222222222000200000000000002222222333400003300000223222223
00000220202200000000222200000000002222222220022200000220000022220200222222222222222022222000002222222222022222220022223203330000000000030222222222220000000000000000000000222222203430000000000222222222
00002022202200000002000000000020000222222232222200000220200020200000002222222222222222222000002222220000222222222222222300330303000000032222222222222200002000000000000000200222200000000000000022232222
22000000000222220000002000000000200022222223322200002220220000000020002222222222222222222000022222222002222222222222202320030300000000332222222222222200222000000000000000002222200000000000000002222222
22000000000000002220000000000000000002232223220200002200022000002002222222222222222222222200022222222002222222222222000330330033030000222222222222222222222200000000000000002222200000000000000002222222
00000020000000000020000002000000002222222222220000020000000000222002022020222222222222222222222222220000022222022222000003003300000000002222222202222222022000000000000000000222200000000000000000222222
00000020000000202000000000202000000222222222222000022200000002002000022020222222222222222222222222220000020200202222200033303000033000302222222200022222222000000000000000000222200000000000000000022222
23000000222220202022200000002002200000022303222220000000000020022002022220202222222222222222222222220000030302222000003033333303000300000222202222020202022200000000000000000022200000000000000000000222
33300000222200022020200002020002222222222002322222020000000200202222002222020200222222202222222222222000000020020002003030300000003330003222222222200020002200000000000000000022200000000000000000000000
43030000422222022220020000022200202222222002222200022200001222202222022222000000222222200002222222222200000000000000000000000000000003000202222222220220002202000000000000000022200000000000000000002000
34333000422002202222200020002202200000222220232022222200000102210000022022000200000222000220022222222222000000000000000000000000000000000020220222222222000200000000220000002220200000000000000000000000
04433300332220222222220000000222200002222222222222222221011011120002212222000002000222000220002002222222200000000000000000030300000000000020222220022222222000000000220000002220000000000000000000000000
33343302432220220222222222200020020222222222222222221122122200022221222200020000000020022222002200022222200000000000000000003222202000002022222222220222200200000022220002000000000000000000000000000000
33344330433220222222222222200022022222222222223222221211111200221022222222020000002200022222002202220022200000000002222022000002200000002020222222202222222222000000220022000000000000000000000000000000
33343333434222200222222222220022222222222222222222122211111122220022222202222222200200222202200002222000033000000002200000002222202000000200000002222222222222220000000000000000000000000000000000000000
33344433442222022222222222222022222222222222222222122121122112220002222202222222220222222002200002220000033300000000000000000002002220000200000000002002222222220000000000000000000000000000000000000000
33333443332222222222222222222002222222222222222222122112222222222032222323222222220222222222220000020000223000000000000000000000002220000020000222200022200222000000002020222000000000000000000000003300
33344434333222222222222222222022222202222222222222222220111122221330022333322232220222222222222000020222000000000000000000000200002200000020000222222222202222000000000022222000000000000000000000020000
33444333233422222222222222222222222222222222222222222222212112233223233333333322220222222222222200000220200000000000000000000222000202000000000022222222222222000000000022220000000000000000000300002200
33443333333222222222222222222222222222222222222222222222221122133333333333333331222222222222222222220220000000000000000000000222002022000000000022222222222222000000000222220000000000300000000000000200
34343333332222222222222222222222222222222222222222222222222213333333333333333332222222222222222222222020020002200002000000000222202022000000000002222222222222220002222222222000000003200000000000000200
44434443433202222222222222222222222222222222222222222222222123333334444333333332121222222222222222222000222022202202000000000022000220220000000000002222222222200002220200202000000000000000000002000000
44444443333322222222222222222222222202222222222222222222222212133344445555433333222222222222222222222002222202222222000000020000000022000000000222000022222222220002200022022000000003300000000020200020
44444444343223442222222222222222222202222222222222222221221221233344555555444332322222222222222222222002222222022220000222020000000002020000000000000022222022220002000200000000000000300300000220200000
44445444333333344322222222222222200032222222222222222222222222233344555555544322221222222222222222222002222222022222202220020000000000022202000000000022220022222200000200000000000000003000000222200000
44555444433333333333222222222222222033222222222222222222222222333344555555544333333222122222222222222202222222022222220222220000000000222022000000000222222222222000000000000000000000000000022222220000
45555444343333333333332222222222222230322232222222222222222222233345555555544333333322222222222222222200222222222222222220000000000000000000000000000200222222022000000000000000000000000000002222220002
45555444344333333333343322222222222232222222222222222222222222233345555555443333111222122202220222222222222222022222222220000000000000000020000000000000022002222200000000202000000000000000002222200002
45555444443333333333333432222222222223322222223222222222222222333344555555543333111122122220222222222222222222222222222220200000000000000000000200000020002222222000000000202000000000000000022220000000
55555544444332333333323333302223222223222222223222222222222222232333444555543332212212222203333333222222202222222222222220220000000200002000000000002000002222220000000000000000000002000000000220000000
55555554444333303333333333333322232222222232223222222222222222222334345555544432220022222333443443333222222222222222222220220000222222022000000202002000000222220000000000000000000000020000000000000000
55555544444333333223333333333333333222233323233222222222222222222233334555544332220222222344555544333222220022222222222222200222222222220000002222020000000002200000000000000000000000202000000200000000
55444444443333323222333333333333333323233323332332222222222222222333434444433332222222222335555554433332222022022222222222222222222222000222222222222200000000200000000000000000000000000002200000000000
44444443333333233322323333333333333333222332223332222222222022220233333433333222222022222345555544433332220002222222222220022222222222222222222222002020002000000000000000000000000000000000022000000000
54443333333233222220233323322333333322222222223322222222222222222333333333333322200000222344555444443333222000222222222222000022222222222200000000000000000000000000000000000000000000000000000000000000
44444333332332223222023002222333333222222322223322222222222222222233333333333330000200022233444444433433020002222200222222200002222222002200000000000000000000000000000000000000000000002202222222000000
44433333232222222220002222222233333222223332222222222222222222222223333333333333000000222223343433333330022002222000022222220000222200000000000000000000000000000002002222000000000000020022222200000000
44433333232222223323233322222222332333222222222222222222222220202202222333333333300002222222333333333332322222222000222222222000020000000000000000002200000000000002200000000000000000200000000000000000
44433322333223222220022222222222222223233222222222222222220222222000222023233333300022222222222233333233222220222222222222222000000000000000000000000000000000000000000000000000000000000000000000000000
54444433222322222222023222222222222223233322222222222222222200222020222222023303322022222222222222223222232022222222222222222000000000000000000002020000000000000000000000000000000000000000000000000000
54444433222222222222022222222222222222232333223222222222222220222222220222000020032222020020222222222222223220223222222222222220000020000000000000020000200200000200220222200000000000000000000000000000
54333432222222222220022222222222322222222223322222222002222222222022222222000020000222200000222222222222222220000322222222222220000000000000000000022200000020000000222222222000000000000000000000000000
43333342222222222220000222222222222223222222322300222222222222222222222222000000000002200000000222222222222222220000023233220220000000000000000000220200000002202222222222222000000000000000000000000000
53233332222222222220000223322230222223200202222222200220222222222222222222000000000000220000000002220222222222200000002222020220000022000000000000220200000020000222222222222220000000000000000000000000
44232222222222222222200222222222222222202000002022222222202220222222222220020000000000000000000220000222222222222000000000000000000222202200000000002000000000000002222222222222200000000000000000000000
44433322222222222220002223222322222222222200220022222222222220002222222000220000000000020000000000000220022222222000000000000000000002222222220000022020000000000002222222222222220000000000000000000000
43334222222222222222220222222222222222222222222222222222220022200022220000220000200000020000000002022020022222022000000000000000000000000000220000000000000000000200222222222222222000000000000000000000
34333222222222222222222222222222222222222222202220022222222220000022222000220200220000220000000002022222200000020000000000000000000000000000000000000000000022200002222222222222222000000000000000000000
34433322332222222222222222222220002222222222222222222022222222000000222222200222222222220001020000222222200000022220000000000000000000000000000000000000000200000000022222222202222200000000000000000000
34033333322222222222222222222002002222222222202220022022222222222002222222220020222222222022202222022222200000000000000000000000000000000000000000000000000000000000222222222002000000000000000000000000
34323032332222222222222222222202222222222222222222222222222222222202002200222220000022222121202222022220000000000002200000000002000000020000000000000000000000000000000000200002222000000000000000000000
44333333332202222222222222222202222222222222222220222222220202222222222202202222000020222200002222222000002200000000200000200002000000002202000000000000000000000000000000000022000000000000002000000000
44343033333020000202222222222222222222222222222222022022220000220022220022002222220000002002222222220002222222022222222200002222220000000000222000000000000000000000000000000000000000000000000000000000
44433333333320200222222222222222222222222222222222222222202202000222222222222222222220000002202222200022222200022222222200002222220000000000000200220000000000000000000000000000000000000000000220000000
44333333303300200022222222222222222222222222222222222220222022220220222222222222222220000000020222222000000200000222222200000222222000000000000000000000000000000000000000000000000000000000002000000000
44434443320222030002222222222222222222222222222222222222222222220200222222222222200002222001102020222222200000002222222200022222222200000000000000000000000000000000000000000000000000000000002000000222
44444443322222200022222222222222222222222222222222222222222222222200222202222222020000002000201200220222220000000222222200022222222200000000000200000000000000000000000000000000000000000000000000202222
44343444322222220202222222222222202222222222222222222222222220220222220220222222222000000000002001222222222000200222222222222222222220000000000000000000000000000000000000000000000200000000000022200220
44443444322222222200022222222222200222222222222222222222022222222222220220222222222200000000002220022222222222012222212222222222222200000000000000000000000000000000000000000000000000000000000022202220
44444444222222220202002222222222222022222222222222202220222222222222202222222222222222220220000022221222211022022221212222222220000000000000000000000000000200000000000000000000000000000000000002222222
44444344222222200220002222222222222222222222222222220222222222222222022222222222222222220222000022222122222000022202222222222220220200220000000000200000000000000000000000000000000000000000000020000222
44344444222222220220002222222222222222222222222222222222222222222222222222222222222222222222200000022222222110000002212022222222222222222000000000000000000000000000000000000000000000000000000000000020
44443344322222222222222222222222222222222222222222222202222222222222222222222222222222222222222200002022222211102000022222222222222220222000000000000000000000000000000000000000000000000000000000000020
44444444322222222222222222222222222222222222222222220222222222222222020222222222222222222222222000000022222221110002210222222222220000000200000000000000000000000000000000000000000000000000000000000202
44344434322222222222222222222222222222222222222222222222222222222222222220222222222222222222220000002221222122210202222222222222220000000220000000000000000000000000000000000000000000000000000000000000
44443324322222222222222222222222222222222222222222222222222222222222222200222222222222222222200202222222222210222122221202222222222022200020000000000000000000000000000000000000000000000000000000000002
44443233432222222222222222222222222222222222222222002222222222222222222202220022222222222222220202022222222221222222221102222222222202202222200000000000000000000000000000000000000000000000000000000000
44343333442232222222222222222222222222222222222222022222222222222220202220000022222222222222222022220222222202222222120002222222222222222022200000000000000000000000000000000000000000000000000000000000
34333323443432222222222222222222222222222222222222222222222222222222222222222200222222222222200220002022221222222222200122222222222222222222220000000000000000000000000000000000000000000000000000000000
34344332342332222222222222222222222222222222222222222220222200222222222222220002222222222222220002200022221220222222010012222222222222222222220000000000000000000000000000000000000000000000000000000000
33344333343222222222222222222222222222222222222222222202222222222222222222222022222222222222220002222002222000022222200002122222222222222220222200000000000000000000000000000000000000000000000000000000
03434333343222222222222222222222222222222222222222222200222002222202220022222222202222222222222222202221000000000022220000022222222222222220222200000000000000000000000000000000000000000000000000200000
00032233333222222222222222222222222222222222222222222222022002222222220022022200222022222222222222002202220002000222200000022222200222222222000000000000000000000000000000000000000000000000000000000000
23222222333222222222222222222222222220222222222222222222022222222222222222002200200002222002200220000022200202200022000100002220002222222222220000000000000000000000000000000000000000000000000000000000
22223233333222222222222222222222222020022222222222222222222222222222222220222202222020222220020000000022222202000000200000000002222222222200202000000000000000000000000000000000000000000020000000000000
22223332333422222222222222222222222000222222222222222222222222222222222220222000222200222020000000000002222200002222000000000000222002222222002000002000000000000000000000000000000000002000000020000000
32023333333422222002222222222222222222202222222222222222222220222222222222222220000222222200200002000002222202222202002200000000000002202220220000002000000000000000000000000000000000000000000002200000
33333333333322200022222222222222222220202222222222222222222222022222222222002220000222220222022002000002222220020222222220000000000002222220220000002000000000000000000000000000000000000000000202222000
33330333333322200222222222222222222220200222222222222202022022222222222222002202222222222000000000000000222220000022222220000000000000222222220000002000000000000000000000000000000000000000000022222200
32033333330322000222222222222222222222200222222222222220020022222022222222200222202200220002000000000220222222202002222200000000000000222222222000000000000000000000000000000000000000000000000002222000
33003333332232000200222222222222222222200202222222220222002222222220222222222222222222220022200000000220022222202002200002000000000000022222222000000000000000000000000000000000000000000000000002220000
32330033033322000020022222222222222222222222222222222022200022222220222222222222222222000220200000000000020002222020200000000000000000002222222000000000000000000000000000000000000000000000000000000000
22033333333320022202222222222222222222202222222222222222222222000222222222222222222222022222000000000000022222200020000000000200000000002220000000000000000000000000000000000000000000000000000000020000
23323233233220022022022222222222222220022222222222222222222222222222222222222222222222222020000000000000000220202200000000002000000000000200000000000000000000000000000000000000000000000020000000000000
22200303300303022222222222222222222220022222222222222222222222222222222222222222222222222222200000000000002220022222002000000000000000000000000000000000000000000000000000000000000000000222202000000000
00000020000303332222202222222222222222200222200022222222222222222222222222222222222222222222222000000200002000000222000000000000000000000000000000000000000000000000000000000000000000000222200000000002
00002200000300022222222222222222222222220222202022222222222222222222222222222222222222222002200000000000000020000020000200000000000000000000000000000000000000000000000000000000000000000200000000000002
00000002033300002222222220022222222220220222220000222222222222222222222202222222222222222222200002000002000000000220200000000000000000000000000000000000000000000000000000000000000000020000000000000000
00000000002033002222222000000222222002200002220000022222022222222222222202222222222222220222202000002022000200000000000000000000000000000000000000000000000000000000000000000000000000000000000000000000
00000000000023322222222000000222222222222022222000002222220022222222222202222222222222222222222220000202020200000002000000200002000000000002000000000000000000000000000000000000000000000000000000000022
00000000002022202002222200002222222222220002222000002020200022222222000020222222222222222222222220202222222000000000200000000000000000000022000000000000000000000000000000000000002000000000000000000222
00000000000002222222222000022002222222222200220000000000022022222020222220222222222222222222022222002222000000000000200000002002200000000022020000000000000000000000000000000000000000000000000000000002
00000000000020222222222000020000022222222202222000000000022222202222222220222222222222222220022222222222020200000000000000000202200000000000020000000000000000000000000000000000222000222000000000200002
00000000000022222222222222200220200222202220222200000000020222220000000002222222222222222000000222222220022200200000020000222220000000000000222222220000000000000000000000000000222200022220000000022220
20000000000002222222222222220222200222202222222222002000022222000020002222022220222220220000002022222222202222220000020002220220000000000002222222220000000000000000000000000000022200222222000000022220
22020000000002222222222222222222220000022002222220202000022220000000222222222222222222220000000002002222022220022000002222222220000000000022222222222220000000000000000000000000022220222222003300222222
22020000000002222222222222222222220000022002222222022000020220000002220020222200222222022000000222222222022222002000000022222200000000200002222222222220000000000000000000000002222220002222000000222222
22020200000002222222222222222222220000000000022222022020000000000022000000002222222222002000002222202222200002202200002002222220020000200002222222222222200000000000000000000002202223302220200000222222
22220000000022222222222222222222220200000000002220022022022002000022000000000222222222220000000202022222200002200220000202222222002000222000222222220022200000000000000000000002020020000022020200222222
02022220020222222222222222222222222220000000002220022000000000000000000000000222222222220000022002222222222002200222000022222222222200002200222222222222002200000000000000000002000000000202000222222202
20002220220000002222222222222222222000000000000002000002000000000000000000202222222222222222222222222222220202000200000020222222222200222200022222222222220000000000000000000200000000030000000002200000
20202202000000002022222222222222222000000000000000000022220200000000000000022202222000222222222222222222222222200000000002222222222200222220022222222222220000000000000000000020000000030300000002202002
00222220000000222222222222222222200000000000000000000002220202002000020022222220222222222222222222222222222222202202202002222222222200222222222222222222222200000000000000002002300000333230000222022202
00202220000000222222202222222222200000000000000000022022222002222222002022222222222222222222222222222222222220202220202000222222222200222222202222222222202200000000000000000200330023033000000222022222
00000020000000002220200202222222200200000000000000002020222000222222220002222222222222222222222222222222222222222222222220222222222200222222222222222222202200000000000000000200033302232440000220022222
00000222000000022220002002222222200000000000000000002220222000222222220222222222222222222222222222222222222222222222222002022222222200000222222222222222222220000000000000222200333300223343300000022222
00000222000000002002200200022222220000000000000000000202000222220222200222222222222222222222222222222222222222222222222222202220000220020022222222222222222200000000000002202020333022323433300002222222
00000222200002000002200000002220000000000000000000000000000022000202222222222222222222222222222222222222222222222222222222222200000020222222222200222022222200000000000000020223330000232030000002222022
00002222200000000000000000000000020000000000000000000000000002200222220222222222222222222222222222222222222222222222222222222222202222220222222000000222002000000000000002200303400340333200400232222222
00002220200000000000000000000000000000000000000000000000000022022220220000022222222222222222222222222222222222222222222222222222222222220022222000000202002200000000000000200223344403400333300223322222
22002222200000200000000000000000000000200000000000000000000220020200022000022222222222222222222222222222222222222222222222222222222222222222222200000000002200020000000000000033343344030033000032322222
22220022200000200000000000000000000000000000000000000000000000220222220202222222222222222222222222222222222222222222222222222202222222222222222200000000200200000000000000002233334434333000033043223322
22222222222002000200000000000000000000022200200000000000000000200222222222220002022222222222222222222222222222222222222222222222222222222222222200000200220022000220000000002233334333300030333333222222
22222222222000000000000000000000000000022200200000000000000000022220220220220002022222222222222222222222222222222222222222222222222222222222222200000200220022000000000000000223334443343343332222222222
20002222222000000000000000000000000000022000000000000000000000000220222020022000222222222222222222222222222222222222222222222222222222222222222200000022000022220000000203332233344444444444332322222222
00000222220020000000000000000000000220000000000000000000000000000222202022022000222222222222222000222222222222222222222222222222222222222222222000000022202200022000000000222333444444444433220222222222
00000222200000000000000000000000000220000000000000000000000000000022222220222200222222222202220000202222222222222222222222222222222222222222222222220022222222222002200000222333454455444444332222202000
22000000000002200000000000000000000000000000000000000000000000002202222222202222222222222222200000202222222222222222222222222222222222222222222000020022222222222000202232224334555555444443222223443302
02200000000022000000000000000000000000000000000022000000000000202222222220002222222222222202220000022222222222222222222222222222222222222222222200222222222222000000322232335545555555444444343323344302
02000000000000000000000000000000000000000000000222220000000000002222222222022200222022222222200000202222202222222222222222222222222222222220222200222222222222200020000224454455555555544444433220023302
22000000000000000000000000000000000000000000002222200000000000000222222222220020022222222222020000222202022222202202222222222222222222222222202200222222222222220022034322555555555554554344344332224432
00000000000000000000000000000000000000000000000222220000000000000222222222222000002222222222222000000020222222000200222222222222222222222222220002222222222222220002004555555555555554544444444332222223
00000000000000000000000000000000000000000000000222222000000000000022222222222200000222222222220000202222002222202000022222222222222222222202200000222222222222220000022555555555455554444444343332222223
02200000000000000000000000000000000000000000000022222220000000002222222222222222220222222202220000002000020222222000002222222222222222222200002200222222222222000022002455555555445554443444344022222333
22000000000000000222200000000000000000000000000002222222000000020022222222222222222022222222222000222222022220220000000222222222222222222222002200222222222222002220234455555555554444444444443222222222
20000000000000002200022200000000000000000000000002222222220000022002222222222222222222222222222200222220202222222200000222222222222222222222222222222222222200000002355555555555554444444444444000002222
22000000000000202000022000000000000000000000000000022222222000002220222222222222222222222222222222000000220222222222222222222222222222222222222022222222222220000002355555555555555544444444433322202222
00200000000002200220000000000000000000000000000000002222222222000200002222222222222222222222222220200200222222222222220222222222222222222222222202222222222022000000345445555555554554444444344422222222
22220000000000222220000000000000000000000000000000000222222222222000002222222222222222220222222222000220022022022002222222222222222222222222222222222222222202220000333334455554555554444444444433322222
00022220000000002200200000000000000000000000000000000002222222200222000022222222222222222222222220222220022002020022220222222222222222222222222222220222222222222022232334454445555544444444444444333222
00000222222000000222220000000000000000000000000000000000022222222222220222222222222222222222222222022222202200022222222222222222222222222222222222222000022222222222222023345445555544444444444444333122
20000222222222222222222000000000000000000000000000000000000002222202222222222222222222222222222000000022202000222222222222222222222222222222222222222022222222222222222202334444445444444434444444443333
22222222222222222222222000000000000000000000000000000000000000000202222222222222222222222222222002200220202022022200222022222222222222222222222222222022222222222222222200033444444444444444444444433432
22222222222222222222222000002000000000000000000000000000000000000002222222222222222222222222222222000000202220022202222222222222222222222222222222222222222222222222222200033444444444444444444444434433
22222222222222222222220000000020000000000000000000000000000022000000222222222222222222222222222220000000222022022222222222222222220222222222222222222222222222222222222200003444444444444444444443334432
22222222222222222222222220000000000000000000000000220000000002000002222222222222222222222222222222002002000000202222220022222222222222222222222222222222222222222222222220003344444444444444444443334433
22222222222222220222200220000000000000200000000000022000000000200000222222220022222222222222222222200000200000022222022222222220220222222222222222222222222222222222222222303334443334344444434343333333
22222222222222222222222222020000000000000000000000002200000000220000222222220022222222222222222222200000202222202222222222202220202222222222222222222222222222222222222232213344434334444344444334333333
22222222222222222222022222000000000000020000000200222200000000222222222222220002222222222222222222200000002200002222222022022222222202222222222222222222222222222222222222222344343334434434443333333333
22222222222222222222222222200200000000002000000200002220000000002222222222222002222222222222222222220000002200002222222222222222222222222222222222222222222222222222222200323333334134343444444443443333
22222222222222222222222222200220000000000220000200000222202000020022222022222200222000222222222222222000000222200002222222222202222202022202022222222222222222222222222222223443433314343334443333333333
22222222222222222222222222220020000000000202022222000222222000000002222222222200222200222222222222222000000222222220222222222222220202022200222222222222220222222222222223333344444334433444444333333433
22222222222222022222222222222022200000000000222000000022222200000022222200220222222222000000202222222200000002000000200002222202222220222022222222222222222220022222222223323344444434434344333343133333
22222222222220022222222222222000220000000000022000000222222200002022002220202222222222220220020222222200000000000000022000222200202220020222202022002220022200002022222222333334344444334443333343333333
22222220222222022222222222222000222000000000022200002222222200000200000222222222222222222222222222222222200000022222222222022200002200022000222000002200000000000220000220233333343433334333333333444333
22222200020222000222222222222220220020000000000022222222222222222222222222222222222222222222222222222222220222222222222222222200000002000000220202002022000002000000000020003334314334343333333333334333
22222000000222000222222222222202022220000000000002222222222222222222222222222222222222222222222222222222222222222222200002222000000000000000000000000020000000000000000000000300323313333333333333333333
22200000020020000220022222022222200200000000000000222222222222222222222222222222222222222222222222222222222000000000000000000000000000000000000000000002000000000000000002200000314433333243333323321321
22200000200000022220000220022222220202020000000000222222222222222222222222222222222222222222222222222222222000000000000000000000000000000000000000000000200000020000000002220000003333111332233323311211
22000002200000000000022222022020020000000200002222222222222222222222222222222222222222222220022222202222222220000000000000000000000000000000000000000020000000000020000000000000000302013333222233333333
22200000200000000000022222002222222200002022022222222222222222222222222222222222222222222222222222222202222020000000000000000000000000000000000000000000000000020000220000000000000000103332222211111000
02000000000000000000000002200222222202000022002222222222222222222222222222222222222222222222222222222222200000000000000000000000000000000000000000000000000000000000220000000000000000003322222111211111
00000000000000000000000000022022222202000002000022222222222222222222222222222222222222222222222222220222222000000000000000000000000000000000000000000000000000000000000000000000000000000121322232231111
20002000000000000000000000202222222222220000022222222222222222222220222222222222222222222222222222200222200022000000000000000000000000000000000000000000000000000000000200000000000000000011133333333133
02200000000000000000000002020222222222200000222222222222222222222222222222222222222222222222202222200022222222000000000000000000000000000000000000000000000000000000000000220000000000000001111110000033
00000000000000000000000200202222222220000002222002222222222222222222222202222222222222222222222222200220222000000000000000000000000000000000000000000000000000000000000000000000000000000000101120000000
00002200220000000000000202020222222000020002022222222222222222222222222200222222222222222222222222222220000200020000000000000000000000000000000000000000000000000000000000000000000000000000201100000000
00000000020000000000000020000222222200000220222222222222222222222222222220022222222222222222222220220200000000000000000000000000000000000000000000000000000000000000000000000000000022000000000000000002
00000000000002000000000002202222220202000222000222222222222222222222222202022222222222222222222220000220022000000000000000000000000000000000000000000000000000000000000000000000200000000000000000000222
00000000000000000000000222222222222222222222222222222222222222222222222220002222222222222222222222222220202000000000000000000000000000000000000000000000000000000000000000000002220000000000200000000000
00000020000000000020200002222222222222022200202222022222222222202222222222200022222022222222222222022222200220000000000000000000000000000000000000000000000000000000000000000000002000022222200000020000
00000020000000000220022222222222222222222000220220022222222222222222222202220022222022200222222022222222200220000000000000000000000000000000000000000000000000000000000000000000000222000202020002000200
00002220000000000200222022222222222222222200222200222222222222202222222220002000220000000002022222222222200222200000000000000000000000000000000000000000000000000000000000000000000000220200000202020020
00002000020000000200000220222222002222200000222000222222222222202222222222000200020000002022222222222222200022200000000000000000000000000000000000000000000000000000000000000000000000222000022200000000
00222222000000002000000020222220222222200002222200022222222222200022222022002200000000222222202222202220202000000000000000000000000000000000000000000000000000000000000000000000000000000000000000220000
02022222000020000000020002222222022222200222202220022222222222000222222220000200000000222222202222222020002000000000000000000000000000000000000000000000000000000000000000000000000000000000002000020000
00022222000000000000022000022022222222200222222222222222222220000222022022000000000000220222202222222222222202200020000000000000000000000000000000000000000000000000000000000000000000000000022000000000
00000220000000000000000000022202202222200222222222222222222220000222222022200000000000002222200222222222222200200000000000000000000000000000000000000000000000000000000000000000000000000000200000000002
00000200000000020000000000202022202002200020222222222222222222000222222002200000000000022200000222222002222222022000000000000000000000000000000000000000000000000000000000000000000000000002200000220000
00000000000000200002000000202022200022022022002222222222222222222222222222000000000000022000222222220002222222220000000000000000000000000000000000000000000000000000000000000000000000000000000000202020
00000000000020200022000200000202222022020002022222222222222222222222222200000000000000000000022000000000222222200200000000000000000000000000000000000000000000000000000000000000000000000000000222220222
00000000000022000020000000002202222202000002222222222222222222222022222200000000000000000000222000000002222220200000000000000000000000000000000000000000000000000000000000000000000000020200000002222200
00000000020000000022000022222222222202200002222222222222222222222222222000000000000000000002220000000200020002022222000000000000000000000000000000000000000000000000000000000000000000000220000000222222