30333344444433300330334430300003033030000333303300000000000000000000003303300000000000000000000000000000000000000000000000000000000000000000000000000000000000000000000000000000000000000000000000000000
33334344433433343343333440044303333300003333303000300000000000003003330003000000000000000000000000000000000000000000000000000000000000000000000000000000000000000000000000000000000000000000000000000000
34444444444434333033343444403400303030033303033303030000000000003003030003000000000000000000000000000000000000000000000000000000000000000000000000000000000000000000000000000000000000000000000000000000
34444443434444403333334303443303303330000000000033303000000000033000000000000000000000000000000000000000000000000000000000000000000000000000000000000000000000000000000000000000000000000000000000000000
03444443334443444430303330033303000000000030300000300003300000000000000000000000000000000000000000000000000000000000000000000000000000000000000000000000000000000000000000000000000000000000000000000000
34444433334444444430344430003330000000033000430000033300000000000000033030000000000000000000000000000000000000000000000000000000000000000000000000000000000000000000000000000000000000000000000000000000
34334343444444433033343300033300330003300003033033300000003000000000000000000000000000000000000000000000000000000000000000000000000000000000000000000000000000000000000000000000000000000000000000000000
34343333344444444030444440003333000000033000330300333000302030003000000000000000000000000000000000000000000000000000000000000000000000000000000000000000000000000000000000000000000000000000000000000000
33333333344444433033333004003033000003000000003003303000000022323000003200330000000000000000000000000000000000000000000000000000000000000000000000000000000000000000000000000000000000000000000000000000
33343334444433333333440300333303000000300000000000030303302020003333300300000000000000000000000000000000000000000000000000000000000000000000000000000000000000000000000000000000000000000000000000000000
33333334334433303033003340443000000300030000000003200000330000000000330000000000000000000000000000000000000000000000000000000000000000000000000000000000000000000000000000000000000000000000000000000000
33333034434333344444330333003000000330000000000000000333230003000300000030000000000000000000000000000000000000000000000000000000000000000000000000000000000000000000000000000000000000000000000000000000
43330333343333333333433003334300000033300000000000000302232300000300000030000000000000000000000000000000000000000000000000000000000000000000000000000000000000000000000000000000000000000000000000000000
34400334333333333334430003334430300003300000000000000220000000000000020000000000000000000000000000000000000000000000000000000000000000000000000000000000000000000000000000000000000000000000000000000000
33440034333003433443030000333443000000000000000000000300020003030302000330000000000000000000000000000000000000000000000000000000000000000000000000000000000000000000000000000000000000000000000000000000
33303033303003433443430000004443330000000000000030333003220002322020020000000000000000000000000000000000000000000000000000000000000000000000000000000000000000000000000000000000000000000000000000000000
00030043000003333444440000034330030000000000000000000000000022222020000020000000000000000000000000000000000000000000000000000000000000000000000000000000000000000000000000000000000000000000000000000000
43034333300033344344443003433434330000000000000000000000000200002222030200000000020000000000000000000000000000000000000000000000000000000000000000000000000000000000000000000000000000000000000000000000
33333334300303344344430033430044340000000000000300000000002000332222000020000000000200000000000000000000000000000000000000000000000000000000000000000000000000000000000000000000000000000000000000000000
54343343443333034334440333334300433003000300000000003303302000222200200230000000000000000000000000000000000000000000000000000000000000000000000000000000000000000000000000000000000000000000000000000000
44433044443443434343444433340433043300000000000000000000000222220222003000300000000000000000000000000000000000000000000000000000000000000000000000000000000000000000000000000000000000000000000000000000
44444034444443433444334444043434334300000000300000000002000002222202022330300000000000000000000000000000000000000000000000000000000000000000000000000000000000000000000000000000000000000000000000000000
54444343444444444443444433440343300030000300030000000000200200020200000000000000000000000000000000000000000000000000000000000000000000000000000000000000000000000000000000000000000000000000000000000000
44343333334444443344344344343033343000000030000000000002020000000000000000000000000000000000000000000000000000000000000000000000000000000000000000000000000000000000000000000000000000000000000000000000
34444430344433333334444333434333000000000033000300000000000000000000000023000000000000000000000000000000000000000000000000000000000000000000000000000000000000000000000000000000000000000000000000000000
44444444444433433333344344330300000003000303333300000000002000000000000020000000000000000000000000000000000000000000000000000000000000000000000000000000000000000000000000000000000000000000000000000000
54443343444443443034043443000000000000000003333303333000003000000000000000300000000000000000000000000000000000000000000000000000000000000000000000000000000000000000000000000000000000000000000000000000
44444444444344433033000033330000000000000000003000333300300000000000000000000000000000000000000000000000000000000000000000000000000000000000000000000000000000000000000000000000000000000000000000000000
44444343444443433300303003300000030000000000333000033333003300000000000000000000000000000000000000000000000000000000000000000000000000000000000000000000000000000000000000000000000000000000000000000000
44444443444343433000330430030000003000000030330000303043333340000003003030300000000000000000000000000000000000000000000000000000000000000000000000000000000000000000000000000000000000000000000000000000
34434443443334443000033333000000003000030000000000033003000030000000303330000000000000000000000000000000000000000000000000000000000000000000000000000000000000000000000000000000000000000000000000000000
55444444434333443000003443300000003000300300300000033300330003300000000303000000000000000000000000000000000000000000000000000000000000000000000000000000000000000000000000000000000000000000000000000000
54445444444333034300300444343003330000300000003300300300333333030000000033000000000000000000000000000000000000000000000000000000000000000000000000000000000000000000000000000000000000000000000000000000
44344444444334034430000040343000340034000300330000000000000033000330000003000000000000000000000000000000000000000000000000000000000000000000000000000000000000000000000000000000000000000000000000000000
43334444444333300040000000043003300040004003400033300003303000030330000000000000000000000000000000000000000000000000000000000000000000000000000000000000000000000000000000000000000000000000000000000000
44333434444433044443003303004303000043000000330030300000000000030300000000000000000000000000000000000000000000000000000000000000000000000000000000000000000000000000000000000000000000000000000000000000
34340344443343333443300400003333003333300343033030000000000000000300000000000000000000000000000000000000000000000000000000000000000000000000000000000000000000000000000000000000000000000000000000000000
44430334444444344343303300000300333033433330400334000000000003000000000000000000000000000000000000000000000000000000000000000000000000000000000000000000000000000000000000000000000000000000000000000000
45433334444334433343334000030000330033333333340343000000003003000000000033000000000000000000000000000000000000000000000000000000000000000000000000000000000000000000000000000000000000000000000000000000
54443023444444433044434333003300430000000340030034400030033333000000000000000000000000000000000000000000000000000000000000000000000000000000000000000000000000000000000000000000000000000000000000000000
54433344344444433034444430000003430000333343000000030030000000000000000000000000000000000000000000000000000000000000000000000000000000000000000000000000000000000000000000000000000000000000000000000000
44444444434443434404440433000033340300334334300000003443000000000000000000000000000000000000000000000000000000000000000000000000000000000000000000000000000000000000000000000000000000000000000000000000
44544434444443443343334430000033433330034343403000300040000000000000000000000000000000000000000000000000000000000000000000000000000000000000000000000000000000000000000000000000000000000000000000000000
44544443333443343343434343303334400333334033444330303303003000000000000000000000000000000000000000000000000000000000000000000000000000000000000000000000000000000000000000000000000000000000000000000000
44445443454343443343334430303433430033030034434344333033000300000000000000000000000000000000000000000000000000000000000000000000000000000000000000000000000000000000000000000000000000000000000000000000
55554444454434344444344430034334430333333330033334443003000000000000000000000000000000000000000000000000000000000000000000000000000000000000000000000000000000000000000000000000000000000000000000000000
54554445454444434444344430333334430333333334403334443300333300000000000003000000000000000000000000000000000000000000000000000000000000000000000000000000000000000000000000000000000000000000000000000000
55554544445434433433443444430033433300303033440344344030333000330000000003000000000000000000000000000000000000000000000000000000000000000000000000000000000000000000000000000000000000000000000000000000
55555455454543443444433444443343343033330000003443340003433000333303300000000000000000000000000000000000000000000000000000000000000000000000000000000000000000000000000000000000000000000000000000000000
55554554554444343033433344443033400000043000000003300300444003333033030000000000000000000000000000000000000000000000000000000000000000000000000000000000000000000000000000000000000000000000000000000000
55555444454334433334403344444334344400030000000000200002300000030003030000000000000000000000000000000000000000000000000000000000000000000000000000000000000000000000000000000000000000000000000000000000
45554454433444343330333344443344400034300020000000200000000000000000330000000000000000000000000000000000000000000000000000000000000000000000000000000000000000000000000000000000000000000000000000000000
55555554443433333434444444444344303043322000000002020020000000000000030000000000000000000000000000000000000000000000000000000000000000000000000000000000000000000000000000000000000000000000000000000000
55555545443444434334334334444444433034000000000002020030400300300003000000000000000000000000000000000000000000000000000000000000000000000000000000000000000000000000000000000000000000000000000000000000
55555554445443330334333334444444444334000000003432223203400030330030000000000000000000000000000000000000000000000000000000000000000000000000000000000000000000000000000000000000000000000000000000000000
55555555554444333403333333444444444444200000003400202400030000030300000000000000000000000000000000000000000000000000000000000000000000000000000000000000000000000000000000000000000000000000000000000000
55555555454544434303303333344444444420000300000002324300000300030003000003300000000000000000000000000000000000000000000000000000000000000000000000000000000000000000000000000000000000000000000000000000
55555555444444303003033343444444444300030333000020220000000330000330000003300000000000000000000000000000000000000000000000000000000000000000000000000000000000000000000000000000000000000000000000000000
45555555554444300333430343444444444200003333000000200000000430000000000000300000000000000000000000000000000000000000000000000000000000000000000000000000000000000000000000000000000000000000000000000000
34445555544454300334444434444443440000033300000002000233330300000000000000000000000000000000000000000000000000000000000000000000000000000000000000000000000000000000000000000000000000000000000000000000
44444555555444340334344444434444420000200000003030330030004000000000000000000000000000000000000000000000000000000000000000000000000000000000000000000000000000000000000000000000000000000000000000000000
45445445455444444444433443033444400033000000002000300000000000000000033003000000000000000000000000000000000000000000000000000000000000000000000000000000000000000000000000000000000000000000000000000000
34454443444444444444440344443444433033000000000003000003300000000003330000000000000000000000000000000000000000000000000000000000000000000000000000000000000000000000000000000000000000000000000000000000
33434343433344433344444033444444333303000320000032000303000000000033333000000000000000000000000000000000000000000000000000000000000000000000000000000000000000000000000000000000000000000000000000000000
33343434433343430304344033334444334322000032003030300330003000030333333000000200000000000000000000000000000000000000000000000000000000000000000000000000000000000000000000000000000000000000000000000000
33003345303333300330343333434444303030000030333300333430324000000333322000202020000000000000000000000000000000000000000000000000000000000000000000000000000000000000000000000000000000000000000000000000
30303333433343333044343034444430333000000000303033330342332003003003332000002020000000000000000000000000000000000000000000000000000000000000000000000000000000000000000000000000000000000000000000000000
01003303344034343344330330334443320000000003333443400023334030000300000200000000200000000000000000000000000000000000000000000000000000000000000000000000000000000000000000000000000000000000000000000000
00200000033333444334303000434344000000000000034444423303233300000020000200000020220000000000000000000000000000000000000000000000000000000000000000000000000000000000000000000000000000000000000000000000
00000033330003434343040303334004300200000000044322220203333300000020000000202000020000000000000000000000000000000000000000000000000000000000000000000000000000000000000000000000000000000000000000000000
00000003030044443440000003400003000000000000330222000000020200000000000000022000022000000000000000000000000000000000000000000000000000000000000000000000000000000000000000000000000000000000000000000000
00000000000300000000000000300033020000033300030202222320000302000000000000022200222200000000000000000000000000000000000000000000000000000000000000000000000000000000000000000000000000000000000000000000
02000000000000030000300003303333022200033300000002200220320030000200000002000200022000000000000000000000000000000000000000000000000000000000000000000000000000000000000000000000000000000000000000000000
31211000000000303300030000033330020000003420000000030220222330200200000000000000000000000000000000000000000000000000000000000000000000000000000000000000000000000000000000000000000000000000000000000000
33223200030000000300000000003000220000000332222000330322002222000202020000000000000000000000000000000000000000000000000000000000000000000000000000000000000000000000000000000000000000000000000000000002
33332223000003034444330000000003200000000022222020003333330022200002000000000000000000000000000000000000000000000000000000000000000000000000000000000000000000000000000000000000000000000000000000000000
43331222322320322003400000003400002000000000020000000033033302202020000000000000000000000000000000000000000000000000000000000000000000000000000000000000000000000000000000000000000000000000000000000000
44333222222002222000402000330220220000033020222200030000343323330200000000000000000000000000000000000000000000000000000000000000000000000000000000000000000000000000000000000000000000000000000000000020
44433322222123000200022000000002200000000220222222000330003223233330330000000000000000000000000000000000000000000000000000000000000000000000000000000000000000000000000000000000000000000000000000202000
44433332222222202220202000002222000000200020220220223302322223333234330003000000000000000000000000000000000000000000000000000000000000000000000000000000000000000000000000000000000000000000000000000000
44443332222220002220022000022200000002220002333323323033332332233330330000000200000000000000000000000000000000000000000000000000000000000000000000000000000000000000000000000000000000000000000000000000
44444333322101000222222000222200022220202222232223232203333333333330200000000000000002000000000000000000000000000000000000000000000000000000000000000000000000000000000000000000000000000000000000000000
44444333332211200000000002202222202022220222220232333332332333320333300020000000000000000000000000000000000000000000000000000000000000000000000000000000000000000000000000000000000000000000002020000000
44444433331222200000020000000222022222222222222222333333333333333400000030200200000000000000000000000000000000000000000000000000000000000000000000000000000000000000000000000000000000000020000000020000
44444443333000020100000000002000022222222222222222303233332333230000000000022220000000000000000000000000000000000000000000000000000000000000000000000000000000000000000000000000000000000000000000000000
44444444333302222000000000022022222222222222222222222333333333330000000000222220002000000000000000000000000000000000000000000000000000000000000000000000000000000000000000000000000000000000000000000000
43434444433322222200220000020000222222222002222202022020333333300000030003222220000000000000000000000000000000000000000000000000000000000000000000000000000000000000000000000000000000000000000000000000
44444444443332022200020000000000022222200220222222220020003333333330000002222222000000000000000000000000000000000000000000000000000000000000000000000000000000000000000000000000000000000000000000000000
44444444444332220000000000000000222222222202222022220222022333333333330022022222020000000000000000000000000000000002000000000000000000000000000000000000000000000000000000000000000000020000000000000000
33334444444333322202000000000000002022222202222222020222222223333333334302022222220000000000000000000000000000000000000000000022000000000000000000000000000000000000000000000000000000000000000000000000
32343434444433330220200000000000022202222222202222200222222222030033333334002222020000000000000000000000000000000000000000000000000000000000000000000000000000000000000000000000000000000000000000000000
33343444443443333200000000000000000222222022002202000022223222000303333333022000000000000000000000000000000000000000000000000000000000000000000000000000000000000000000000000000000000000000000000000000
34044444444444333300000000000000002200000200220020000022022230200003030333000000000000000000000000000000000000000000000000000200002000000200000000000000000000000000000000000000000000000000000002000000
44344444443444443300000000000000002200000002000000000000220222000000000333000000200000000000000000000000000000000000000000000020000000002000000000000000000000000000000000000000000000000000000000000002
34344434444444443330000000000000000002000000000000000003222200230002000003000000000000000000000000000000000000000000000000000000000000000000000002000000000000000000000000000000000000000000000000000002
44434333343444344333300000000000220000000000000000000000230000000030000000000000000000000000000000000000000000000000000000000000000000000000000000000000000000000000000000000000000000000000000000000000
34434443333344444433300000000002302220000000000000000000303030000003000000000000000000000000000000000000000000000000000000000000000000000000002220000000000000000000000000000000000000000000000000000000
34333443433433444433330000000232332220200000000000000020003000300000030000000000000000000000000000000000000000000000000020000000000000000000002220000000000000000000000000000000000000000000000000000002
34343333344334334444330000000003003222200000000000000000000000000222000000000000000000000000000000000000000000000000000000000000000000000000000000000000000000020000000000000000000000000000000000000000
33333444333333433434333000002002330330222000000000000000000020000330000000000000000000000000000000000000000000020000000000000000022000000002000000000000000000000000000000000000000000000000000000000002
33333334433333333433443330000002023233200000000000000000000000002000000000000000000000000000000000000000000000000020000000000022220020000000000000000000000002020000000000000000000000000000000000000000
33333333333333333344443330000202222333300000000000000000000000000000000000000000000000000000000000000000000000000000000002000222222220000000000000000000000002020000000000000000000000000000000000000000
33333333333333333333434303000022222233300200000000000000000000000000000000000000000000000000000000000000020202000000000002020022222220000000000000022000002022000000000000000000000000000000000000000000
33333333333333443334434433332022222223330020000000000000000000000000000000000000000000000000000000000002202200200000000000022002222222200000000002222000000000220000000000000000000000000000000000000000
33333333333333333333333433330222222222302202000000000000000000000000003000000000000000000000000000000022222222000000000002020022222202000000000000222220002000220000000000000000000000000000000000000022
33333333333333333333333343333022222222220220200000000000000002000000000030000000000000000000000000000002222220000000000022202022022222000000200000002220002002000000000000000000000000000000000000000022
33333333333333333333333334433332222222222202200000000000000000000000000000000000000000000000000000000222022200000000000200002000022000000000000000220000002002220000000000000000300000000000000000000000
33333333333333333333333334433322222222220222200000000000000000000000000000000000000000000000000020000022202220000000200000000000000000000000000000000020200002222000000000003000000000000000000000000000
33333333333333333333333333343332222222220222220000000000000200000000000000000000000000000000220002200000002200000000000000000000000000000020000000000202000002000000002000003000000000000000000000000000
44334333333333333333333333334333322222222222220300000000002000000000000000000000000000000000000000200000000220000000000000000000000000000000000000222222200022220000200000000000000000000000000000000000
44334333333333333333333333334333302222220222000030000303002000000000000000000000000000000002000002000000000002000000000000000000000000000002000000222222000000000220000000030000000000000000000000000000
43343333333333333333333333343333333222220222020003300030000000000000000000000000000000000202222000000000000000000000000000000000000000000002000002222202000000000222000000000000000000000000000000000000
44444333333333333333333333433333333222220222223220330020200000000000000000000000000000222000000000222200000002000000000000000000000000000000020020222222000000000022020000020000000000000000000000000000
44443333333333333333333333333333333322222000032023000000203020000000000000000000000000000000000200220200000200000000000020000000000000000000000002002222200000000000202220020000000000000000000000000000
44443333333333333333333333444343333332220000000000000000000000000000000000000000000020000000000000000000000000000200000000000000000000000000000200000202020000000000020000200000000000000000000000000000
44444333333333333333333333444444333330220000000000000000000002200000000000000000000000000000000000000000002000000000002000000000020000000000200000000202000000000000000020000000000000000000000000000000
44344333333333333333333333344444333330002000000000000000000000000000000000000000000000000000000000000000020200000000002020200000000000000000000000000002200000000200000000000200000000000000000000000000
44433333333333333333333333333444333432033200000000000000000000000000000000000000000000000000000000000000002200020000000000200000000000000000000000000000000000000200000000020000000000000000000000000000
44443334333333333333333333333334333343333300000000000200000000000000000000020000000000000000000000000000022222002000000002022220000000000000000000000000020000000220020000002200000000000000000000000000
43433333330333333333333333333333333333333200000000000033020000000000000000000000000000000000000000000222202222200202000000222222200000000020000000000000000000200022220000000220000000000000000000000000
44333333333333333333333333333333333330333320000000200000000000000000000000000000000000000000000000000000022222222202000000022022200000000200000000002020000000002000222200000000000000000000000000000000
34333333333333333333333333333333333333033300000020000030000000002220000000000000000000000000000000002220222222200200000022202220220000000000200000022220000002022000000000000000000000000000000000000000
33333333333333333333333333333333333333333333300002000000000000222222222000000000000000002000000000000200022222022222200222022222022020000000000000000202000202222020000000000000000222300000000000000000
33333333333333333333333333333333333333333333020020200002220002222222200000000000000000000002022020020000022220220222202220020000020200000000000000000000000222222222202220000000000023300000000000000000
33233330033333333333333333323333333333300200332000220000020020222222220000200000000000000222222222000020222222222222222200000000002002000000000000000000002222222222222202000000000000222000000000000000
13303333333333333333333333333333333333333303320000020222022222222222220202200000000000002000202222220222220000222200222202002000000000220000000000000000020202222222220222022200000000000000000000000000
33323333333333333333333333333333333330030020000000002222000002222220222202000000000000002002200202222200202220220020200000222200000002000000000000000222220000022222222200022002000000000000000000000000
33313003333333333333333333333333333333033000000020202022220002222222220022000000000000022002222222200022222202220000022022202200200022002220000022000020222000022222222002222002200000000000000000000000
33323333333333333333333333333323333333303000000002000000020020222222222220000000000000000220222222222222222200222200022022022220202020022220020020002200000000022220222000002222202000000000000000000000
33333333333333333333333333333333333233333300002200200000000022222222222222220000000000202000222222202222222200020000000220222220222222222200000200000222000000022222202000000002022220000000000000000000
33333333333333333333333300000333333333333330000222200000020222222222222222222200000002222022222222222222222220000000002202222222222222200200200000002222200000220222220000000000020222020000000000000000
33333133333333333303033300002233330223333333002020200000002222222222222222222222000000222022222222222222222222000000022002022222222202020022000000000000000000222000020000000000000000222000000000000000
33333333333333333330033330302233333322333333232220220000222222202222222222222222200000222222022222222222220000000000000000222222222222202020000000000000000000220000022200000000000000022000000000000000
33333333333333333330003333032223333332333334333222200002222222002222222222222222002000222222222222222222222000000200000000222222022020200200000000000200000000022002002200000000000000022000000000000000
33333333333333333333003333033023333332233334433323200022222000000222222222222222000000222222222220222222220222200000000020022222020020000000000000002020000000002222222000000000000000000000000000000000
33333333333333333333030333303333333333223333433332300000000000000222222222222222022022222022222220222222202202000000000202222220000000000000000000002220000200000222200200000000000000000000000000000000
33333333333333333333303333303322333333333333343333333200000000000022222222222222000022222000220200022222220200200000000002022002220000000000000002022200020000002220202200000000000000000000000000330000
33333333333333333333333033330333333333333333333333000000000000000002222222222220000020222202200220222222220002000000000000022222000000000000000000200020200000000222020000000002000220000000000333330000
33333333333333333333330333333333333333333333300000000000000000000000222222222200000000000002020000022222200022000002200020202020000000000000000000022002200000022222222000000000022020000000000330300000
33333333333333333333333303333334333333333330000000000000000000000000002222220000000000000000000002222222200000200022000220220222202200000000000000002220020000222222220000020000022020220000000300000000
33333333333333333333333033333333333333333303000000000000000000000000000220220000000000202000000000222222220000002222000000222222200200020022002020000222222222022222220200000000020220000020000000000000
33333333333333333333333333333333333333333003330000000000000000000000000000000000002022200000000000222220200000002000000000222202000000202220020202200222222222222222222202202000000002020020030300000003
22222222222100000000033333333334333330000000333000000000000000000000000002000000002222000000000000022200220000000000000022222222200000000000200022222202222222222222220220000000000000022020030000003223
22222222222000000000000000000000000000000000000000000000000000000000000000000000002222000000000000220222222000000000022222222220000000020002200222222202222222222222222202220000000000022000300000003333
22222222222000000000000000000000000000000000000000000000000000000000000000000000022020000000000000022222020000000000222222222222000000000000000020222222222222222222222202220000020000022220330003002333
22222222222000000000000000000000000000000000000000000000000000000000000000000002222200000000000000200222000000000002222222222222200000000000000002222222222220022202202022020000000000002200203000003323
22222222222002000000000000000000000000000000000000000000000000000000000000000002222000000000000000200222220000000002022222222222200000000000000000002222220220220202202020220000000000000200033333000030
22222222220002020000000000000000000000000000000000000000000000000000000000000000222000000000000000000222200000000000022222222222200000002200000000020022222020220220000020000200000000002200003030000033
22222200000000000000000000000000000000000000000000000000000000000000000000000000222000000002000000002222000000000000002222222222200000020000000000222202200000000000200000200000000000000000000033300000
22222220000000000000000000000000000000000000000000000000000000000000000000000002220000000000000000000022000000000000002222222222200000000000000000000220000000000000000000000000000000020200203030033000
22020200000000000000000000000000000000000000000000000000000000000000000000000002220000000000000000000000000000000000022222222222220000000000000000000000000000000000000000000000000000022002024223333330
22222220200000000000000000000000000000000000000000000000000000000000000000000000000000000000022202000000000000000000022222222222220000000000000000000000000000002000000000000000000000002222202322322000
32222222222200000000000000000000000000000000000000000000000000000000000000000000000000000000022202020022000000000000022222222222220000000000000000000000000000000000000000000000000000020200202002222220
33222000000000000000000000000000000000000000000000000000000000000000000000000000000000000002222222020000000000000000002222222222200000000002000000000000000000000000000000000000000000000000200002222222
32222222002000000000000000000000000000000000000000000000000000000000000000000000000000000022222022220000000000000000000222222222000000000000000000000000000000000000000000000000000000000000222022222220
22220200002200000000000000000000000000000000000000000000000000000000000000000000000000000022222022202000202000000000000000022202200000000000000000000000000000000000000020002200000000000000002222222222
22222200022200222000000000000000000000000000000000000000000000000000000000000000000000000000020202202020202002000000000000000000000000000000000000000000000000000000000000222220000000000222002000222222
22222200222222200000000000000000000000000000000000000000000000000000000000000000000000000000200222002220222000000000000000000000000000000000000000000000000000000000000022222220000000000022022222203333
22222222220020000000000000000000000000000000000000000000000000000000000000000000000000000000000222000020202200000000000000000000000000000000000000000000000000000000000222222222000000000022022200033333
02200220000000000000000000000000000000000000000000000000000000000000000000000000000000000000000022000000200022000000000000000000000000022000000000000000000000000000022222222222000000000020002203333333
00200000000000000000000000000000000000000000000000000000000000000000000000000000000000000000002002000000200222200000000000000000000000222200000000000000000000000022222222222222200000000022333200000333
00000000000000000000000000000000000000000000000000000000000000000000000000000000000000000000000000000000022222000000000000000000000022222000000000000000000000000222222222222222200000020222232220033303
00000000000000000000000000000000000000000000000000000000000000000000000000000000000000000000000000000000000000000000000000000000000222220000000000000000000000222222222222222222200000022222222220033303
00000000000000000000000000000000000000000000000000000000000000000000000000000000000000000000000000000000000000000000000000000000022222000000000000000000000002222222222222222222002000022222222202000333
00000000000000000000000000000000000000000000000000000000000000000000000000000000000000000000000000000000000000000000000000000000000000000000000000000000000002222222222222222222200002022222222230000332
00000000000000000000000000000000000000000000000000000000000000000000000000000000000000000000000000000000000000000000000000000000000000000000000000000000000002222222222222222222220022222222222203303033
00000000000000000000000000000000000000000000000000000000000000000000000000000000000000000000000000000000000000000000000000000000000000000000000000000000000000222222222222222222222022022222222300000303
00000000000000000000000000000000000000000000000000000000000000000000000000000000000000000000000000000000000000000000000000000000000000000000000000000000000002222222222222222222222202222222202232200030
00000000000000000000000000000000000000000000000000000000000000000000000000000000000000000000000000000000000000000000000000000000000000000000000000000000000000222222222222222222222222222223222220003030
00000000000000000000000000000000000000000000000000000000000000000000000000000000000000000000000000000000000000000000000000000000000000000000000000000000000000022222222222222222222222222222220022203303
00000000000000000000000000000000000000000000000000000000000000000000000000000000000000000000000000000000000000000000000000000000000000000000000000000000000000000222222222222222222222222220220222323000
00000000000000000000000000000000000000000000000000000000000000000000000000000000000000000000000000000000000000000000000000000000000000000000000000000000000000222002222222222222222022222202000222220030
00000000000000000000000000000000000000000000000000000000000000000000000000000000000000000000000000000000000000000000000000000000000000000000000000000000000000222222222222222222222222222000000222222200
00000000000000000000000000000000000000000000000000000000000000000000000000000000000000000000000000000000000000000000000000000000000000000000000000000000000020220022222222222222222222222222222222222030
00000000000000000000000000000000000000000000000000000000000000000000000000000000000000000000000000000000000000000000000000000000000000000000000000000000000000022222220222222222222222222222222222222000
00000000000000000000000000000000000000000000000000000000000000000000000000000000000000000000000000000000000000000000000000000000000000000000000000000000000000000222220222222222222222222222222222202200
00000000000000000000000000000000000000000000000000000000000000000000000000000000000000000000000000000000000000000000000000000000000000000000000000000000000000000000220222222222222222222222222222220200
00000000000000000000000000000000000000000000000000000000000000000000000000000000000000000000000000000000000000000000000000000000000000000000000000000000000000000000022222222222222222222222222222222222
00000000000000000000000000000000000000000000000000000000000000000000000000000000000000000000000000000000000000000000000000000000000000000000000000000000000000000000000022222222222222222222222222222222
00000000000000000000000000000000000000000000000000000000000000000000000000000000000000000000000000000000000000000000000000000000000000000000000000000000000000000000000000222222222222222222222222222222
00000000000000000000000000000000000000000000000000000000000000000000000000000000000000000000000000000000000000000000000000000000000000000000000000000000000000000000000000022222222222222222222222222222
00000000000000000000000000000000000000000000000000000000000000000000000000000000000000000000000000000000000000000000000000000000000000000000000000000000000000000000000000000222222202222222222222222222
00000000000000000000000000000000000000000000000000000000000000000000000000000000000000000000000000000000000000000000000000000000000000000000000000000000000000000000000000000002202000002222222222222222
00000000000000000000000000000000000000000000000000000000000000000000000000000000000000000000000000000000000000000000000000000000000000000000000000000000000000000000000000000000020200000222222222222222
00000000000000000000000000000000000000000000000000000000000000000000000000000000000000000000000000000000000000000000000000000000000000000000000000000000000000000000000000000000000000000022222222222222
00000000000000000000000000000000000000000000000000000000000000000000000000000000000000000000000000000000000000000000000000000000000000000000000000000000000000000000000000000000000000000002222222222222
00000000000000000000000000000000000000000000000000000000000000000000000000000000000000000000000000000000000000000000000000000000000000000000000000000000000000000000000000000000000000000002222222222222
00000000000000000000000000000000000000000000000000000000000000000000000000000000000000000000000000000000000000000000000000000000000000000000000000000000000000000000000000000000000000000000222222222222
00000000000000000000000000000000000000000000000000000000000000000000000000000000000000000000000000000000000000000000000000000000000000000000000000000000000000000000000000000000000000000000222222222222
00000000000000000000000000000000000000000000000000000000000000000000000000000000000000000000000000000000000000000000000000000000000000000000000000000000000000000000000000000000000000000000222222222222
00000000000000000000000000000000000000000000000000000000000000000000000000000000000000000000000000000000000000000000000000000000000000000000000000000000000000000000000000000000000000000000022222222222
00000000000000000000000000000000000000000000000000000000000000000000000000000000000000000000000000000000000000000000000000000000000000000000000000000000000000000000000000000000000000000000002222222222
00000000000000000000000000000000000000000000000000000000000000000000000000000000000000000000000000000000000000000000000000000000000000000000000000000000000000000000000000000000000000000000002222222222
00000000000000000000000000000000000000000000000000000000000000000000000000000000000000000000000000000000000000000000000000000000000000000000000000000000000000000000000000000000000000000000000222222222
00000000000000000000000000000000000000000000000000000000000000000000000000000000000000000000000000000000000000000000000000000000000000000000000000000000000000000000000000000000000000000000000022222222
00000000000000000000000000000000000000000000000000000000000000000000000000000000000000000000000000000000000000000000000000000000000000000000000000000000000000000000000000000000000000000000000022222222
00000000000000000000000000000000000000000000000000000000000000000000000000000000000000000000000000000000000000000000000000000000000000000000000000000000000000000000000000000000000000000000000000222222
00000000000000000000000000000000000000000000000000000000000000000000000000000000000000000000000000000000000000000000000000000000000000000000000000000000000000000000000000000000000000000000000000002222
00000000000000000000000000000000000000000000000000000000000000000000000000000000000000000000000000000000000000000000000000000000000000000000000000000000000000000000000000000000000000000000000000000002
00000000000000000000000000000000000000000000000000000000000000000000000000000000000000000000000000000000000000000000000000000000000000000000000000000000000000000000000000000000000000000000000000000000