00000000000000000022200000223000000000000000000000000022002222222222222022222220000000220002222000000002200000000000222223333333333333333333344455555555545554444444444444444333333333333444444444433444
20000000000000222222000000230000000000000000000000000000222222222222222222222222200002000000000000220000000000000220222223333333333333333330333444555555555554444444444444444433333344344444444333444444
20000000000000222222000000220000000000000000000000000002222222222222222222222200200002000000000000220000000000000222222222223330333333333333333444555555555544334444444444444444333334344444444333444444
02200000000000222222200000000000000000000000000000000222222222222222222222222200000000000000000000220222200000000222222222000000003323023333334445555555555544334444444444444444433433344444444334444444
00000000000000222222200000000000000000000000000000000200022222222222222222220000000000000000000000000000000000000220222220000000000323022333444555554555555544434444444444444444444434444444443344444444
00000000000000222202200000000000000000000000000000000000002222222222222222200000000000000020000000000000000000000220222220000000000333333444444555554544444444434444444444444444444444444444444444444444
00000000000000222200000000000000000000000000000000000000222222022222202222200000000000000000000000000000000000002222222220000000000023333444444445554444444444334444444444444444444444444444444444444444
00000000000000222200000000000000000000000000000000000000222222222222022222220000000000000000000000000000000000022222222220000000000033333444444445554444444444334444443444444444444444444444444444444444
00000000000000000000000000000000000000000000000000000000000000222000222222220000000000000000000222000000002220022222222200000000332333333444444445544444444444333434444444444444444444444444444444444554
00000000000000220000000000000000000000000000000000000000000000000000000000000000000000000000000000220000000022222222222200022330300303333444444444444443444444333344434433444444444444444444454444455555
00000000000000220000000000000000000000000000000000000000000000000000000000000000000000000000002200220000000022022222222220022333300003223444444444444443344444433334334433334433443444444444554554555555
00002200000000000000000000000000000000000000000000000000000000000022000000002200000000000000002000000000000000000000000220000023000033000444344444444443334444433333344333333444343344434444555555555555
00002200000000000000000000000000000000000000000000000000000000000022000000002200000000000000202000000000000000000000000220000023000020003333044444444443334444333333344333333334433334434444555555555555
00000000000000000000000000000000000000000000000000000000000000000000000000000000000000000000020220000000000000000000000000000022000000003333334444333330334444333334444433333333443333334455555555555555
00000000000000000000000000000000000000000000000000000000000000000000000000000000000000000002222222002002200000220002220000000000000000334433234444333300334433333334444333333333344443333445555555555555
00000000000000000000000000000000000000000000000000000000000000000000000000000000000000000002222222002002200000200002220000000000000000334430334444433300233333333344333333333343344444333344555555555555
00000000000000000000000000000000000000000000000000000000000000000000000000000000200000000000222222000000000000000220000000000000000030333332334444333200023333333334333322333333333444433444455555555555
00000002220000000000000000000000000000000000000000000000000000000000000000000000200000000000222222000000000000000220000000000002003333333223333333322000323333333333333333223333333444444444445555555555
00002222220000000000000000000000000000000000002222222200000000000000000000000000000000000022222222200000000000000000000002222222223333333233333332222230323333334433333330000233333444444444444444555555
00002222220000000000000000000000000000000002002222222222000000000000000000000000000000002222222222222000000000000000002200002223223333344443333332220000222030333333333322222233332344444444444444455555
00002222200000000000000000000000000000000002022222222222000000000000000000000000000000002222222222222000000000000000002200020222222222333334333233220000233330333333333222222320002334444444444444445444
00022222200000000000000000000000000000022002222222222220000002200000000000000000000000000022222222200000000000022000222202222222222222203333000003220000023303233333333322222222223022333444444444444444
00022222200000000000000000000000000000022222222222222220000002200000000000000000000000000022222222000000000000022000220002222222222222000200000002203303323333223333333332222222220022322344334444444444
20000022200000000000000000000000002222222222222222222200000000000000000000000000000000000022000220000000000000022000222220022222222220000000000000000022333033330333333333222222222022022333334444444455
00000002200000000000000000000000000021122222222222222000000000000200000000000000000000000002000022000000000000000000000002222222222220000000000000002200223000330003333332222222222220000230333444444444
00000000200000000000000000000000000212222012221222222000000000000000000000000000000000000000000022000000000000000000000002222022222220000000000000002333333000333333333322222222233330000220002334444444
00000000000000000000000000000000222222211112211222222000002000000000000000000000000000000000000000000000000022000000000020000002222000000022222223333300233333333333333322222222222333300000002333334444
00000000000000000000000000000000222222212222221222022000002000000000000000000000000000000000000000000000000022000000000020000000220000000022222233333200022333333333333222222222222333300000002233334444
00000000000000000000000000000002222222222122221112200000000000000000000000000000000000000000000000000220000000000000000000000000000000000022222223330000000223333333330022222222200023330000000333333333
00000000000220000000000200000222222222222222221122222000000000000000000000000000000000000020000000220002200000000000000000000022222200000002222222300000000003333333333333332222220000333002220003333333
00000000000220000000000200000222222222222222222112221000000000000000000000000000000000000020000000220002200000000000000000000022222200000000002220000000000002333333333333322202220000223002230002343333
00000000000000000000000200000222222222222222221112121200000000000000000000000000000000000002222000000000000000000000000000000000000000000000002200000000000000003333333330222202200000000003003323334333
00000000000000000000000200000222222222222222212112211111000000000000000000000000000000000002222200000000000000000000000000000000000000000000002000000000000030002333333300222222200000000003333333333444
00000000000000000000000000002222222222222222222221111111220000000000000000000000000000000000000000000000000000000000000000000000000000000000000000000000000030333333330000220222020000000003333333300333
00000000000000000000000022001112222222222222222222121110000000000200000000000000000000000020000000000000000000000000000000000000000000000000000000000000000033333333300000000220000000000000333333333334
00000000000000000000000022201111222222222222222222222100000000000200000000000000000000000020000000000000000000000000000000000000000000000000000000000000000003333333000000000220000000000000022203333334
00000000000000000000000000221111122222222222222222222200000000022000000000000000000000000000000000220000000000000000000000000000000000000000000000000000022222000300000000002000000000000002002223333332
00000000000000000000000000222111022222222222222222211111000000022000000000000000000000000002000000220000000000000000000000000000000000000000000000000000022222230000000000002200000002000002000022333322
00000000000000000000000000222110022222222222222212211112000000000000000000000000000000002222220000220000000000000000000000000000000000000000000000000000022222200000000000002200000000000002000002332200
00000000000000000000000000221110022222222222222122111100000000000000000000000000000000002220020000000000002200000000000000000000000000000000000000000000002222200000000022002222200200000000000000002000
00000000000000000000000000000220022222222222222222111100000000000000000000000000000000002222220000000000002200000000000000000000000000000000000000000000022222200000000022002222200000000000000000000000
00000000000000000000000000002212222222222222222221111000000000000000000000000000000000222222022000000002200000000000000000000000000000000000000000000000022222200000000200222222200000000000222200000000
00000000000000000000000000002002222222222211222222111000000000000000000000000000000000222222222000000002200000000000000000000000000000000000000000000000022222200000000000222222200000000000222220000000
00000000000000000000000000000000222222222111122222111121000000000000000000000000000002222222222000000000000000000000000000000000000000000000000000000000000222200000000000222222200000000002222220000000
00000000000000000000000000000000222222222111122222211112100000000000000000000000000000022222222200220000000000000000000000000000000000000000000000000000000222000020000000202222200000000222222220000000
00000000000000000000000000000000222222222221122222221111100000000000000000000000000000002222222200220000000000000000000000000000000000000000000000000000002220200220000000002222200000000222222222000000
00000000000000000000000000000010012222222222112222221111112210022000000000000000022000002222222222220000000000000000000000000000000000000000000000000000000000222000000200222222202200000222222222000000
00000000000000000000000000000010022222112212222222211112112220022000000000000000022000002220222222220000000000000000000000000000000000000000000000000000000002222200000222222222222200000222222220000000
00000000000000000000000000000220022221122111112222221111110100022000000000000000000220000000000000220000000000000000000000000000000000000000000000000000000002222200000022222222220220022222222000000000
00000000000000000000000000000220022222221111111111111111111100122000000000000000000220000000000000220000000000000000000000000000000000000000000000000000000002222200000022222222222220022222222000000000
00000000000000000000000000000000002122222111111111111111112001111000000000000000000000000000000000000000000000000000000000000000000000000000000000000000000000000000000022222222222222222222202200000000
00000000000000000000000000000000021112222111111111211112111001211000000000000000000000000000000000000000000022000000000000000000000000000000000000000000022000000000000000222222222222200000000000000000
00000000000000000000000000000000022122222111111111211111111102222000000000000000000000000000000000000000000022000000000000000000000000000000000000000000022000000000000002222222222222200000000000000000
00000000000000000000000000000000000022222120221112211111111001222022000000000000000000000000000000000000000000000000000000000000000000000000000000000000000000000000000222222222222200220220000002200000
00000000000000000000000000000000000022221120221111111111221001122022000000000000000000000000000000000000000000000000000000000000000000000000000000000000000000000000022222222222222222222220000002220000
00000000000000000000000000000002200021221102001122111111001211100000220220020022000000000000000000000000000000000000000000000000000000000000000000000000000000000000022222222222200000222000000000020000
00000000000000000000000000000000021022221120222121211112122011100022022002220000000000000000000000000000000000000000000000000000000000000000000000000000000000000022220222222220000000000000222202222000
00000000000000000000000000000000021022200220222222221111112101100022022202220000000000000000000000000000000000000000000000000000000000000000000000000000000000000022200022222220000000000000222202222000
00000000000000000000000000000000020022220000000000011111120221000222222202222000000000000000000000000000000000000000000000000000000000000000000000000000000000000000000022200222200000000000002202222000
00000000000000000000000000000000020022220000000000011111120220222222222222222000200000000000000000000000000000000000000000000000000000000000000000000000000000000000000222200222200000000000002222222200
00000000000000000000000000000000002222222000000001111111102020022222222222220000000000000000000000000000000000000000000000000000000000000000000000000000000000000000000220000000000000000000000022222200
00000000000000000000000000000002002222200000000002221111002000022222220002200000000000000000000000000000000000000000000000000000000000000000000000000000000000000002200022000002000000000222002222222222
00000000000000000000000000000000002222200000000002201111222000222222220000000000000000000000000000000000000000000000000000000000000000000000000000000000000000000002200022000000000000000222222222222220
00000000000000000000000000000000000000000222000002221112222000222222222000000000000000000000000000000000000000000000000000000000000000000000000000000000000000000000000000000000000000022222222222222200
00000000000000000000000000000000000000000222000002222222220000222222222000000000000000000000000000000000000000000000000000000000000000000000000000000000000000000000000000000000000000022202222222222000
00000000000000000000000000000000000000000000220000022222002002222222220000000000000000000000000000000000000000000222000000000000000000000000000000000000000000220000000000000000000000022222222222222000
00000000000000000000000000000000000000200000002222222222222000000000000002202200000000000000022200000000220000000002220000022000000000000000000000000000000000000000000000000000000000022222222222222220
00000000000000000000000000000000000000200000002222222222220000000000000002202200000000000000022200000000022000022002220000022000000000000000000000000000000000000000000000000000000000022222222222222220
00000000000000000000000000000000000000000000000000222222000220000200220002200000000000000002200000000000002000022222220020000000000000000000000000000000000000220000000000000000000000022222222222222220
00000000000000000000000000000000000000000000000000022222000220000200220002200000000000000002200000000000002202222222220020000000000000000000000000000000000000220000000000000000000000022222222222222220
00000000000000000000000000000000000000000000000000022000000220000000000000000000000000000000000000200000222222222222220002000000000000000000000000000000000000000000000000220000000000022222222222222220
00000000000000000000000000000000000000000000000000000000000000000000000000000000000000000000000000220000022222222222220020000000000000000000000000000000000000000000000200220000000000022222022222222000
00000000000000000000000000000000000000000000000000000000000000000000000000000000000000000000000000220000002222222222200020000000000000000000000000000000000000000000002200220000000000022222222222020000
00000000000000000000000000000000000000000000000000000000000000000000000000000000000000000000000000002000002222222222200000000000000000000000000000000000000000000000002220000220000000200000000022200000
00000000000000000000000000000000000000000000000000000000000000000000000000000000000000000000020000002000002200222222000000000000000000000000000000000000000000000002222222200220000000200000000002200000
00000000000000000000000000000000000000000000000000000000000000000000000000000000000000000020022000000000000000222222000000000000000000000000002000000000000000000002220022200002200000000000000000000000
00000000000000000000000000000000000000000000000000000000000000000000000000000000000000000000000000002000002222222220000000000000000000000000002000000000000000222222222022220002200000000002000000000000
00000000000000000000000000000000000000000000000000000000000000000000000000000000000000000000000000002000000022000000000000000000000000000000000000000000000000222222222000020202200000000002000000000000
00000000000000000000000000000000000000000000000000000000000000000000000000000000000000000000000000000002000200002220000000000000000000000000000000000022200000002222022022022000000000000000000000000000
00000000000000000000000000000000000000000000000000000000000000000000000000000000000000000000000000000002000200022220000000000000000000000000000000000022200000202222022222000000000000000000000000000000
00000000000000000000000000000000000000000000000000000000000000000000000000000000000000000002222022002222202222022220000000000000000000000000000000000000000002220022222022200000000000000000000000000000
00000000000000000000000000000000000000000000000000000000000000000000000000000000000000000000022200222202220000000000000000000000000000000000000002200000000222022222222222220000000000000000000000000000
00000000000000000000000000000000000000000000000000000000000000000000000000000000000000000000022222222202220000000000000000000000000000000000000002200000000220022222222222222000000000000000000000000000
00000000000000000000000000000000000000000000000000000000000000000000000000000000000000000002222222222200000000000000000000000000000000000000000220000000000222222222222222222000000000000000000000000000
00000000000000000000000000000000000000000000000000000000000000000000000000000000000000000022222222222000000000000000000000000000000000000000000220000000000202222222222222220000000000000000000000000000
00000000000000000000000000000000000000000000000000000000000000000000000000000000000000002222222222200000000000000000000000000000000000000000222000000002222222222222222222000000000000000000000000000000
00000000000000000000000000000000000000000000000000000000000000000000000000000000000000000002222000000000000000000000000000000000000000000000002000000000222222222222222220000000000000000000000000000000
00000000000000000000000000000000000000000000000000000000000000000000000000000000000000000002220000000000000000000000000000000000000000000000000000000000022222222222222200000000000000000000000000000000
00000000000000000000000000000000000000000000000000000000000000000000000000020000000000000022220000000000000000000000000000000000000000000000000000000000022202202222222200000000000000000000000000000000
00000000000000000000000000000000000000000000000000000000000000000000000222220000000000000022200000000000000000000000000000000000000000000000000000000000022202022222022200000000000000000000000000000000
00000000000000000000000000000000000000000000000000000000000000000000002222200000000000002200000000000000000000000000000000000000000000000000000000000000000220002200022200000000000000000000000000000000
00000000000000000000000000000000000000000000000000000000000000000000002222200000000000000000000000000000000000000220000000000000000000000000000000000000000000002222222000000000000000000002000000000000
00000000000000000000000000000000000000000000000000000000000000000000000222200000000000000000000000000000000000000220000000000000000000000000000000000000000000002222220000000000000000000002000000000000
00000000000000000000000000000000000000000000000000000000000000000000000000000000000000000000000000000000000000000000000000000000000000000000000000000000000000000002220200220000000000222220000000000000
00000000000000000000000000000000000000000000000000000000000000000000000000000000000000000000000000000000000000000000000000000000000000000000000000000000000000000222020200222200000000222222000000000000
00000000000000000000000000000000000000000000000000000000000000000000000000000000000000000000000000000000000000000000000000000000000000000000000000000000000000002220000222222222200000222220000000000000
00000000000000000000000000000000000000000000000000000000000000000000000000000000000000000000000000000000000000000000000002200000000000000000000000000000000000000000000022222220200000222222000000000000
00000000000000000000000000000000000000000000000000000000000000000000000000000000000000000000000000000000000000000000000002200000000000000000000000000000000000000000000022222202000000222222000000000000
00000000000000000000000000000000000000000000000000000000000000000000000000000000000000000000000000000000000000000000000000000000000020000000000000000000000000000000000222222000000000022222000000000000
00000000000000000000000000000000000000000000000000000000000000000000000000000000000000000000000000000000000000000000000000000000000020000000000000000000000000000000000222222000000000022222000000000000
00000000000000000000000000000000000000000000000000000000000000000000000000000000000000000000000000000000000000000000000002200000000000000000000000000000000220002200000022000000000000002000000000000002
00000000000000000000000000000000000000000000000000000000000000000000000000000000000000000000000000000000000000002220002200222222200020000000000000000000000000002200000000000000000000000000000000000000
00000000000000000000000000000000000000000000000000000000000000000000000000000000000000000000000000000000000000002220002200022222000020000000000000000000000000002200000000000000000000000000000000000000
00000000000000000000000000000000000000000000000000000000000000000000000000000000000000000000000000000000020002202222222222222222222200000000000000000000000000000000000000000000000000000000000000000000
00000000000000000000000000000000000000000000000000000000000000000000000000000000000000000000000000000000020002220022222222222222222200000000000000000000000000000000000000000000000000000000000000000000
00000000000000000000000000000000000000000000000000000000000000000000000000000000000000000000000000000000222222200002222222222222222200000000000000000000022000000000000000000000000000000000000000000220
00000000000000000000000000000000000000000000000000000000000000000000000000000000000000000000000000000000222222222222222222222222222200000000000000000000022000000000000000000000000000000000000000000220
00000000000000000000000000000000000000000000000000000000000000000000000000000000000000000000000000000002222220222222222200000222222000000000000000000000000000000022000000000000000000000000000000000002
00000000000000000000000000000000000000000000000000000000000000000000000000000000000000000000022200002000022222222222222200000222220000000000000000002200022002220220000000000000000000000000000000000000
00000000000000000000000000000000000000000000000000000000000000000000000000000000000000000000022200002000022222222222222200000222220000000000000000002200022202222222000000000000000000000000000220000022
00000000000000000000000000000000000000000000000000000000000000000000000000000000000000000020000000000000022222222222222220000002200000000000000002200002222222222220000000000000000000000002000022222222
00000000000000000000000000000000000000000000000000000000000000000000000000000000000000000020000000000000022222222222222220000000000000000000000002200000222222222220000000000000000000000002000022222222
00000000000000000000000000000000000000000000000000000000000000000000000000000000000000002200000000220000000002222222222200000022000000000000000000000000000222222220000000000000000000000000020022222222
00000000000000000000000000000000000000000000000000000000000000000000000000000000000000000000000000000000000000002222222000000000000000000000000000000000000000022222000000000000000000000000222022222222
00000000000000000000000000000000000000000000000000000000000000000000000000000000000000000000000000000000000000022200220000000000000000000000000000000000000000002220000000000000000000000000222022222222
00000000000000000000000000000000000000000000000000000000000000000000000000000000000000000000000000000000000000000000200000000000000000000000000000000000000000002220000000000000000000000000000222222222
00000000000000000000000000000000000000000000000000000000000000000000000000000000000000000000000000000000000000000000000000000000000000000000000000000000000000002220000000000000000000000000000022222222
00000000000000000000000000000000000000000000000000000000000000000000000000000000000000000000000000000000000000000002000000000000000000000000000000000000000002022220000000000000000000000000000002222222
00000000000000000000000000000000000000000000000000000000000000000000000000000000000000000000000000000000000000000000000000000000000000000000000000000000000000022000000000000000000000000000000022202222
00000000000000002200000000000000000000000000000000000000000000000000000000000000000000000000000000000000000000000000000000000000000000000000000000000000000000000000000000000000000000000000000022200222
00000000000002202220000000000000000000000000000000000000000000000000000000000000000000000000000000000000000000022000000000000000000000000000000000000000000000000000000000000000000000000000000022022222
00000000000022222220000000000000000000000000000000000000000000000000000000000000000000000000000000000000000000022000000000000000000000000000000000000000000000000000000000000000000000000000000022022222
00000000000022222220000000000000000000000000000000000000000000000000000000000000000000000000000000000000000000000000000000000000000000000000000000000000000000000000000222000000000000000000220022000222
00000000000000222220000000000000000022000000000000000000000000000000000000000000000000000000000000000000000000000000000000000000000000000000000000000000000000000000022022000000000000000000000000200022
00000000000000220222000000000000000002000000000000000000000000000000000000000000000000000000000000000000000000000000000000000000000000000000000000000000000000000000222022000000000000000000000000200022
00000000000220000022222000000002200022000000000000000000000000000000000000000000000000000000000000000000000000022000000000000000000000000000000000000022000222200002200022000000000000000000220002200222
00000000000222222022222000000002200022000000000000000000000000000000000000000000000000000000000000000000000000022000000000000000000000000000000000000022000222000002200022000000000000000000220002200222
00000022000022222222222200000220200000000000000000000000000000000000000000000000000000000000000000000000000000000000000000000000000000000000000000000000000000220000000000000000000200000000020000020000
00000022000000022200222222002222200000022000000000000000000000000000000000000000000000000000000000000000000000000000000000000000000000000000000000000000220000000002200000000000022200000000222202220000
00000022000000002200222222022222200000022000000000000000000000000000000000000000000000000000000000000000000000000000000000000000000000000000000000000000200000000002200000000000022200000000222202200000
00000000000000000000022222222222220000000000000000000000000000000000000000000000000000000000000000000000000000000000000000000000000000000000000000000000000220000000000000000000000000000000000022000000
00000000000000000000022222222222220000000000000000000000000000000000000000000000000000000000000000000000000000000000000000000000000000000000000000000000000220000000000000000000000000000000000020000000
00000000000000220000000022222222220000000000000000000000000000000000000000000000000000000000000000000000000000000000000000000000000000000000000000000000000000000000000000220000000000020000000000000000
00000000000220000002200022222222220000000000000000000000000000000000000000000000000000000000000000000000000000000000000000000000000000000000000000000000000002000000000000000000000000000000000000000000
00000000000220000002200022220222200000000000000000000000000000000000000000000000000000000000000000000000000000000000000000000000000000000000000000000000000002000000000000000000000000000000000000000000
00000000000022000222000000002222200000000000000000000000000000000000000000000000000000000000000000000000000000000000000000000000000000000000000000000000000000000000000000000000000000000000000000000000
00000000000022222220000000002222200000000000000000000000000000000000000000000000000000000000000000000000000000000000000000000000000000000000000000000000000000000000000000000000000000000000000000000000
00000000000220000000000000002222200000000000000000000000000000000000000000000000000000000000000000000000000000000000000000000000000000000000000000000000000000000000000000000000000000000000000000000000
00000000000000000000000002222222000000000000000000000000000000000000000000000000000000000000000000000000000000000000000000000000000000000000000000000000000000000000000000000000000000000000000000000000
00000000000000000000000000220220000000000000000000000000000000000000000000000000000000000000000000000000000000000000000000000000000000000000000000000000000000000000000000000000000000000000000000000000
00000000000000000000000000000000000000000000000000000000000000000000000000000000000000000000000000000000000000000000000000000000000000000000000000000000000000000000000000000000000000000000000000000000
00000000000000000000000000000000000000000000000000000000000000000000000000000000000000000000000000000000000000000000000000000000000000000000000000000000000000000000000000000000000000000000000000000000
00000000000000000000000000000002000000000000000000000000000000000000000000000000000000000000000000000000000000000000000000000000000000000000000000000000000000000000000000000000000000000000002200000000
00000000000000000000000000222222000000000000000000000000000000000000000000000000000000000000000000000000000000000000000000000000000000000000000000000000000000000000000000000000000000000000000000000000
00000000000000000000000000222222000000000000000000000000000000000000000000000000000000000000000000000000000000000000000000000000000000000000000000000000000000000000000000000000000000000000000000000000
00000000000000000000000000022220000000000000000000000000000000000000000000000000000000000000000000000000000000000000000000000000000000000000000000000000000000000000000000000000000000222000000000000000
00000000000000000000000000022200000000000000000000000000000000000000000000000000000000000000000000000000000000000000000000000000000000000000000000000000000000000000000000000000000000222000000000000000
00000000000000000000000000002000000000000000020000000000000000000000000000000000000000000000000000000000000000000000000000000000000000000000000000000000000000000000000000000000000000000000000000000000
00000000000000000000000000000000000000000220000000000000000000000000000000000000000000000000000000000000000000000000000000000000000000000000000000000000000000000000000000000000000000000220000000000000
00000000000000000000000000000000000000000220000000000000000000000000000000000000000000000000000000000000000000000000000000000000000000000000000000000000000000000000000000000000000000000220000000000000
00000000000000000000000000000000000000000000000000000000000000000000000000000000000000000000000000000000000000000000000000000000000000000000000000000000000000000000000000000000000000000222220000000000
00000000000000000000000000000000000000000000000000000000000000000000000000000000000000000000000000000000000000000000000000000000000000000000000000000000000000000000000000000000000000000222222200000000
00000000000000000000000000000000000000022000000000000000000000000000000000000000000000000000000000000000000000000000000000000000000000000000000000000000000000000000000000000000000022000222222222000000
00000000000000000000000000000000000000000020000000000000000000000000000000000000000000000000000000000000000000000000000000000000000000000000000000000000000000000000000000000000000000000222222222222000
00000000000000000000000000000000000000000000000000000000000000000000000000000000000000000000000000000000000000000000000000000000000000000000000000000000000000000000000000000000000000000222222222222000
00000000000000000000000000000000000022000000000000000000000000000000000000000000000000000000000000000000000000000000000000000000000000000000000000000000000000000000000000000000000000200222222222220000
00000000000000000000000000000000000022220000000000000000000000000000000000000000000000000000000000000000000000000000000000000000000000000000000000000000000000000000000000000000000000200222222222220200
00000000000000000000000000000000002222222000000000000000000000000000000000000000000000000000000000000000000000000000000000000000000000000000000000000000000000000000000000000000000000022222222222000200
00000000000000000000000000000000002222220000000000000000000000000000000000000000000000000000000000000000000000000000000000000000000000000000000000000000000000000000000000000000000000022222222220000002
00000000000000000000000000000000002222020000000000000000000000000000000000000000000000000000000000000000000000000000000000000000000000000000000000000000000000000000000000000000000000022222222200000002
00000000000000000000000000002200022220000000000000000000000000000000000000000000000000000000000000000000000000000000000000000000000000000000000000000000000000000000000000000000000000000002222222200000
00000000000000000000000000002000022222200000000000000000000000000000000000000000000000000000000000000000000000000000000000000000000000000000000000000000000000000000000000000000000000000002222202200000
00000000000000000000000000000000022220000220000000000000000000000000000000000000000000000000000000000000000000000000000000000000000000000000000000000000000000000000000000003002330023333333333333333333
00000000000000000000000002220220022200000222000000000000000000000000000000000000000000000000000000000000000000000000000000000000000000000000000000000000000000000000000000002002333333333333323330333333
00000000000000000000000022222220022000000222200000000000000000000000000000000000000000000000000000000000000000000000000000000000000000000000000000000000000000000000000000000000333333333333323330033333
00000000000000000000000022222222022000000022200000000000000000000000000000000000000000000000000000000000000000000000000000000000000000000000000000000000000000000000000000000233333233333333333332233303
00000000000000000000000022222220220000000022000000000000000000000000000000000000000000000000000000000000000000000000000000000000000000000000000000000000000000000000000000000333232223333333333302223303
00000000000000000000000000222202222200022222000000000000000000000000000000000000000000000000000000000000000000000000000000000000000000000000000000000000000000000000000000000333320033333333333002233303
00000000000000000000000000222202222222022222000000000000000000000000000000000000000000000000000000000000000000000000000000000000000000000000000000000000000000000000000000000323320333333333300002233003
00000000000000000022200000220000022222222222000000000000000000000000000000000000000000000000000000000000000000000000000000000000000000000000000000000000000000000000000000003233202333333333333030000003
00000000000000000022200020000000022222222222000000000000000000000000000000000000000000000000000000000000000000000000000000000000000000000000000000000000000000000000000000220000002333333333334433200003
00000000000000000020000020000000022222222220000000000000000000000000000000000000000000000000000000000000000000000000000000000000000000000000000000000000000000000000000000220000002333333443434433300000
00000000000000002200000022000000002222222220000000000000000000000000000000000000000000000000000000000000000000000000000000000000000000000000000000000000000000000000000000220220000033434444444444300000
00000000000000002200000022000000002222222220000000000000000000000000000000000000000000000000000000000000000000000000000000000000000000000000000000000000000000000000000000220220000033444444444444330000
00000000000000002200022000000000002222222000000000000000000000000000000000000000000000000000000000002000000000000002000000000000000000000000000000000000000000000000000000000000020033334444434434332234
00000000000000000002222000000000000000000000000000000000000000000000000000000000000000000000000000000220000000000000000000000000000000000000000000000000000000000002200022000002302333334444443344442233
00000000000000000002222220000000000000000000000000000000000000000000000000000000000000000000000222000220000000000000000000000000000000000000000000000000000000000002200022000002202233333333433334444423
00000000000000000000000022000000000000000000000000000000000000000000000000000000000000000000002222222220000000000002000000000000000000000000000000000000000000000000000000002300000033333333344333444443
00000000000000000000000022200000000000000000000000000000000000000000000000000000000000000000022220222220000000000002200000000000000000000000000000000000000000000000000000002000000033344444444344444444
00000000000000000000000000000000000000000000000000000000000000000000000000000000000000000000022022200000000000000000220000000000000000000000000000000000000000000000000000000002202233334444444233433444
00000000000000000000000000000000000000000000000000000000000000000000000000000000000000000000000000000000000000000000222000000000000000000000000000000000000000000000000000000000200033344444444333333444
00000000000000000000000000000000000000000000000000000000000000000000000000000000000000000000000000000000022000000000222000000000000000000000000000000000000000000000000000000000020033343444443333333344
00000000000000000000000000002000000000000000000000000000000000000000000000000000000000000000022220000000022200000000022200000000000000000000000000000000000000000000000000000000000033334444443333333333
00000000000000000000000000002200000000000000000000000000000000000000000000000000000000000000022000000000022200000000002020000000000000000000000000000000000000000000000000000000002023334444433334433433
00000000000000000000000000000000000000000000000000000000000000000000000000000000000000000000020000000002202200000000000000000000000000000000000000000000000000000000000000000002222023333333333334333433
00000000000000000000000000000000000000000000000000000000000000000000000000000000000000000022222000000222202222200000000000000000000000000000000000000000000002000000000000002002302203333333333333333434
00000000000000000000000000000000000000000000000000000000000000000000000000000000000000000022222000000220002222220000000000000000000000000000000000000000000002000000000000002002333223333434433333333433
00000000000000000000000000000000000000000000000000000000000000000000000000000000000000000022000000000220000000200220200000000000000000000000000000000000000002000000000000220002343223333444433333333433
00000000000000000000000000000000000000000000000000000000000000000000000000000000000000000020000002000220000000222220020000000000000000000000000000000000000002000000000000220333334422333433433322333444
00000000000000000000000000000000000000000000000000000000000000000000000000000000000000000020000002000022000000002000000000000000000000000000000000000000000000000000000003000033334422333333332022233444
00000000000000000000000000000000000000000000000000000000000000000000000000000000000000000000000222000222222200022022002000000000000000000000000000000000000000000000000000220033433442233333322222233444
00000000000000000000000000000000000000000000000000000000000000000000000000000000000000000000000222000220022200222222202200000000000000000000000000000000000000000000000000230003022344333334442233333444
00000000000000000000000000000000000000000000000000000000000000000000000000000000000000220000000222200220022222222222200200000000000000000000000000000000000000000000000000000002322234433334444444444444
00000000000000000000000000000000000000000000000000000000000000000000000000000000000000220000000222200220022222222222000000000000000000000000000000000000000000000000000000000002333233333333444444444444
00000000000000000000000000000000000000000000000000000000000000000000000000000000000000000000022222220020022222222200000000000000000000000000000000000000000000000000000000000000330003332003444444444444
00000000000000000000000000222000000000000000000000000000000000000000000000000000000000000000022220022220022222222000002200020000000000000000000000000000000000000000000000000000033300332323344444444444
00000000000000000000000000222000000000000000000000000000000000000000000000000000000000000000022200000222002222222000002200020000000000000000000000000000000000000000000000000000333300023323334444444444
00000000000000000000000000020000000000000000000000000000000000000000000000000000000000000002220200000002000002222220002200220000000000000000000000000000000000000000023000222233333322222023333444444444
00000000000000000000000000000000000000000000000000000000000000000000000000000000000000000002220000000000000000222220002200220000000000000000000000000000000000000000023000222233333322222033333344444444
00000000000000000000000000002000000000000000000000000000000000000000000000000000000000000002200000000000002220222222000002220000000000000000000000000000000000000000023000000022333430023303433344444433