00000000000000000000000000000000002000000000002200000000000000000000000000000000000000000000000000000000022202222220000022222000000000000000000000000000000000002230000000002222023443333303444334444334
00000000000000000000000000000000002002000000002200000000000000000000000000000000000000000000000000200000022220222220000022222020000000000000000000000000000000002200200000004232033344424303443434444333
00200000000000000000000000000000000022220000002200000000000000000000000000000000000000000000000000000000002222222222000022022200000000000000000000000000000000000000000000230022300034444433444444434443
00000000000000000000000000000000000022222000002220000000200000000000000000000000000000000000000000000000002222222220000022022200000000000000000000000000000000000000000034430003203022233444444434344330
02200000000000000000000000000000000022222000002222000000222000000000000000000000000000000000000000002000000022200200000022000220000000000000000000000000000000000000000022244232223333233443444333344323
22200000000000000000000000000000002222220220002202200000000200000000000000000000000000000000000000002220000000220220000022000000000000000000000000000000000000000000000000032220222333233333333333433322
22200000000000000000000000000000002222220222022222200000002000000000000000000000000000000000000000002220000000000220000022000000000000000000000000000000000000000000000200002000033334444233223224423334
02222022000000000000000000000000022200200022220020000000000000000000000000000000000000000000000000002200000000022000000000022000000000000000000000000000000000000000000022232220003334424320223234332033
22200022000000000000000000000000022002200002222220000000000000000000000000000000000000000000000000002220000000022000000000222000000000000000000000000000000000002000000023232220333433442322232233333002
22200000000000000000000000000000000020000002220020000022000000000000000000000000000000000000000000000002222000022220000000000000000000000000000000000000000002002202230032322330023343330233302332403002
22200000000000222200000000000000000020000000220000002222222200000200000000000000000000000000000000000002222000000000000020200000000000000000000000000000000002222222200204234343433333333333002333332003
22200000000000222220000000000000000000000000220000000022222200000220000000000000000000000000000000000002220000000000000022000000000000000000022000000000000002222222000203333444334302443430034323333303
22200000000002222220200000000000000000000220022200000000022000000000000000000000000000000000000000000000000000000000000020000000000000000000022000000000000002220000000000444333444333444333233003443333
22200000220000222222000000000000000000000220022200000000000000000000000000000000000000000000000000000000000220000000000020000000000000000000000200000000000022220000000000244443344433433444333333434434
02000002000002020022200000000000000000000220222202200000000000000000000000000000000000000000000000000000000000000000000000000000000000000000002200000000000000000000000000333443444444444344444443444433
02000022200000000200000000000000000000000000000220000000000000000000000000000000000000000000000000000000000000000000002000000000000000000000002200000000000000000000000022233344344333443433344324444330
02000022000000000000000000000000000000000000000020000000000000000000000000000000000000000000000000000000000000000000000200000000000000000000002000000000000000000000000022230334444344445444442334444443
20002220022000000000000000000000000000000000000000000000000000000000000000000000000000000000000000000000000000000000000000000000000000000000000000000000000000000000000000004430444554434444444444545433
20002200022200000000000000000000000000000000000000000000000000000000000000000000000000000000000000000000000000000000000000000000000000000000000000000000000000000000000000002034044344333444444544444444
20202200000200000200000000000000000000000000000000000000000000000000000000000000000000000000000000000000000000000000000000000000000000000000000000000000000000000020000000002330324334443434444445434444
00022200000000000000000000000000000000000000000000000000000000000000000000000000000000000000000000000000000000000000000000000000000000000000000000000000000000000020000000002220020032345455454454554545
22022020022000000000000000000000000000000000000000000000000000000000000000000000000000000000000000000000000000000000000000000000000000000000000000000000000000000022222200022003332333445555445555454455
02002200000000000000000000000000000000000000000000000000000000000000000000000000000000000000000000000000000000000000000000000000000000000000000000000000000000040003000300020232333445444544555555544545
00002200000000000000000000000000000000000000000000000000000000000000000000000000000000000000000000000000000000000000000000000000000000000000000000000000000000000000000200000223454334455544545555545444
00000000000000000000000000000000000000000000000000000000000000000000000000000000000000000000000000000000000000000000000000000000000000000000000000000000000000000000000000002224434555444444555555555444
00000002000000000000000000000000000000000000000000000000000000000000000000000000000000000000000000000000000000000000000000000000000000000000000000000000000000000300000000030234445554444444455555555444
02202022000020000000000000000000000000000000000000000000000000000000000000000000000000000000000000000000000000000000000000000000000000000000000000000000000000000000000022233304544455455444555545455444
22202220000020002000000000000000000000000000000000000000000000000000000000000000000000000000000000000000000000000000000000000000000000000000000000000000000000000000000022333333535444545444555444445444
22222200000000000000000000000000000000000000000000000000000000000000000000000000000000000000000000000000000000000000000000000000000000000000000000000000000000000000003444444333444455444444455544443454
02220000000002000200000000000000000000000000000000000000000000000000000000000000000000000000000000000000000000000000000000000000000000000000000000000000000000000000044444244434454444444444555454344434
22220200000000000000000000000000000000000000000000000000000000000000000000000000000000000000000000000000000000000000000000000000000000000000000000000000000000000000022444444445455545444444555444545544
22200000000002200000000000000000000000000000000000000000000000000000000000000000000000000000000000000000000000000000000000000000000000000000000000000000000000000000022024444545444434443344554454455454
00002222000000020000000000000000000000000000000000000000000000000000000000000000000000000000000000000000000000000000000000000000000000000000000000000000000000224322222444344545555444444444554445555444
00002200000000002000000000000000000000000000000000000000000000000000000000000000000000000000000000000000000000000000000000000000000000000000000000000000000000342334444403445555555444444345544544554455
00002222000000220000000000000000000000000000000000000000000000000000000000000000000000000000000000000000000000000000000000000000000000000000000000000000000003002324234344444455454544343345445545555555
00002222000000220000000000000000000000000000000000000000000000000000000000000000000000000000000000000000000000000000000000000000000000000000000000000000000000002222322222344445555544433345444445544443
00000002200000000000000000000000000000000000000000000000000000000000000000000000000000000000000000000000000000000000000000000000000000000000000000000000000003333300000443444544555555534444454444445454
00200002222000000000000000000000000000000000000000000000000000000000000000000000000000000000000000000000000000000000000000000000000000000000000000000000022003333323233344344445455555455554344444545555
00000000222000000000000000000000000000000000000000000000000000000000000000000000000000000000000000000000000000000000000000000000000000000000000000000000023003233333344223334445555555555554443444544444
22000000222200000000000000000000000000000000000000000000000000000000000000000000000000000000000000000000000000000000000000000000000000000000000000000023033223002233333232444455555555555555434444444444
22020000022200000000000000000000000000000000000000000000000000000000000000000000000000000000000000000000000000000000000000000000000000000000000000000033333333002232333334444455555555555554544444433444
22200222200000000000000000000000000000000000000000000000000000000000000000000000000000000000000000000000000000000000000000000000000000000000000000000333333334302303344344444355555555555555554454433444
20002220200000000000000000000000000000000000000000000000000000000000000000000000000000000000000000000000000000000000000000000000000000000000000000003000200033222333343444442445555555555555555545333445
22002222020000000000000000000000000000000000000000000000000000000000000000000000000000000000000000000000000000000000000000000000000000000000000000000300300033233432444442003444555555555555555454343554
02200222220000000000000000000000000000000000000000000000000000000000000000000000000000000000000000000000000000000000000000000000000000000000000000000022000330000000330000423444455555555555555544444544
02200022220000000000000000000000000000000000000000000000000000000000000000000000000000000000000000000000000000000000000000000000000000000000000000000023000334000000000000244444445555555555555553455555
00000000022200000000000000000000000000000000000000000000000000000000000000000000000000000000000000000000000000000000000000000000000000000000000000000003333434333302000000444443444444455555555555555455
20200000000000000000000000000000000000000000000000000000000000000000000000000000000000000000000000000000000000000000000000000000000000000000000000000000033422300403000234444433332555544555555555554545
00000000000222000000000000000000000000000000000000000000000000000000000000000000000000000000000000000000000000000000000000000000000000000000000000000003034442400003000344444442323555555445555555554545
22000000002200000000000000000000000000000000000000000000000000000000000000000000000000000000000000000000000000000000000000000000000000000000000000000003224433002200000344443343334535455545555555555454
00000000002002000000000000000000000000000000000000000000000000000000000000000000000000000000000000000000000000000000000000000000000000000000000000000003424423043430033445334443344444345545555555555445
00000000020000200000000000000000000000000000000000000000000000000000000000000000000000000000000000000000000000000000000000000000000000000000000000000000244224432430334443434443443245354454555555554455
20020000000000000000000000000000000000000000000000000000000000000000000000000000000000000000000000000000000000000000000000000000000000000000000000000000344324332323304534444554454435545544555555554455
00020000000000000000000000000000000000000000000000000000000000000000000000000000000000000000000000000000000000000000000000000000000000000000000000000000244444332334335444245554545444443355455555554455
00020022200000200000000000000000000000000000000000000000000000000000000000000000000000000000000000002000000000000000000000000000000000000000000000000000344433032343344444335555544544333354444555554455
00022022000000000000000000000000000000000000000000000000000000000000000000000000000000000000000000002300000000000000000000000000000000000000000000000000234420303443335443445555555434340454454555545555
00002200000000000000000000000000000000000000000000000000000000000000000000000000000000000000000000000300000000000000000000000000000000000000000000000000022444422433035555435555555544445554454434445555
00002200000000000000000000000000000000000000000000000000000000000000000000000000000000000000000000003330000000000000000000000000000000000000000000000003000003423003334555545544444555444554444444244455
00002200000000000000000000000000000000000000000000000000000000000000000000000000000000000000000000003333000000000000000000000000000000000000000000000000000000230000023533244444434444434443345444434444
00000000000000000000000000000000000000000000000000000000000000000000000000000000000000000000000000003333000000000000000000000000000000000000000000000000000000000000000003343453423443323333324302034334
00000000000000000000000000000000000000000000000000000000000000000000000000000000000000000000000000003330000000000000000000000000000000000000000000000000000000000000000003233333332323334223232203234344
00000000020000000022220000000000000000000000000000000000000000000000000000000000000000000000000000000330000000000000000000000000000000000000000000000000000000002300000330004444443033034432300022303434
00000000000220000002202000000000000000000000000000000000000000000000000000000000000000000000000000000300000000000000000000000000000000000000000000000000000000000000000224334444343233232343330000322034
00000000000220000002220000000000000000000000000000000000000000000000000000000000000000000000000000000000000000000000000000000000000000000000000000000000000000000000000223344444443444343332223300033330
00000000000220000000202000000000000000000000000000000000000000000000000000000000000000000000000000000000000000000000000000000000000000000000000000000000000000000000000300233443444433334433333230000302
20200000000220000000200020000000000000000000000000000000000000000000000000000000000000000000000000000000000000000000000000000000000000000000000000000000000000000000000234434444444444544553443330000033
22222022000000000000000000000000000000000000000000000000000000000000000000000000000000000000000000000000000000000000000000000000000000000000000000000000000000000000022233332333444454433344444333000003
22222202000000222222022000000000000000000000000000000000000000000000000000000000000000000000000000000000000000000000000000000000000000000000000000000000000000220000000234300003344354343334443433330000
22022220000000222220022000000000000000000000000000000000000000000000000000000000000000000000000000000000000000000000000000000000000000000000000000000000000000220330003332300003234443333344333333000000
22220022222220200022222000000000000000000000000000000000000000000000000000000000000000000000000000000000000000000000000000000000000000000000000000000000000000002323333430233032324443444433333343333000
22222222202220000022222000000000000000000000000000000000000000000000000000000000000000000000000000000000000000000000000000000000000000000000000000000000000000002423443430233003333443444444404344431300
22222222020002000000022022220000000000000000000000000000000000000000000000000000000000000000000000000000000000000000000000000000000000000000000000000000000300230032443330333303434344344444332333333330
22202222222002220000000000000000000000000000000000000000000000000000000000000000000000000000000000000000000000000000000000000000000000000000000000000000000002002333454332330333333433334443222344334333
22222222220202222000000000000000000000000000000000000000000000000000000000000000000000000000000000000000000000000000000000000000000000000000000000000000000000002203454433330033344430023323223332333313
22222222222000000002000022000000000000000000000000000000000000000000000000000000000000000000000000000000000000000000000000000000000000000000000000000000000000000223343444433334454343433200223333333331
22222222220002000200000022000000000000000000000000000000000000000000000000000000000000000000000000000000000000000000000000000000000000000000000000000000000003330022332233333343443244433300222133333344
22222222220002000000000000000000000000000000000000000000000000000000000000000000000000000000000000000000000000000000000000000000000000000000000000000000000244433022030234433332333233322232100123433344
22222222220000000000000000000000000000000000000000000000000000000000000000000000000000000000000000000000000000000000000000000000000000000000000000000000330233332320002333333432323332332222233034444444
22222222222000000000000000000000000000000000000000000000000000000000000000000000000000000000000000000000000000000000000000000000000000000000000000000000000244303333300444333333222333331222223334444444
22222222020200000000000000000000000000000000000000000000000000000000000000000000000000000000000000000000000000000000000000000000000000000000000000002200322234532344324444333443332333333112233334444444
22222222000200000000000000000000000000000000000000000000000000000000000000000000000000000000000000000000000000000000000000000000000000000000000330032240022223233444344444344433332333333233133434444444
02222222000200000000000000000000000000000000000000000000000000000000000000000000000000000000000000000000000000000000000000000000000000000000000230000042323222334443344344444443443443333331133333444444
22222222020200000000000000000000000000000000000000000000000000000000000000000000000000000000000000000000000000000000000000000000000000000000000223003022033324344343344444444443344443333332133334444444
22200002000220002000000000000000000000000000000000000000000000000000000000000000000000000000000000000000000000000000000000000000000000000000003232232333333344444443433334445443444443333433133344444444
22222220022000220000000000000000000000000000000000000000000000000000000000000000000000000000000000000000000000000030000000000000000000023323330223443443323435444444444434445444444443333443333344444444
22222200022000220000000000000000000000000000000000000000000000000000000000000000000000000000000000000000000000000000000000000000000000334444444444444433334444434334344444444444444433333444333344444334
22222022000000000000000000000000000000000000000000000000000000000000000000000000000000000000000000000000000000000000000000000222233334334444444304244443445444333034233344444434444433333443333443444434
00020022000000000000000000000000000000000000000000000000000000000000000000000000000000000000000000000000000000000000000000003332333020022234444402344444444444334334333434445444444443333444333244443343
20000000200000000000000000000000000000000000000000000000000000000000000000000000000000000000000000000000000022200000000000000000333000000000003400024444444443343333443444445444544443333444333334433323
20220000220000000000000000000000000000000000000000000000000000000000000000000000000000000000000000000000000000220000000000000000000000000000330300004444444443444434444444445444444443343444433443343222
22222000000000000000000000000000000000000000000000000000000000000000000000000000000000000000000000000000000002220000000000000000030000000000230000002334444433343334444444444444454443433344434444434333
22000000000000000000000000000000000000000000000000000000000000000000000000000000000000000000000000220000000002002000000000000000000000000000000000000034444444344433434444444444444444433444444444333333
20000000000000000000000000000000000000000000000000000000000000000000000000000000000000000000000000220000000000000000000000000000000000000000000000000022444444444444344444444444444444443444444444333434
00000000000000000000000000000000000000000000000000000000000000000000000000000000000000000000000000220002202000200000000000000000000030000000000000000000034444444444444444444443444444444443444344443433
00000000000000000000000000000000000000000000000000000000000000000000000000000000000000000000000222000220220000000000000000000000000000000000000000000000000444444444444444444444444344334444444443333444
00000000000000000000000000000000000000000000000000000000000000000000000000000000000000000000000222000000020002000000000000000000000000000000000000000000000244432344444444444444443333333443444444333434
00000000000000000000000000000000000000000000000000000000000000000000000000000000000000000000000200000200022222000000000000022000000000000000000000000000020004443344444444444444444333333443444443333344
00000000000000000000000000000000000000000000000000000000000000000000000000000000000000000000000200000200022222000000000000022000000000000000000000000000020002244444444444444444444443333443433343333334
00000000000000000000000000000000000000000000000000000000000000000000000000000000000000000000022222220222222222220000000000000000000000000000000000000000020002334444444444444444444333333443343343333333
00000000000000000000000000000000000000000000000000000000000000000000000000000000000000000002022022222200022222200000000000000000000000000000000222200000000022344444444444444444444443333443334444343333
00000000000000000000000000000000000000000000000000000000000000000000000000000000000000000020022022222202022222220000000000000000000000000000000222200000000003344444444444444444444443333443443444444333
00000000000000000000000000000000000000000000000000000000000000000000000000000000000000000022022222000222200222220000000000000000000000000000000000000000000003444444444444444443444343334443444444443333
00000000000000000000000000000000000000000000000000000000000000000000000020000002200002000020202222200222220022220000000000000000000000000000000000000000000003444444444444444344444334334434343444444433
00000000000000000000000000000002000000000000000000000000000000000000000220000000000002002022222220222202222222220000000000000000000000000000000230000000320003444444444444444444344334334433444444444443
00000000000000000000000000002222200000000000000000000000000000000000000000000000022220002022222222222222222222220000220000000000000000000000003302202444443333444444444444444444443434334444444444444333
00000000000000000000000000002222220000000000000000000000000000000000000000000000022220002022222222222222222222220000220000000000000000000000003303302323344444444444444443444344443334334444444444444443
00000000000000000000000000222002000000000000000000000000000000000000220020000002000000222200022222222222222222220000000000000000000000000000000330031203034444444444444443444444443334334434444555544443
00000000000000000000000000222020022000000000000000000000000000000000220000000000200220222200222222222222222222200000000000000000000000000000220233333330033444444444444444434444344334334434445555554443
00000000000000000000000000002000022000000000000000000000000000000020000220000000000022220222222222222222222220200000002200000000000000000000000003033332223441333444444443443344444434344434455555554433
00000000000000000000000200002002222200000000000000000000000000000022002220020000000200000022220000202222222222022222222222200000000000000020002003333333321233334443444444444444334434344434445555554444
00000000000000000000000220002002222200000000000000000000000000000222002220022000020020020022200000002222222222222222222222200000000000000020002000033332333333334444444344444344344434444444445555555544
00000000000000000000000000200222222200000000000000000000000000000000000002202200020020222220000000000000022222222222222200000000000000000000002000033332233113344444444444444443334334443444455555555554
00000000000000000000000000000222222200000000000000000000000000002000000002202200002220222200000000002000002222222222222200000000000000000020002000033332233333344444343343434433433333444444555555555544
00000000000000000000000000000002220000000000000000000000000000022000002000020020222220222000000220000000002200222202202020000000000000000222220000023330000133444434433444434333333333334444555555555554
00000000000000000000000000000222200020220000220000000000000000022000000000022222222002202200000000000000000002022202022000000000000000000200000000003333331213444344443443444433333333444445555555555544
00000000000000000000000000000222202020220000220000000000000002222000000000222222220002202200000000000000000000000002022000000000000000000200000220003233332134444434444444444433334334344444555555455444
00000000000000000000000000000000000022202002000000000000000222222000000222222222222222222222020000000000000000022000002000000000000000000000000222222234223244443333444434444433333333344444545454444444
00000000000000000000000000000000000022022002000000000000000222222002222222222222222222222222020000000000000000022000000000000000000000000000002222202233233444444343444443434333434333344444444444444444
00000000000000000000000000000002220000220222002220000000000000000222202222222222222222222202220000000000000000000000220000000000000000000222200002222323444444444444444434344333344333444444444444434444
00000000000000000000000000000022000000000200022220000000220002200222222220222222222222222200020000000000000000000000000000000000002230000022000000003444444444443334444444333443333333344444444444334444
00000000000000000000000000000000000000000000002222000200220002200022222222222222222222222200000000000000000000000000000000000000002223000000000000034444444444434333344443333343433333343344444434333343
00000000000000000000000000000000000000000000000022222200200000000222000000202222222222222000000000000000000000000000000000000000000020000000000001234444444444344343344343333344333333344433443344333333
00000000000000000000000000000000000000000000000222222000000220000222000000202222222222220000200000000000000000000000000000000000003320000000000333334444444444443444333443333333334333333433333333333323
00000000000000000000000000000000000000000000000002200000000000020000220002002222220000000020022000200000000000000000000000000000000032322330223323044444444444444343334333433333333333333333333333333333
00000000000000000000000000000000000000000000000002200000200220000000000000022222222000200002222000000000000000022300000000000000000023233303302333243444444444444444433343333333333333333333333333333333
00000000000000000000000000000000000000000000000002200000000222000200000000202222222002000022222000000000000000333300000000000000000033333333333333343444444444444443444333333333333333333333333333333333
00000000000000000000000000000000000000000000000000000000000002200000002000000222200000220000202000002000000000000333200000000003223333303332333333444444445544444444433333333333333333333333333333333333
00000000000000000000000000000000000000000000000000000000000002200002202220220000222000222000022000000000000000000003000000000000223330003233333333434444555555444444443333333333333333233333333333333313
00000000000000000000000000000000000000000000000000000000000222000200002220220000022220200000022000000002200000000003002200000022220000023300233444344444555555554444333333333333333333133333333333333333
00000000000000000000000000000000000000000000000000000000002000000222000002220020022220000200022200000000000000000000020000000000000000020033233344444445555555554444433333333333333333233333333333331333
00000000000000000000000000000000000000000000000000000000002000000022000002200000022220200002022200000000000000000000000000000000000000000000333333444444555555554444433433333333333333323333333333333333
00000000000000000000000000000000000000000000000000000000000000000000000000002200200222220022202000000000000000000000000000000000000000000012333333334444555555554444433333333333333333333133333333333333
00000000000000000000000000000000000000000000000000000000000000000000000000000000200222220022200000000000000000000000000000000000000000000001233333334435455555544444434333333333333333332233333333331333
00000000000000000000000000000000000000000000000000000000000000000000000000000000020000020022200000000000000000000000000000000000000000021233323334444445555555544444433333333333333333333332233333333333
00000000000000000000000000000000000000000000000000000000000000020000000000000000002000000000000000000000000000000000000000000000020000033333333334444455555555554444443333333333333333333232233333333333
00000000000000000000000000000000000000000000000000000000000000000022000000000022000000000000000000000000000000000000000000000000000000000333444344555555555555555444444334333333333332343330233033333333
00000000000000000000000000000000000000000000000000000000000000002000000000000000000000000000000000000000000000000000000002300200000000000333334445555555555555555444444343333333333333343333022333333333
00000000000000000000000000000000000000000000000000000000000000000000000000000000000000000000000000000000000000000000000302200000000000330334344445555555555555555544444443333333333333343333202333333433
00000000000000000000000000000000000000000000000000000000000000000000000000000000022220000000000000000000000000000000000000002000020033033333434444455555555555555444444443334333333333343333323333333333
00000000000000000000000000000000000000000000000000000000000000000000000000000000022220000000000000000000000000000000000000000000000033443333344444555555555555555444444434433333333333333333333333333333
00000000000000000000000000000000000000000000000000000000000000000000000000000000000222200000000000000000000000000000000000000000300023343333333445555555445555554444444444443333333333333333333333333333
00000000000000000000000000000000000000000000000000000000000000000000000000000000000002000000000000000220000000000000000020023300000003333433334444444544444555544444443344433333333333333303333333333333
00000000000000000000000000000000000000000000000000000000000000000000000000000020000202000000000000000220000000000000300023023300000003443333334444444444444444444444443444444333333232232202333333333222
00000000000000000000000000000000000000000000000000000000000000000000000000000000020222002000000000000000030000333000002330003323030023334343433344444444455544444443444444443433333333232222333333333222
00000000000000000000000000000000000000000000000000000000000000000000000000000000002222000000022200000000230003300003333333333333300033333344334344444444455555444444443444334333333330330322333333333322
00000000000000000000000000000000000000000000000000000000000000000000000000000000200200000200220020000002220003300232333333343330000033322243333444444444455555544444434444343333333303233002233333333322
00000000000000000000000000000000000000000000000000000000000000000000000000000000222000000200220000000022200023000000000333330030030320022222233334444434345555444444444444433333333333303033302333333333
00000000000000000000000000000000000000000000000000000000000000000000000200000000222000000000000000000002220023000000000023000000000320023223333334444344445555444444444443333303330333302333332123333333
00000000000000000000000000000000000000000000000000000000000000000000000220000000000000000000000000000000000000000000000000000003300023023233333433433444444554444444444444333333333300233333333322123333
00000000000000000000000000000000000000000000000000000000000000000000000220000000200000000000000000000000000300000000000000003300000020022233334444443443344444444443444334333333323303333333333333322223
00000000000000000000000000000000000000000000000000000000000000000000000002020000022000000000000000002000000300000000000002333333000002322333333334444443334444444333444443333333330330333333333333333222
00000000000000000000000000000000000000000000000000000000000000000000000000000000000000000000000000000000002333300220333022300333333320032333333334334433334444444444444443333333333223333333333333333333
00000000000000000000000000000000000000000000000000000000000000000000000000000000000000000000000000000000002223333330330023330233332333333333333333333333334445544444433333222223323333333333333333333333
00000000000000000000000000000000000000000000000000000000000000000000000000000000000000000000000000000000000000023302333002230333333332223333333333332333334455544444443333332000032333333333333333333333
00000000000000000000000000000000000000000000000000000000000000002000000000000000000000000000000000000000000000022003320002200333000002333333333333333233334455554444433333333332222333333333333333333333
00000000000000000000000000000000000000000000000000000000000000000000000000000000000000000000000000000000000000000230000000000233333333333333333323022200333344554444434434333320023230030302332332222222
00000000000000000000000000000000000000000000000000000000000000000000000000000000000000000000000000000000000000000000000000000003333333333333333333222200233444554444444434333332222233333220032233000022
00000000000000000000000000000000000000000000000000000000000000000000000000020000000000000000000000000000000000000000000000000000233333333232333333320000223344455554444443433322220022223220002200000022
00000000000000000000000000000000000000000000000000000000000000000000000000000000000000000000000000000000000000000000000000000000000033233232333333324333222334455555544344333332220222022033000000000002
00000000000000000000000000000000000000000000000000000000000000000000000000000000000000000000000000000000000000000000000000000000030003200000002133334434443333555555544444333333322022023002300000000002
00000000000000000000000000000000000000000000000000000000000000000000000000000000000000000000000000000000000000000000000000000000000030030220211133444444433343555555544444333333333222222200000000020000
00000000000000000000000000000000000000000000000000000000000000000000000000000000000000000000000000000000000000000000000000000000000000030222013343445555542345555555544444333333322222220233003000000200
00000000000000000000000000000000000000000000000000000000000000000000000000000000000000000000000000000000000000000000000000000000000000030322203444355555555345455555444444422222233222000002000000000000
00000000000000000000000000000000000000000000000000000000000000000000000000000000000000000000000000000000000000000000000000000000000000033222223444455555555545555555443330000000000000000000000000000000
00000000000000000000000000000000000000000000000000000000000000000000000000000000000000000000000000000000000000000000000000000000000000023023322444555555555445555555443330000000000000000000000000000000
00000000000000000000000000000000000000000000000000000000000000000000000000000000000000000000000000000000000000000000000000000022000000022234444444445555554444555555544430000000000000000000000000000000
00000000000000000000000000000000000000000000000000000000000000000000000000000000000000000000000000000000000000000000000000000000000000000033444344444555555444555555544333000000000000000000000000000000
00000000000000000000000000000000000000000000000000000000000000000000000000000000000000000000000000000000000000000000000000000000020000000023423334445555555444450000000000000000000000000000000000000000
00000000000000000000000000000000000000000000000000000000000000000000000000000000000000000000000000000000000000000000000020000000000000000000333344344555550040550000000000000000000000000000000000000000
00000000000000000000000000000000000000000000000000000000000000000000000000000000000000000000000000000000000000000000000020200200000000000003331333444545000000000000000000000000000000000000000000000000
00000000000000000000000000000000000000000000000000000000000000000000000000000000000000000000000000000000000000000000202002220000002300310000233334444400000000000000000000000000000000000000000000000000
00000000000000000000000000000000000000000000000000000000000000000002220000000000000000000000000000000000022222222202002220022022222323022211233333444400000000000000000000000000000000000000000000000000
00000000000000000000000000000000000000000000000000000000000000000000220000000000000000000000000000000000022200222002002222022222222330022122233333434400000000000000000000000000000000000000000000000000
00000000000000000000000000000000000000000000000000000000000000000000000000000000000000000000000000000000002220000000222202200020000312323122233333334000000000000000000000000000000000000000000000000000
00000000000000000000000000000000000000000000000000000000000000000000000000000000000000000000000000000000002200000000222202222000000221312222233332200000000000000000000000000000000000000000000000000000
00000000000000000000000000000000000000000000000000000000000000000000000000000000000000000000000000000000000000000000002202222222022021021222323300000000000000000000000000000000000000000000000000000000
00000000000000000000000000000000000000000000000000000000000000000000000000000000000000000000000000000000000000000000222222222222000003322221222300000000000000000000000000000000000000000000000000000000
00000000000000000000000000000000000000000000000000000000000000000000000000000000000000000000000000000000000000000000222222222222002022222211121300000000000000000000000000000000000000000000000000000000
00000000000000000000000000000000000000000000000000000000000000022000000000000000000000000000000000000000000022000000002222222222202222222111112230000000000000000000000000000000000000000000000000000000
00000000000000000000000000000000000000000000000000000000000000022200000000000000000000000000000000000000000022000020002222222222222022222221111000000000000000000000000000000000000000000000000000000000
00000000000000000000000000000000000000000000000000000000000000000000000000000000000000000000000000000000000000000002202222222222222022200220000000000000000000000000000000000000000000000000000000000000
00000000000000000000000000000000000000000000000000000000000000000000000000000000000000000000000000000000000000000222222222222222222000000000000000000000000000000000000000000000000000000000000000000000
00000000000000000000000000000000000000000000000000000000000000000000000000000000000000000000000000000000000000020222202222222222222000000000000000000000000000000000000000000000000000000000000000000000
00000000000000000000000000000000000000000000000000000000000000000000000000000000000000000000000000000000000000220222222222222222000000000000000000000000000000000000000000000000000000000000000000000000
00000000000000000000000000000000000000000000000000000000000000000000000000000000000000000000000000000000000000202222222222222200000000000000000000000000000000000000000000000000000000000000000000000000
00000000022000000000000000000000000000000000000000000000000000000000000000000000000000000000000000002202000000000222222022222220000000000000000000000000000000000000000000000000000000000000000000000000
00000000000000000000000000000000000000000000000000000000000000000000000000000000000000000000000000000000000000000002222222222200000000000000000000000000000000000000000000000000000000000000000000000000
00000000000000000000000000000000000000000000000000000000000000000000000000000000000000000000000000000000000000000000002222222200000000000000000000000000000000000000000000000000000000000000000000000000
00000000000000000000000000000000000000000000000000000000000000000000000000000000000000000000000000000000000000000000222222222200000000000000000000000000000000000000000000000000000000000000000000000000
00000000000000000000000000000000000000000000000000000000000000022002000000000000000000000000000000000000000000000000222222222000000000000000000000000000000000000000000000000000000000000000000000000000
00000000000000000000000000000000000000000000000000000000000000022200000000000000000000000000000000000000000000000000000022220000000000000000000000000000000000000000000000000000000000000000000000000000
00000000000000000000000000000000000000000000000000000000000000222000000000000000000000000000000000000000000000000000000222220000000000000000000000000000000000000000000000000000000000000000000000000000
00000000000000000000000000000000000000000000000000000000000222202222220000000000000000000000000000000000000000000000002222222000000000000000000000000000000000000000000000000000000000000000000000000000
00000000000000000000000000000000000000000000000000000000000002200222220000000000000000000000000000000000000000000000022000000000000000000000000000000000000000000000000000000000000000000000000000000000
00000000000000000000000000000000000000000000000000000000000002200222220000000000000000000000000000000000000000000000000000000000000000000000000000000000000000000000000000000000000000000000000000000000
00000000000000000000000000000000000000000000000000000000000222000222200000000000000000000000000000000000000000000000000000000200000000000000000000000000000000000000000000000000000000000000000000000000
00000000000000000000000000000000000000000000000000000000000220020222220000000000000000000000000000000000000000000000000000000000000000000000000000000000000000000000000000000000000000000000000000000000
00000000000000000000000002000000000000000000000000000000000000022022222222220000000000000000000000000000000000000000000000000000000000000000000000000000000000000000000000000000000000000000000000000000
00000000000000000000000000000000000000000000000000000000220000000222222002000000000000000000000000000000000000000000000000000000000000000000000000000000000000000000000000000000000000000000000000000000
00000000000000000000000000000000000000000000000000000002222020200022222000000000000000000000000000000000000000000000000000000000000000000000000000000000000000000000000000000000000000000000000000000000