00000000000000000000000000000000000000000000000200000000002000000000200000000000002020000000000000000000000000000000000002220222000000000000000000000000020000200022202222220022200000000000000010000000
00000000000000000000000000000220000000000220000000000000000000000000220000000000000200000000000000000000000000000020000000000222200000220000000000000020000000202222220220220022222000000000000100000000
00000000000000000000000000002220000002220020000000000000000000000002000000000000002200000000000000000000000000002000002000000222000000000000000000202000020000022020222220000220020000000000000221100000
00000000000000000000000000022000000002200022200000202200000000000000000000000000002200000000000000000000000020000002202222220200000000020200000000000000000000220000222222000022020000000000011212000000
00000000000000000000000000020200220000200002200002200220000000000000000000000000000000000000000000020000200000000002202222000000200000000000000000000000000000000022022220000000022000000000010110100000
00000000000000000000000000022202000002220002220002200020000000000000000000000000202000020002200000020000000000000002222220020000000000000000000000000000000000000222022220200000022000000001011001000000
00000000000000000000000000000002000002222020002002000000000000000000000000000000022002000002000000000000000000000020022000222200000220000020000020000000000000000222000202202000001222000000011101000000
00200000000000000000000000000002000002220000000000000000000000222000200000000000022000200000000000000000000000000000022000222000002002000000000000200000000000001222002100100020000100200001101101000000
02200000000000000000000000000000002222222000000000000000000000220000000000000000000000002000000000000000000000000000000200222000000200000002000022000000000000102122000000100020000100001012111100000000
00000000000000000000000000000000022002222000000000002200000000020000000000000000020000000000000000000020000000000200000220022000002200000000000022000001112201200022000000020000100111210102212100000000
00000000000000000000000000000000000000200000000002202220000000220000000000000220200002222202000000000000000000000000002220220000022000000000000000000010001222200022000000002210001111221101111100000000
00000000000000000000000000000000000022200000000220220002200000220000000000000020000000202202000000000000000000000000002222220002220000200000000000000000000120120022000220222212121110220012121100000000
00000000000000000000000000000000000222022002022220002222200000000000000000000000002000000220000000000000200000000000022222200002202002000000000000000000000211000000200222012222121112000100111101000000
00000000000000000000000000000000002220000002202020000000200220000000000000000000002200222020000000000020000000000000022220200020220000000000000000000000000210000000200222202112212012100100100000000000
00000000000000000000000000000000000222022022200002200020020000000000000000000000000000000000000000000222220002002000022220020002000000110022000000000000000220000012200022220201101111120022112212000002
00000000020000000000000000000000000000000020200002200200220200000000000000000000000000000000000000002222200000000000022200200002000000000001000000000200000210001012202002220112210121220122112112000002
00000000002220000000000000000000000000000000000000020000200000000000000000000000000000000000000000000000000000000002200000200000000000000001000000200200000011200000100002002121001112000111111110000000
00000000000000200002200000000000000000000000000000000000000000000000000000000000000000000000000000000000000002200222220000220220200000000002000000220000000212222222010221222211022211001111111111222122
00000000000000200002200000000000000000000000000000000000000020000000000000000000000000000000000000020200000022222222200000222220000000000011000000020000000211111112110211121221012112101211111111111212
00000000000000002022000000000000020000000000000000000000222000000000000000000000000022200000000000000000000002222222000002222200000000120000002000000000000211221110111111222221221121120111111111111111
00000000200000202002202000000200000000000000000000200000200220000000000000000000000222200000000000000000000000222220000002222200000011011200000022200000000212111211111211221111121011111121111111111102
00000000020000020000200000000020020000000000000002000022000000200000000000000000000000000000000000000000000002200000002020222202121100201000000022020000000211111111111221222112222211211221111111111120
00000000002000000020200000000020000000000000000200000000002200000000000000000000000000000000000000000000000000000000000020222220001100010000000002220000000211111111111222212222211111211112211121121111
00000000022000000202000000000000000000000000000000000000202220000002000000000000000000000000000000000000000000000000000200222220100011000000000000221110000011111111100100002112201210010101100101212101
00000000000020000000200002000000000000000000000000000000002222000002200000000000000000000000000000000000000000000000010000022011000011000000002222222111121111111111112210220220010221211110012222121001
00000000000222000002220020000000000000000000000000000002222222002002020000000000000000000000000000000000000000000000010201001120011100010000020022220111111111111111111110222120200010221120012111212001
00000000000002000002222220000000000000000000000000000000002222200000020000000000000000000000000000000000000000000020000001001211011000012000000220000111111111111111111110002202221200000102111100120012
00000000000022220022202020000000000000000000000000000000002220000000000000000000000000000000000000000000000000000200101110111111111001021200000000200111111111111111111111122202222100100011112100210002
00000000000002200022200000000000000000000200000000000000022220000000000000000000000000000000000000020000000002000001001110211111210000200200000000000110211111111111111111111200000211111110111101221111
00000000022000000222000000000000000000002220000000000000222202200000000000000000000000000000000000000000000000002002200001111010110020110000000000000000011111111111111111001220200000101000110010110111
00000000000002000000200000000000000000022200000000002022000000000000000000000000000000000000000000000000000000000000000011120000111011000000000000000000000220002111111111101220000000000000011000120110
00000000000200222002200000000200000000000200000000000000200000000000000000000000000000000000000000000000000000000000000112000222111012000000000000000000002211110001111111110000000000000000000000000000
00000000000200000000000000000000000000002000000000000002200000000000000000000000000000000000000020000000000000000000021222000121111012000000000000000000002121201001111221220000000000000000000000000000
00000000000200020000000000000000000000000200000202000022000000000000000000000000000000002000020000000000020000000002212000000111110111000000000000000000000000010001111111110000000000000000000000001110
00000002000000000000000000000200000000222000000000200020000000000000000000000000000000000000000020000202020000002222222020002110111000000000000000000000000100000000111011110000000000000000000000000220
00000000220000000000000000002200000002200000000002220202200000000000000000000000000000000000200000020202000000022222222000000110111000000000000000000000000000000000012111110000000000000000000000000220
00000000200000000000020000022000000000000000002020222022000000000000000000000000000000020000000000000000000220220220000222000111111200000000000000000000000000000000211220000000000000000000000000001110
00000000000000000000020000020000020000002000000000000000000000000222220200000000000000000000000002200000000000220000000222000111212210100000000000000000000011000000111110001000000000000000000000000001
00000000000000000000000000000000002002000000000022200002200000000200220000000000000000000000000220000000000000020000022022000001111000000000000000000000000102200000111120000000000000000000000000000002
00000000000000000000002000000002000222222000000000000200000002022200000000000000000000000000022000000000000000002022222200000100101000000000000000000000000000000000011100220000000000000000000000000000
00000000000000000000000200000200022220000000000000000200220000002220000000000000000000000000000000002202000220002202222200200000101000000000000000000000000000000001022100220000000000000000000000000000
00000000000000000002222002022002200222000000000000000000200002222000000000000000000000000000000000200000200020222022222022020001111200000000000000000000000000000000100110000000000000000000000000000000
00000000000000000000022002002020220222200000000000002022000202220000000000000000000002000000000022020000022200222202022022200202202100000000000000000000000000000000010010000000000000000000000000000000
00000000000000000002000000000000222202000000200000000022000220022000000000000000000000000000000022002200000000222202200000000210100011000000000000000000000000000000011220000000000000000000000000000000
00000000000000000000000202002000022222000000000000020000000220222000000000000000000000000000000002020000022022220200200022211121200021000000000000000000000000000000022000000000000000000000000000000000
00000000000000000000000202202022222222000000000000000000000022220220000222000000000000000000000000200000022022220000000222221001200000000000000000000000000000000000021000000000000000000000000000000000
00000000000000000000000222002022202000000000000000000000000022020222000020202200200000000000000022200002020022220000022000222000100200000000000000000000000000000000000000000000000000000000000000000000
00000000000000000000000000220000000000000002000000000000000002222022202222200200000000000000000002000022002022220000022000222000000000000000000000000000000000000000000000000000000000000000000000000000
00000000000000000000000000000000000020220002000000000000000000002222220202222200000000000000000002000002002002220000002000220000000000000000000000000000000000000000000000000000000000000000000000000000
00000000000000000000020200000000000222222002000000000000000000020200000000022000000000000000000000200000020222000000022000200000000000000000000000000000000000000000000000000000000000000000000000000000
00000000000000000000000000000000000002200002000000000000000000000002220020000220000000000000000000200000000000000000022000200000000000000000000000000000000000000000000000000000000000000000000000000000
00000000000000000000000000000000000022220000000000000000000000000002020202002020000000000000000000000000000022000000022000000000000000000000000000000000000000000000000000002200022033223323233333333333
00000000000000000000000000000000000022220000000000000000000000000000002202002220000000000000000000000000002222000000222000000000000000000000000000000000000000000000000000302300022023333333333333333333
00000000000000000000000000000000000020200000000000000000000000000020022200002200000000000000000000000200000220000000000000000000000000000000000000000000000000000000022000003020000033233333333333333333
00000000000000000000000000000000000000000000000000000000000000000000000222202200000000000000000000000000000022000200200000000000000000000000000000000000000000000000000000220003033330333333333333333333
00000000000000000000000000000000000000000000000000000000000000000000000220220000000000000000000000000000000022022020000000000000000000000000000000000000000000000000000000230303000333333333333333333333
00000000000000000000000000000000000000000000000000000000000000000000000000000000000200000000000000000000022000000000000000000000000000000000000000000000000000000000000330000000033333333333333333333333
00000000000000000000000000000000000000000000000000000000000000000000000000000000000200000000000110000000022000020000000000000000000001110000000000000000000000000000003000000303003333333333333333333333
00000000000000000000000000000000000000000000000000000000000000000000000000000000000200000000000111000000000000220010000000000000000000021000000000000001000000000000000000220003333333333333333333333333
00000000000000000000000000000000000000000000000000000000000000000000000000000000000000000000000112100000010001222020000000000000021000000000000000000101000000000000000030000002333333333333333333333333
00000000000000000000000000000000000000000000000000000000000000000000000000000000000000000000000121001220010000112000000000000000220000000000000000000001000000000000000000000302333333333333333333333333
00000000000000000000000000000000000000000000000000000000000000000000000000000000000000000000000100001111010000110220000000000002010000000220220000012000000000000000000000000022333333333333333333333333
00000000000000000000000000000000000000000000000000000000000000000000000000000000020000000000001000011020000000221220000000000000000000000220110101021000010000000000000000000032333333333333333333333333
00000000000000000000000000000000000000000000000000000000000000000000000000000000000000000000000001122000000000001000000000000020020000021011010110000101000000000000000000000003333333333333333333333333
00000000000000000000000000000000000000000000000000000000000000000000000000000000000000000000000111012000000000000100000000002200012212100222101200000000000000000022000000000002333333333333333333333333
00000000000000000000000000000000000000000000000000000000000000000000000000000000000000000000110120000000000000000000000220002200001111220220202200000000000000000032000000000003333333333333333333333333
00000000000000000000000000000000000000000000000000000000000000000000000200000000000000000000010002200220000000000020000202222202221011021220000000000000001001000003000000300003333333333333333333333333
00000000000000000000000000000000000000000000000000000000000000000002200002000000000000000000000000200000000000000002000220222002220100022220000100000000000001000000000000300303333333333333333333333333
22220000000000000000000000000000000000000000000000000000000000000202220000000000000000000000000000220000000000000220000000002000002220000002000112200001000000000000000000003232333333333333333333333333
22220000000000000000000000000000000000000000000000000000000000000002220000000000000000000000000000020000000000000202022022100000000000000011111100022000110000002200000003002333333333333333333333333333
20222000000000000000000000000000000000000000000000000000000000000002222200000000000000000000000000000000000000022200022022220000000000010101110200111000120000002200000003302333333333333333333333333333
02002220000000000000000000000000000000000000000000000000000000000002020000000000000000000000000000000000000000000220020000000000000000000112101111221022000000000000200300002333333333333333333333333333
00000200000000000000000000000000000000000000000000000000000000000000022000000000000000000000000000000000000000000000000000020000000000000111001211122012000000000000200000003333333333333333333333333333
00000000000000000000000000000000000000000000000000000000000000000000000000000000000000000000000000000000000000000000000000220000000022012122001211101100000000000300000000003333333333333333333333333333
00000000000000000000000000000000000000000000000000000000000000000000000000200000000000000000000000000000000000000000000002220000002222200000001011122000000000003000003002002333333333333333333333343333
00000000000000000000000000000000000000000000000000000000000000000000000000000000000000000000000000000000000000000000000000000002212222200000010111122000000000003000000003002333333333333333333333333333
00000000000000000000000000000000000000000000000002000000000000000000000000000000000000000000000000000000000000000000000002000000121200000000000111000000000000000000000030332333333333333333333343333333
00000000000000000000000000000000000000000000000020000000000000000000000000000000000000000000000000000000000000000002000002000002022200002000200010001000000000000000000030332333333333333333333333333333
00000000000000000000000000000000000000000000000000000000000000000000000000000000000000000000000000000000000000000000000000000000002222000000000010000000000000000000000000333333333333333333333333333333
00000000000000000000000000000000000000000000000220200000000000000000000000000000000000000000000000000000000000000000000000000000002221000000000000000000000000000300033000233333333333333333333333334433
00000000000000000000000000000000000000000000022222000000000000000000000000000000000000000000000000000000000000000000000000000000002212000000102100000000000000003000023000033333333333333333333333334333
00000000000000000000000000000000000000000002222220000000000000000000000000022000000000000000000000000000000000000000000000000000022112100000210000000000000000123232303220033333333333333333333333443333
00000000000000000000000000000000000000022022222220000000000000000000000000022200000000000000000000000000000000000000000000000000011221100002120000000000000010022213000333003333333333333333333333344343
00000000000000000000000000000000000000002022222220000000000000000000000000222200000000000000000000000000000000000000000000000000001112000000220000010000000010000000000003003333333333333333333333334333
00000000000000000000000000000000000000000202020200000000000000000000000000022200000000000000000000000000000000000000000000000000111122000000220000000000000011000000000002033333333333333333333333333334
00000000000000000000000000000000000000000200000200000000000000000000000000000200000000000000000000000000021000000000000000000002202100100000000000022000001002202200000003333333333333333333333333334333
00000000000000000000000000000000000000000000000000000000000000000000000000000220000000000000000000000001212000000000000000110001201022000220110000022000001130000000330000033333333333333333333333333434
00000000000000000000000000000000000000000000002000000000000000000000000000000220000000000000000000000002122000000000000000011101201012000120001000012000000220000000000003333333333333333333333333333434
00000000000000000000000000000000000000000000020000000000000000000000000000000202020000000000000000000021200000000000000021120220001001000000112200000100212112200000300000333333333333333333333333333334
00000000000000000000000000000000000000000000002000000000000000000000000000000000220000000000000000000011200000000000000122220111100000001011111100000000333333333333333333333333333333333333333333334444
00000000000000000000000000000000000000000000000000000000000000000000000000000000020200000000000000001122112000000000001200000111121000021012001200000000333333333333333333333333333333333333333333334344
00000000000000000000000000000000000000000000000000000000000000000000000000000000000000000000000000002212222000000000000000000111111000001220110000000011333333333333333333333333333333333333333333334444
00000000000000000000000000000000000000000000000000000000000000000000000000000000000000000000000000002222222000000000000000000221200000000220000000000011333333333333333333333333333333333333333333334444
00000000000000000000000000000000000000000000000000000000000000000000000000000000000000000000000000011222100000000000000000000210110000000000000000000011333333333333333333333333333333333333333333344434
00000000000000000000000000000000000000000000000000000000000000000000000000000000000000000000000000002111100000000000000000000210121000000000000000000022333333333333333333333333333333333333333333334444
00000000000000000000000000000000000000000000000000000000000000000000000000000000000000000000000000101111010000000000011100000010021100000220000000000011333333333333333333333333333333333333333333333344
00000000000000000000000000000000000000000000000000000000000000000000000000000000000202000000000001221100000000000000011100000220000000000000000000000000333333333333333333333333333333333333333333333444
00000000000000000000000000000000000000000000000000000000000000000000002002000000020000000000000011121200000000000000022000000220000000001110000000000000333333333333333333333333333333333333333333333444
00000000000000000000000000000000000000000000000000000000000000000000000000000020022202200000000111101100000000000000000000000000002112200011000000000000333333333333333333333333333333333333333333333444
00000000000000000000000000000000000000000000000000000000000000000000000000222000002202200000011111211100000000000000000000000100002221110001100000000000333333333333333333333333333343333333333333343434
00000000000000000000000000000000000000000000000000000000000000000000000000002020000000000000000010111000000000000000000000000002201112012000000000000000333333333333333333333333333333333333333333333433
00000000000000000000000000000000000000000000000000000000000000000000000000000202000000000000000001111211100200000000000000000000010101110000000000000000333333333333333333333333333333333333333333333433
00000000000000000000000000000000000000000000000000000000000000000000000000000022000000000000000000111211111100000000000000000000020000010000000000000000333333333333333333333333333333333333333333333333
00000000000000000000000000000000000000000000000000000000000000000000000000000000000000000000033320110000101000000120000000000000000000022220000000000000333333333333333333333333333333333333333433333333
00000000000000000000000000000000000000000000000000000000000000000000000000000000000000000000033321121111000001001120000000000000000001021220000000000000033333333333333333333333333333333333334334434333
00000000000000000000000000000000000000000000000000000000000000000000000000000000000000000000333221121011110000001220000000000000000121101000000000000000302333333333333333333333333333333333333343333333
00000000000000000000000000000000000000000000000000000000000000000000000000000000000000000022323011211121210100000000000000000000000000000000000000000000000033333333333333333333333333333333333333343333
00000000000000000000000000000000000000000000000000000000000000000000000000000000000000000023332002131111100000011000000000000000000000000000000000000000000002333333333333433333333333333333333433333333
00000000000000000000000000000000000000000000000000000000200000000000000000000000000000000010333333233121112000010000000000000000000000200000000000000000000303333333333333334343433333333333333443443333
00000000000000000000000000000000000000000000000000000220000000000000000000000000000000000003333344431311111000000000000000000000000001200000001000000000003333333333333333334333333333333333333334434344
00000000000000000000000000000000000000000000000000002200000000000000000000000000000000110002000343331222111000000000000000000000000000000000000200000000000333333333333333333333333333333333333334433444
00000000222000000000000000000000000000000000000000002200220000000000000000000000000000010011221234311123311000000000000000000000000000000000000000000000232003333333333333333333333333333333333344344444
00000003333300000000000000000000000000000000000000022200222000000000002000000000000000111011112132222223333000000000100000000000000000000000000000000000333003333333333333333333433333333333333333444444
00033333333300000000000000000000000000000000000000020202222000000000002000000000000000111022100213222222333212100220022000000000000000000000000000000000000033333333333333333333333433333333333333444444
03333333333300000000000000000000000000000000000000000222220200000000000000000000000000011021101222111111222221110220122000000000000000000000000000000000020000000333333333333333333433333333333333444444
00333033333000000000000000000000000000000000000330002332222000300000000000000330333333333333333221111211221211010000012000000000000000000000000000000000333000000023333333333333333433333333333333444444
23330000300000000000000000000000000000000000003030002333220222220000000000000030333333333333333122110012122122111000000000000000000000000000000000000000333300002000033333333333343334333333333333344444
33330000000300000000000000000000000000000000003333033333223220300000000000000033333333333333333122123002022221011000000000000000000000000000000000000000333330000000033333333333333334443333333333344444
33300000000000000000000000000000000000023000033302333333322224000000000000000034333333333333333100311200002011112010000000000000000000000000000000000000333333332000033333333333333333444333333334344444
33023330030000000000000000000000000000030000020323332333332322000000200000000004233333333333333000321200000021212000000000000000000000000000000000000000333333333222233333333333333333444443333333334444
30333333333300000000000000000000000000033000000003333233343302000000000000000003033333333333333120003322100000001000000000000000000000000000000000000000333333333333333333333333333444444444443333334444
33334333330333022000000000000000000000223333000333333233333000000000000000000002333333333333333334433002122000000000000000000000000000200000000000000000333333333333333333333333333344444444444333344444
33444443300233303200000000000000000000033333300033333333333330000000000000000002303333333333334433003002232000000000000000000000000002000000000000000000023333333333333333333333333334444444444433333444
34443343023330033000000000000000000000033333330002333333333330000000000000000002332333333333333220000000300000000000000000000000000020000000000000000000000333333333333333333333333333344444444443343444
34333433333233000000000000000000000000033333333302333333433333002000000000020233333233333333333433400000000000000000000000000000000000000000000000000000003233333333333333333333333343334444444444334444
43222344333300303000000000000000000000003333333300333333333333333000000000020033333333333333333343322200000000000000000020000000000202000000000000000000232003333333333333333333333333334444444444444444
33344333433033300000000000000000000003303023333333303333343333333300000000000003334003333333333342002310000022000000000000000000000200000000000000020000303033333333333333333333333333334444444444444444
33333332233303000000000000000000000000303333443333333333333434333330000000000200033330333333333334433330000033000000000000000002000000000000000000020022000333333333333333333333333333333444444444444444
33333344333202002000000000000000000003423333344434333333334334434333300000020002020032333333333330442230332000000000000002000222200000000000000000202000000033333333333333333333333333333444444444444444
33334444444344300000000000000000000003033333334433333333333434434433300000000202002003333333333233333333333300300000000202202022200000000000000000222200030233333333333333333344433333334444444444444444
34444444444433300200000000000000000003033333334443333333333344444443330000000000000203333333333333333233333330000000000002020022200000000000000000020200333333333333333333333333444444433344444444444444
44444444434444302220000000000000000003330333333333334433343444444443330000000020000003033334333302300000000200003300000000000220200000000000000002202020333333333333333333333344444444444444444444444444
44444444444444322333000000000000000003333333333033333443344444444443330000002000000200033334433002333000000300333330000000000200200000000000000000200020333333333333333333334444444444444444444444444444
44444444444444443333333200000000000004333333330333333343444444444444333330022000000203333333333000000000300333333333000000000022000000000000000000000000333333333333333333333333444444444444444444444444
44444443444444444434330330000000000003323333332433333444444444444444333443000000000003333333434300000000200000330323003000000000000320000000000000000002033333333333333333333433344444444444444444444444
44444444444444444444403230000000000003323420000332322344444444444444333443200000002333333233443300000003303000333333220200000032000333020000000000000000000033333333333333333333333333344444443444444444
44444444444444444444430430000000000003342333333333333344434444444443344444443000000333333333333333333333333330333203000000030033200233302300000000000000000000002200333333333333333333334433343434444444
44444444444444444444443000000000000003023333333333333333444444444444444444444333303333333333333333333333333303030330000003000030003233300000330000000000000002000000022202233333333333333333343433444444
44444444444444444444343303300000000003330433333333432333434444555544444444444333333333333334433335333333432030003333323320000000223300330000330000000000000002000000022233222333333333333333333433344444
44444444444444554444443233300000000003004343343334333333344444455554444444444333333333333544444344433344433333333333323332332302232232000003330000000000000000220200022232333333333333333333343443344444
44444444445555555444443443000000000003333333303234333033334444555555555444444333333333333334444544443444433333333333303333023033320223300333330000000000000002002022023230233333333333333333334443344444
44444444455555555444444330200000000003333333303333330333334444555555554443444334434333333344444444444444433333333333333333333333333332333333333220000000000000000002222223232333333333333333333333344444
44444444445555555443444330200000000003333333333333333303333444455555554443344334444433334444444444444444430032203333323333333333333333333333333333300000000000022222022222233333333333333333333334444434
44444444455555554433443300000000000003333333303333333333333333344455554444344333444444444444444344444444300303003230332303333333333333333333333333333003000000020022223222232223333333333333333344444444
44444444455555555444333022000000000003320300033333333333333333334455554443344334444444444444444444444444403333033033233330003333334333333333333333322000000000000222222232222223333333333333433344444444
44444445555555555443333000020000000000000000323333333333333333333455444444343344444444554444444444444444303034433333333330003333344443333433433333303000000000002222022223333333333333333333433333444444
44444445555555554443333002030000000000000000033333333333333333333444444444344444444444554444444444444444303003434303333333333333444444434444444333002000000000002233022223333333333333333333333333444444
44444455555555555443333300000000000000000030033030203333333333333444444443334444444444554444444444444444433302333333333333333344444444444444433332200000000000002200222222333333333333333333333334444444
43444455555555555554333300000000000000000000000233333333333333333333433444444444444445544454444444444444433300034334333334333334444444444444433333322200030230000302232223333333333333333333333334444444
44444445555555555554433300000000000000000000000233233333333333333333333444444444444444444544444444444444433303033444433334333344444455555444444333222230033320303322222233333333333333333333334444444444
44444555555555555555402000000000000000000000022000033333333333333433334444444444444444444444444444444434433332033343333334333344444455555554444433300032030033233333022322233333333333333333343444444444
44444555555555555555443000000000000000000000000222333333333333334334444444444444444444554444444444444444433333333033433333333334444455555554444443333022003003233333003333333223333333333333333444444444
44444555555555555554333343330000000000000000000000233333333333333444444444444444444444444444444444444444400323332232343343333333444445555554444433333333323333333333033333320023333333333343334444444443
44444555555555555555444443200000000000000000000000002333333333333344444444444444444455555444444444444444420032330002343333333333333444555544444433333000202300333333333030303222233333334444344444443333
44444555555555555555545330000000000000000000002220000033333333334444444444444444444455555444444444444444400034333333343343333333333445555554444333333333222333333334443202022233333333334444444444443333
44444555555555555555554430000002000000000000000000000033333333344444444444444444444455555544444444444444400343333300343333333333334445555554444333332302022333333333322222002333333333343444444334343433
44445555555555555555555443300020000000000000000000002022333333344444444444444444444445555544444444444444400343333300333433323333333444555444443333333320323333333333000000233333333333443444444444444444
44455555555555555555555544330020000000000300000000000000333343344444444444444444455555555544444444444444433334443333333333333333334444454444433333333333333333333343300000333343333333444444444444444444
44455555555555555555555444200200000300030030000033000000033333344444444555444444445455555444444444444343333344443333333333333333333444444444443333333333333333443443302000033333334344434444444444444444
44445555555555555555555444433000000230003033300333000000000233334444445455444444444444444444444444444433333344443333343333333333334444444444443333333333333334444443300000003333433343434444444444444444
33034455555444454445555444344300320000000333323333023330000033333344444455445444454444444444444444444433333333344333343334333333334444444444433333333333333334444443333332002333444343444444444444444444
00233444444444454344544444444340333333323333333333333333330033200333444555545444444444444444444444443333333333333343433333333333344444444454443333333344333334444444333333333333443444444444444444444444
20303444344443345444555555434420323333333333333333333333330033333334444455455544444444444444444333333333333333333344443333333333444444455554443334333344443444444433433333333334444444444455444545444444
00003343223333335555555555444430000033033333333333333333333333333334444444545444444444444443333334333333333333333334433443333333444444445555443333433444444444444443333334334334444444444555555555444434
00003342222333334555555544343433333333333333333333333333333333333334444444555554444444433333333334333333333302333334434433333343444444445555444334344444444444444433443344444444444444445555555554444334
00000330022333233555554443003233333333333333333333333333333334434444445444445555444444333333333333344333333233334444443444344343444554455555444433444444444444444434333444444433444444455555555554444443
00002330002233023455554432232333333444333333333333433333333333444445555444444444444444333333333333333343333333444444443443333334445555455555444444444444444444554443444444444333454443555555555555444444
02003322222222203445554333333333443444443333333433433333333334445555554444444443444444433333333333333333333334333344444344344344445555555555454444444444445545554443444444444334554444555555555555454444
22223300222222224555444444322333344444444433333444333443333334445555545444444444334444333333333333200000302334333444444443444444455555555554555555444444455555555444444444444344454444555555554444454333
22223302222222224545544444443333344455554443333344434444444444444444544444444433334333333333333333320330300323334444443444444444555555544444555555544444555555555554444454444344555535555554444444444333
22203322222222224444444444444334444555555433344433443444444555445554544444444444333333333333333333033030000234444434444444443444555554444444555555554444555555555555555554444444555445555555444444444333
22223322222222224443244433443334444555555443344444444444444455555555544443344433333333333333333300333303003234434434444444444445555554433434555555544444555555555555555555445444455455554444444444444433
22222302222222223333234444433344444455555444454444444444444555555555554444333443333333333333333300032002022224344334444444444555555554333434555544444445555555555545555555555554455555444444444444444333
22222222222222223333334444443334444455555444555444544554444555555555544443333333333333333333330000022000300333444344444444444555555554444334444444344444555455444555555555555555555555444444444444444333
22222222222222223333333444433333334445555445555555555554544455444554444433333333333333223333320000003000322333444344444544554455555554433334444433344445554444444445555555555555555555444444444443333333
22222202222222222334433444333333344445555555555555555555555554444444444433333333202200003333300000000000200233444444455555554454455554333343334333444444444333344444445555554555555554444443333333333333
22222222222222333323433343333333344455555555555555555555555555443433433343333330003000000000300300000000000033444444555555555555445554333333333434444343333333344444444455555555555555444444443333333333
22222222222223234434333333333333344455555555555555555555555555443433333333333330030000000000000000000000000334444444555555555555545555433433333333343433333003334343444455445555454555444433333333333333
02222222222232233333333333332233334455555555555555544555555555544343333333333333300002000000000000000000003444444444555555555555554554433343333333334430000003333333333444444455444554444333333333333333
02222222202222203333333333333333334455555555555555554455555555544433333333003203030000000000000002200200034444454454555555555555555444433333333333333323000000333333333444444444444444444333333333333333
00022220000002003333333333333033333344555555555555555455555555544433333333002233200003300000000000033303444444544545555555555555555444434333333333433020000000033330333334444444444444333333332333323333
00222200000000033333023333333233333333455455555555555555555555444333333332000300000003300000000232332223333445555555444445555555555544433434333333330000000000033330333434444444444443333333333333233332
00000000000000000000033323323333333344455555555555555545555544443333333032300030000000000000000233202332303445555554455545555555555544433333333333300000000000002222333444443443333333333333333033333220
00000000000000030000002003333333333444555555555555555555555544443333330033020200003303003030203033333334444445555555554555555555555544433333344333000000000000000000234444444433333333333333332330222000
00000000000000003300003030033333333444455555555555555555455544443333322222232303000333000233333333443444444555555555554455555555555544433334234332200000000000000000334444444333333333333333332203222000
00000000000000000000000003333333333444455555555555555555555554443333322302200000000320300033323333334333444555555555555545555555555544443334433333300000000000000030334444444433333333333333333000032230
00000000000000033030000020333333333444455555555555555555555554443333202223303003003330330033333334323344444455555555555554555555555544433344443333000000000000000203334444444443333333333333333000002320
00000000000000000033000033333333333444555555555555555555555544444333333333333033333330330003333334333444345555555555555444444555555544433443443333000030342300020000344444444444333333333333333220000330
00000000000000000000003332233333333344445555555555555555555444433333333333333333303330000000044444333344455555555555555444444455555544434444444430000000003330000032345555544434333333333333333332000000
00000000000000003300003322333333333444445555555555555555555444433333333333333333232230000003244444334444455555555555554445444455555544444444444430000000000000000022045555544444333333333333333333000000
20000000000000000300002333333334334444455555545555555555555444433333333333333322000200000003224443233444455555544444444554444455555554444444444433000000000000000200235555544444443333333333233333300300
20000000000000000000000033333344344444555555544555555555555544433333333333332222223220000002224443234444445554543333334444444555555554455555443333333333300000000200335555554444443333333333333332000000
22200000000000000300000003344444444445555555544445555555555544443333333333322222222223300022223443344443454554444333334444444555555554455555544443333333320033000022035555554444433333333333223330000000
20000000000000002234003333344455555444555555544444555555554444443333433332222222222222202220022444444444434444443333333344444555544444455555544443333323333020000000224455544444443333333333323333000000
22220000000000003344344434445555555445555555554444455545444444443334444322202222022222222222004444444434344344443333333344444455544444555544444434343333330330000000233444444444444333333333300032320000
22222000000000033234444444445555554455555555554444444444444444344333443222220232233222222222023454444434344443433333333344444444444444555544433333333333333330000000022333444444444443333333230000000003
22222000000000333002344444445555555444555555444444444444444433333434433322232000222222222222222455554444434443333333333334444444444444555544334333323333330003300000000223334444434433333333300300000002
22222022200000333332244444444455555545555555444344444444444333333444443222230222023222220222232355544344443333333333333333443444444444444444333333330020300033000300022222333333444433333332322230000002
22222222200000032333444554454455554455555555443344444444443333333344443220023333333222220222344555554444433333333333333333333444444444444444333333323003330033000000022222233333343333333333222200000002
33202002000003333033345555554455555455555554444334434444443344444444433222000432332222000023044555544444333333333333333333334434444344444444333333333302330000200000000000002023333333333333300022222220