44443344444444443333444333333333444444443433333333333333333322223333333333232222222222222222222222222222222222222222222222222222222222222222222222222222222222222222222222222222222222222222222222222222
55444444444444444444444433333344444444443333333333333333332333222333223333232222222222222222222222222222222222222222222222222222222222222222222222222222222222222222222222222222222222222222222222222222
55555554444454455455554443344444444444443333333333333333332233233233323333222222222222222222222222222222222222222222222222222222222222222222222222222222222222222222222222222222222222222222222222222222
55555555444455555555554444444444444444444433333333333333332332223233233233332222222222222222222222222222222222222222222222222222222222222222222222222222222222222222222222222222222222222222222222222222
55555554444445555555554434444444444444444433333333333333322222233222233333322222222222222222222222222222222222222222222222222222222222222222222222222222222222222222222222222222222222222222222222222222
54555544445545555555544444444444444444444433333333333332232222223222323333222222222222222222222222222222222222222222222222222222222222222222222222222222222222222222222222222222222222222222222222222222
44455544444445555555554444444444444444444433333333333333332322332332332233222222222222222222222222202222222222222222222222222222222222222222222222222222222222222222222222222222222222222222222222222222
44444444444444445555554444444444444333333333333333333333233332223232322222222222222222222222222222222222222222222222222222222222222222222222222222222222222222222222222222222222222222222222222222222222
44444444444444444445544444444444443333333333333333323333332223222222222332222222222222222222222222222222222222222222222222222222222222222222222222222222222222222222222222222222222222222222222222222222
44444444444444444444444444444444444333333333333333333333332223322222222222222222222222222022222222222222222222222222222222222222222222222222222222222222222222222222222222222222222222222222222222222222
33334444444444444444444444444444444333333333333333333333333222232222222222222222222222202022222222222222222222222222222222222222222222222222222222222222222222222222222222222222222222222222222222222222
33334444444444444444444444444444444433333333333333333333333322223332222222222202222222222222222222022222222222222222222222222222222222222222222222222222222222222222222222222222222222222222222222222222
33333444444444443434444444444434443333333333333323332323333332333322222222222002222220202222222222222222222222222222222222222222222222222222222222222222222222222222222222222222222222222222222222222222
33344344333334443333444444444444333333333333333333333333333333333222222222220022222222222222220022222222222222222222222222222222222222222222222222222222222222222222222222222222222222222222222222222022
33343334333333433333444444444434333333333323333333333333333333333222222222020222202222222220002200222222222222222222222222222222222222222222222222222222222222222222222222222222222222222222222222222222
33343333333333333333344444444444333333333333323223322222232333222222222222222222222222202220022020222222222222222222222222222222222222222222222222222222222222222222222222222222222222222222222222222220
33333333333333433333334444444433333333333323233223222223332222222222222222222222202222220222202220022202222222222222222222222222222222222222222222222222222222222222222222222222222222222222222222222220
33333333333333333333344434444443333333333333333322222222222222222222222222222222202222220222222200002222222222222222222222222222222222222222222222222222222222222222222222222222222222222222222222222222
33333333333333332333333334444443333333333322222222222223222222222222222222202222222202002222222020022222222222222222222222222222222222222222222222222222222222222222222222222222222222222222222222222222
32333333333333330333333333334443333333333332222222222222222222222222222222222200222222222222222202222222222222222222222222222222222222222222222222222222222222222222222222222222222222222222222222222222
33333333333333330333333333334433333333333333222222222222222222222222202022222022202220222222000220000020220222222222222222222222222222222222222222222222222222222222222222222222222222222222222222222222
33033233333333330323333333333343333333333333222222222222222222222222222222222022222202222022222200200222020222222222222222222222222222222222222222222222222222222222222222222222222222222222222222222222
00232333333333320323333333333343333333333333222222220022222222222222222222222222222222022022200200200002000022222222222222222222222222222222222220222222222222222222222222222222222222222222222222222222
30222233333323020022333333333334333333333333322232222222222222222202002222220222222002200022220020200022202000022222222222222222222222222222222222222222222222222222222222222222222222222222222222222222
03233333333223000330333333333333333333333333332233222222222222222222222222222020222200222022202220000002002200002222222222222222222222222222222222222222222222022222222222222222222222222222222222222222
23222333223222220223233233333333333333333333333233222222222222222022202220002022202002022000222220000220000200000222222222222222222222222222222222222222222222222222222222222222222222222222222222222222
02222222223332220003223333333333333333333332333323222222222222222220200000000202022022202202202220000020200000000002222222222222222222222222222222222222222222222222222222222222222222222222222222222222
22222222222232220202202332233333233333333333333322222222222222220000000002000002020000020202002200000000000002000000222222222222222222222222222222222222222222222222222222222222222222222222222222222222
22222222222220200000022232223333330303333333333322222222222222222002000000000000000002022200022000000000000000000002002222222222222222222222222222222222222222222222222222222222222222222222222222222222
22222222222222200000200033333333332203333333322222222222222222222020000000000000000200002220202020000000000000000020000022222222222222222222222222222222222222222222222222222222222222222222222222222222
22222222222222000000000233333333322023333333332222222222222222222022000000000000000000020000002000000000000000000200000000222222222222222222222222222222222222222222222202222222222222222222222222222222
22222202222222222200200033333333323033333333333222222222222222222202200000020000000000000202000002000000000000022022000000000222222222222222222222222222222222222222222222222222222222222222222222222222
22222222222222222000000033033333322203003333332222222222222222220000000000000000000000002000002000200000000000002000000000000000202222222222222222222222222222222222222222222222222222222222222222222222
22222222222220020000000033333333332333300333333222222222222222222220002000000000000000000000000200000000000000000020000000000000200022222222222222222222222222222222222222222222222222222222222222222222
22222222202222000202000033333333320333330333322222222222222202220000022000000000000000000000000200000000000000000000200020000000200000002222222222222222222202222222222222222222222222222222222222222222
20200220200220000002000003333333330223333330322202222222222202000020000000000000000000000022000000000000000000000002220200000000000000000222000002000202222222222222222222222222222222222222222222222222
22220222202220000200000003333303330222203330033332222222222222020000000000000000000002000000000000000000000000000220222200000000000000000222220202202222202222222222222222222222222222222222222222222022
22220002222002002000020000030033332203022222222222222222022222220002000000000000000000000000000200000000000000022222220000000000000000022020002022222222222222222222222222222222222222222222222222222222
22220022200200002000000000330003033220022222222223022222222220000000000000000000200000000000000000000000000000022220222200000000000020000022022222222222222222222222222222222222222222222222222222222222
20220202000020000000000000300003333222200202220332222222222000000000000000000000000000000000000000000000000000022022002000000000000000000000200202022202222222222222222222222222222222222222222222222222
22022220220020202000000000000330333000022202222222222022222200220000000000000000000000000000000000000000000022222222200000000000000200000220022220220222222222222222222222222222222222222222222222222222
02222200222000000000000000000033333000000020222222222220022200000000002000000000000000000000000000000000000222222222000000000000000200000020002202022222222222222222222222222222222222222222222222222222
22222000222200000000000000000030333330002020222222222220022200200000000000000000000000000000000000000000002002222220200020000000000000000002200200022222222222222222222222222222222222222222222222222222
20020000222200000000000000000003330333000030222222222222222022020000000000000000000000000000000000000002000222222222000000000000000000000000002020002020222222222222222222222222222222222222222222222222
20220000000000000000000000000003330030230303022222202222220202220000000000000000000000000000000002000200002202222220000002000000000000000000000000202222222222222222222222222222222222222222222222222222
00002000022000000000000000000000330000002003000222222222200002000000000000000000000000000000000000002000022022222222200000000000000000000000000000220220222222222222222222222222222222222222222222222222
00200000020000000000000000000002030000000200200022222022200002202200000000020000000000000000000000200200222222222220020000000000000000000000002200002220222222222222222222222222222222222222222222222222
02200000202000000000000000000000000000000020020002200222022000020000020000000000000000000000000000000002202222222222020000000000000000000000000000000022222222222222222222222222222222222222222222222222
02002220200200002000022002020000200022020202022202222222022222220000020000000000000000000000002000000002222222222220000000000000000000000000000000000000222222222222222222222222222222222222222222222222
22200002200200002000000000000000022220002002000222202202222222200000000000000000000000000000000000000000222222222220002000000000000000000000000000000002002022222222222222222222222222222222222222222222
22202200000000000000000000000000000000222220220222222222220220220000000000000000000000200000000000000022222222022000000000000000000000000000000000000000002222222222222222222222222222222222222222222222
22222220000000000000000000000000000000222002200222022222202222000000000002200022000002200000000000000202222220000000020000000000000000000000000000000000222222022222222222222222222222222222222222222222
20222220000200000000000000000220002000002002220000022202222200000200000000000202220020202020020000000222222202002000000000000000000000000000000000002020222222222222222222222222222222222222222222222222
22222200000200000000000000022002200000000202000000020020222200000002000000000022222222200020000000002222222200200000000000000000000000000000000000000000222222222222222222222222222222222222222222222222
22202020020022000200000200022002020200000002000220022022222200002000000000200020220222202000000202000222222202000000000000000000000000000000000000000000222222222222222222222222222222222222222222222222
20222220020000200000000200002202202200000000000020222222222000000000200000200022222222222020000202022222222200020000000000000000000000000000000000000000022222222222222222222222222222222222222002222222
22022000022000020020000200022220000000000000020200202222222200000000000000000222222222022220020002202220222220000000000000000000000000000000000000000000000002222222222222222222222222222222222222202222
22222220002202220000000000000000000000000000002000222222220220000000000220000222222202202220022022222022220200000000000000000000000000000000000000000000000000002222222222222222222222222002020022222222
22222022202220220002000200000000200200000000020200022222002022000000002020000022222222222222020220020222222000000000000000000000000000000000000000000000000000222222222222222222222220222202000022222222
22222220002220022022000000000000002000002000000220002222000020000000002020000222222222222222020222222222220000000000000000000000000000000000000000000000000000020222222222222222222222200002200000022222
22222220002220020020222000000000002000200200200200202222000000000000000002200222222222222222002022022202020000000000000000000000000000000000000000000000000000000022222222222222222222220002000002200222
22222222222202000020020000000000000000000220022022022002222200020000000000022000220022022200220000220002002000000000000000000000000000000000000000000000000000000000222222222220222222220200000000020002
22222222222202000000000000000000000022200022022020022022002002000000002200000022220002222222200220020020200000000000000000000000000000000000000000000000000000002022222222222222222202200000200000220002
22222222222222200220202002000000000000022022222222000222202000002000000220002000002202222022200202200202020000000000000000000000000000000000000000000000000002220202222222222222222020020200000200000222
22222222220222220200002200000000000000000222202022002022000000000000000020000000000220202022220220000000000000000000000000000000000000000000000000000000000000022220000022222222222000000000000000000022
22022222020020222000222222000000000000000222220220002200000000000000200000000020000022222222020222000002000000000000000000000000000000000000000000000000020000000022222002222222222202000000000000220222
22222222220020200000022200000000000000000002222200020000000000000000000000000002000000002022020200200000020000000000000000000000000000000000000000000000020000000020000002022222020000020000000002202222
22222222220022200000022202220000000000000020002000000000000000000002020000000000000000002020002200000000000000000000000000000000000000000000000000000000000000000000222222222222200000000000000022022222
22222222222022000002222000022200000000000000000000000000000000000000000000000000000000000020002200000000000000000000000000000000000000000000000000000000000000000000022220222222220000000000002222222222
22222222222022020002000000002200000000000000000000000000000000000000000000000000000000000020000000000000000000000000000000000000000000000000000000000000000000000000222222022222020000000002002222222222
22222220202220200000000000020000220000020000000000000000000000000000220200200000000000000020020000200000000000000000000000000000000000000000000000000000000000000000222222200220220000000000002222222222
22222220222202200020000002020000200000000000000000000000000000000002220002200000000000000200200000000000000000000000000000000002000000000000000000000000000000000000000022022200222200000000202222222222
22222222202022222220000000020000000000000000000000000000000000000002022000000000000200002000000000000000000000000000000000000000000000000000000000000000000000000000000000000002220220000000022222222222
20222222200022002002000000000000000000000000000000000000000000000002222200200000002000000000000000000000000000000000000000000000000000000000000000000000000000000000000000000002220002222200220002222222
22222200020220200000000000000000200000000000000000000000000000022002222200002200200000002000000000000000000000000000000000000000000000000000000000000000000000000000000002220002200002222200022220222222
22222222220002020000000000220000000000000000000000000000000000002222222200020002000000020000000000000000000000000000000000000000000000000000000000000000000000000000000000000022200022022222222222222222
02222022202202220000000000200000200000000000000000000000000020002222222200022200000002000000000000000000000000000000000000000000000000000000000000000000000000000000000000000022220020222022020222222222
22222220022202000000000000000000000000000000000000000000000000200222222220002002000002020000000000000000000000000000000000000000000000000000000000000000000000000000000000002020202202200020222222222222
02222202000220000000000000000002200000000000000000000000000222222222222200002002000000000000002000000000000000000000000000000000000000000000000000000000000000000000000020002000000200002022222002222222
22222222002000000000000000000002000020000000000000000000002220022222222222220002202000000000000000000000000000000000000000000000000000000000000000000000000000000000000002200200000002222020002222222222
02222222000020000000000000000000202000000000000000000000002222222222222002022220220200200200000000000000000000000000000000000000000000000002000000000000000000000000000000000200002002002220222222220222
02200022200000000000000000000200000000000000000000000000000222222222220202222222200220202200200000000000000000000000000000000222020000000000000000000000000000000000000000000000000022002220222222222222
02002002202000000000000000000000000000000000000000000000000002022222220222220000200022222020000200000000000000000000000002202222220000000000000000000000000000000000000000000000000002022000222220222222
02202202020000200020000000000000000002000000000000000000000002222222222222020202000022000000000000000000000000000002000002020022220000000000000000000000000000000000000000002022220020220202022222222222
02222202202000000000020000000000000200000000000000000000000220222222222220200000000002000000002000000000000000000000002000202202220000000000020000000000000000000000000000000000002000002000022202002222
20000002222000000000020000000000000020020200000000000000200200022222022200200000000020200000000000000000000000000000000220000202200000000000000000000000000000000000000000000000000002000022002220222222
22000022220022000000020000000020020202222000000000000002002002020000000202020002022000000222020000000000000000000000002220000000000000000000000000000000000020000000000000000000020000002200020020222222
22022200220000022220200000000020020222220000000000000000000000022200022200022222022000000200200000000000000000000000000200222000000000000000000000000000020000002000000000000000022020000000020002222222
00220200222000000000200000000000000222220000000000000000000220222200002220022222020200202222200000200000000000000000020020002000000000000000000000000000000000222000020000000002000000022000020022222222
20202202002000000000220000000000222222220000000000000000000000020000220202202022200020222202000000000000000002000000000002222220000200000000000000000000000000000002000000000002220022020020022000222222
22022022200020002222220000000220220200200000000000000000000000020202220002022202200222002220000000000000000202000200002222220000200000000000000000000000000020000000000000000000000000002002200002222222
22222222200000002222222020000000202022200000000000000000000002020022202202222222222000022222220000020000002002022200000222222200000000000000000000000000000020000000000020000000000000000022000020222222
20220002200000222222000002022022000002000000000000000000000000222020002000202222220020022222202000020000000002000202020222222222002020200020222202000000000000002000000000000000000000002000200222222022
00000002220000000002200202200000000000000000000000000000000002200000002000000022202020020222220000200000000222022022022022222202000020002200222200200002000000000000000000000000000000000000000022202220
00202002200000000002000000000000000000000000000000000000000020020000000000002002000200020002222222200000000002022222022222222022200000000002222222222002000000200020000000000000000000000002022222022222
00222200000200000000000000000000000000000000000000000000020000002000200000002022202220000200000000000000022020020222222202222202200000000202222222020002000220000200000000000000000000002222202222222222
02202200020000000000200000000000000000000000000000000000000000000202000000000002022220002202200202220020000000222222222222222222200020200000202222000002000000000200000000000000000020002200222222022220
02222200020020000000020000000000000000000000000000000000000000000000000000000000000002000200000002000002200222020222022222222222220000020000222220000002000200000000000000000000000002002020020222222222
00220020000000000022200000000000000000200000000000000000000000000000000000000000000000020202002000000000020022222222202222222222222000000000020022000000000000200000000000000000000000202000222022222222
00220202220000000000000220000000000000000000000000000000000000000000000000000000000000000202002200000020002220000022200022220002220000000002022200000002000000000000000000000000002220022200202202222222
20022220020000000000000000000000000000000000000000000000000000000000000000000000000000002000200000000000002220002022000022202202022222000000000000000000000000000000000000000000000202002202002022020022
22222222200000000222000000000000000000000000000000000000000000000000000000000000000020000000000000000000000220002002220000002222000200000000000000000000000000000000000000002000000000020000202002200220
22222222200000000000022220000000000000000000000000000000000000000000000000000000002020022000000200000000202202000000222222000222000000202000220000000000000000000000000000000000000000200000200020002202
22022222220000000000002202200000000000000000000000000000000000000000000000000000000022002020000000000000000020200000022200002000000000000200020020000000000000000000000000000000000000000200002022222222
20222222022000002200020222220000000000000000000000000000000000000000000000000000000000200000000000000000000002202002022002000222002002000002200000000000000000000000000000000000200000002000000000022222
02022222220000000000000022020000000000000000000000000000000000000000000000000000000002000000200000000000220000000000020000000002000000000000000000000000000000020000000000000000000000022000000000002222
02220222220222000200002202020000000000000000000000000000000000000000000000000000000000020000000000000202000022002022220000000000200000000000000000000000000020000200000000000000000000000022002000222222
02222222220022000200002002020000000000000000000000000000000000000000000000000000000000000000000000000000000000000000202200000000000000000200000000000000002000020000000000000000000000000202002000002222
22222022222222222000220222220000000000000000000000000000000000000000000000000000000000000000000000000000000000000000220000000000000000000000000020000000002020000000000000000000000000000200200020000022
22002222222000002020002222220000000000000000000000000000000000000000000000000000000000020000000000000000000000002000222000000000000000000000000000000000200002000000000000000000000000000000000000000002
02220202022020222220002222202200000000000000000000000000000200000000000000000000000000000000000000000000002000000022020000000202000000000000000000000000000000002000000000000000000000000000000000000000
02222000022200000000000222220220000000000000000000000000000000000000000000000000000000000000000000000000000000022202200200000020000000000020000000000022000000020000000000000000000000000000000000000002
22220222022000000000022222220200000000000000000000000020220000000000000000000000000000000000000000000000000000220020000200000000002000000000220000000000000002000200000200000000000000000000000000000000
22222220000000000000002222222200000000000000000000000002200000000000000000000000000000002000000000000000000000002022000000000000002000000000222000000000000020220200000000000000000000000000000200000000
22222200000000000000000222222020000000000000000000000020000000000000000000000000000000000020000000000000000000002022000000000000000000000020222220000220020000020000000000000000000000000000000000000000
22202000000000000000000222222220000000000000000000002022200000000000000000000000000000000002000000000000000000022222200000000000000000000022222222002000002022200002000020000000000000000000000000000000
22202000000000000000002222222222000000000000000000000022200000000000000000000000000000000000000000000000000000022222000000000000000020002022222222002000000000220002000000000000000000000000000000000002
22202000000000000000002022222222020000000000000000000222000000000000000000000000000000000000000000000000000000000220000000000000000000000200222220222000000222000000000000000000000000000000000000200000
02200000000002220000202222202222020000000000000000002222000000000000000000000000000000000000000000000000000000000000000000000000000000000220202222020002002020220200000000000000000000000000000000000000
22220000000002202200222222200220000000000000000000022222200000000000000000000000000000000000000000000000000000020000000000000000000000000002022200000020222202200000000002000000000000000000000000000000
22222000000222200200222222222200200000000000002000000222200000000000000000000000000000000000000000000000000000000000000000000000000000020000020020000202002002220000220200000200000000000000000000020200
22222202022222002002222222222200000000000000000000000222000000000000000000000000000000000000000000000000000200020000000000000000000000000000000222220002000202200202220020000000000000000000000000000200
22222222022200222222222222222222020000000000000000000200000000000000000000000000000000000000000000000000000000000200000000000000000000000000020202020222020220000002000020000000000000000000000000000000
22222022002022202220020022220222202000000000000000020200000000200000000000000000000000000000000000000000000000000020000000000000000000200000000000022020222200000202200000000000000000000000000000000000
00020220200022222202200202202220020000000000000000000000000000020000220000000000000000000000000000000000000020000000000000000020000000200020000222202022022222000000020200000000002000000000000000000000
00002222222220222200200022220000020000000000000000000000000002000222222200000000000000000000000000000000000222000000000002000000000000000020000002202220020222200000202220000200000000000000000000000000
00202222222222222222000222220000022000000000000000000000000000000202222220000000000000000000000000000000000000000000002000000000000002200000000002002002222222000022222200000002000000000000000000000000
20000202222222222200000022222002220000000000200000220000000020000020022002000000000000000000000000000000000000000000000002000000000000000000000000200002222222002020222022000000000000000000000000000000
00002220222222220220000022222200222000000000000000000000000000000000020002220022020020000000000000000000000000000000020002000000000000000000000000222002222222020022020000000000020000000000000000000000
20000222202222220202000202222000222002200000202000000000000000000202200000000022000002000000000000000000000000000000222000200020000000000000000000000222222222000002200000000000020000000000000000000000
02202002202202002220020202202200222200000000002200000000000000000000000000000000000000000000000000000000000020002000002020000000000000002020000000000202222222200002000000000000000000000000000000000020
00200002220220002020022202002222022000220000002202202222000000000000000000000000000000000000000000000000000000002000000002200000000000000202000000000002222222202000000000000000000000000000000000000000
20000000200000000020000000020022222220000020022220200000020200000002000000000000002000000000000000000000000000000000202000222200000000002000000000020002222222222220000000000000200000000000000000000000
00020000000000000220200000000002222222022002022220000022020000000000000000000000000000000000000000000000000000000000020020020200000000000020000000000000020222200220000000000000000000000000000000000000
00000000020020000000000000000022222222202000202222002202220200000000000000000000000000000000000000000000000000000000000222200020200002200200000000000000020002022200000000000020000000000000000000000000
00000000000000000000000000000002222222220220222222220222002200000000000000000000000000000000000000000000000000000000000200222200200200220200000000000000022000222202020000000220000000000000000000000222
00000000000000000000000000000002222022022222222222222002222220000000000000000000000000000000000000000000000000000000000200222220000200000000000000000000022220002000000000020200000000000000000002000000
00000000000000000020000000000000020202022222002222220200000022000000000000000000000000000000000000000000000000000000000002222202000000000000000000000000002220020000000000002000000000000000000002000000
00000000000000200022000200000000020200022202220222200000022022220000000000000000000000000000000000000000000000000000000022200220000022000000000000000000000222000200000000020020000000000000000000000000
00000000000000002000000000000000222002202000022222000222020002200000000000000000000000000000000000000000000000000000000000202220000000000000000200000000000000200202000000000002000000000000000000020000
00000000000000222000000000000002220200002002220222020000220000000000000000000000000000000000000000000000000000000002000000222222200002200000000002000000000020200002000000002000000000000000020000202200
00000000000000222000000000000020002002000000200002022020202000002000000000000000000000000000000000000000000000000000000000222002222202202000000000000000000002000000000000000000000000000000000000000200
00000000000000222200000000022000202020000000022000002202000000000000000000000000000000000000000000000000000000000000000000222222220002200000000000000000000000000000000000022022000000000000020000000200
00000000000000020000000000000200002000000000000200000200002000000000000000000000000000000000000000000000000000000000000222222222220200200000000000000000000000000000000000022220000000000000020000000020
00000000000000022000000000002020000000000002222200000200200000000000000000000000000000000000000000000000000000000000002002222222222022000000200000000000000000000000000000000000000000000000020000022200
00000000000000000000000000000022220022000220022220002200000000000000000000000000000000000000000000000000000000000000200020022222200000200000200000000000000000000000000000000000000000000000000000000220
00000000000000000000000022200022020022222222222222220000002000000000000000000000000000000000000000000000000000000000000000022222220200200000200000000000000200000000000000002000000000020000000000000020
00000000000000000202002222000020020000022222222222220002200000000000000000000000000000000000000000000000000000000000000000000222220002020000000000000000002000000000000000002000000000200000000000200222
00000000000000000222202022000000000020002222222222220022220002000000000000200000000000000000000000000000000000000000000000002020000000000000000000000000000000000000000000002000000000200000000000000202
00000000000000000000000022000000002200002222222222222022022200200000000000000000000000000000000000000000000000000000000000002000000000000000000000000000002200000000000000002002200000200000000000000200
00000000000020000020022022000000002202222222222222220022222220200200000000020000000000000000000000000000000000000000000000000000000000000000000000000000002220000000000000000000000200000000000020002022
00000000000000000000022220000000202222222222222222222222222222020000000000000000000000000000000000000000000000000000000000000000000000000000000000000000002200000000000000000020002000000000220000000202
00000000000020002002022220020000220222202002022222022222222222000020020200002000000000000000000000000000000000000000000002000000000000000000000000000000220220000000000000000200000000000002200222222222
00000000000002000222222022220220220202200002002022222022222022222022020000000200000000000000000000000000000000000000000000002200000000000000000000000000002020020000000000000200000000000022202020220022
00000000000000000000220222222222222222220000000002202222222020202220020000000200000000000000000000000000000000000000000000000000000000000000000000002000000002000000000000022220200000000022020000022222
00000000000000000000200220000022222222220000000002000022220222202220022000000220000000000000000000000000000000000000002200000000000000000000000000000000000000022000000000022222200020000000200000022222
00000000000000000000022200200002000202200000000000000000200200200220202200000000000000000000000000000000000000000000000000220000000000000000000000000000000000222000020002222222222020000000000000000202
00000000000220022200000200000000020022200000000000000000200002022220020220000000000000000000000000000000000000000000002222220000000000000000000000000000000020200000000000222222222000000000000020000022
00000000002000000000222020000000000022200000000000002200000000002222220200000000000000000000000000000000000000000020002222220000000000000000000000000000000000000000000000022222222000000000020000020000
00000000000000000000222200000000002222000000000020000022000200202020200000000000000000000000000000022000200000000200022222000000000000000000000000000000000000000200000002002002020000000000020200020000
00000000000000000022200200200000222200000000200002000002000000002000200220020000000000000000000000022220000000000000002020000000000000000000000000000000020022000000000000200000000000000000220200002220
20000000000000000000202202200220220000000000000002000000000000000000000022022000000000000000000200000200000000000000200000000000000000000000000000000000200022002200000000200000000000000000000220020000
00000000000000000002222222020022000000000000000000200000000000000200000002020000000000000000000000020000000000000000000000000000000000000000000000000000022220222000000000000000000000000000000222000000
00000000000000000000002220222022002220000000000000000000002000000000002000000000000000000000000000222000000000000000000000000000000000000000000000000020002000220000000000000000000000000000000000200220
00000200000002000002200020220222020000000000000000202000000000000000200000000000000000000000000000002220000000000000000000000000000000000000000000000200000002020000000000020000000000000000000000020202
00000000000000220002200000222222000000000020000000002000000202000000200002200222200000000000000000000222000000000000000000000000000000000000000000000000000000222000000002220000000000200000000000020020
00000000000002222000000000022220200000220000000000000000002200200022220020002020000000000000000000000022220000000000000000000000000000000000000000000022200000002000000000020000000000000000000002022222
00000000000200000202200000000000000000000000000000200200202202000222000000000000000200000000000000000022000002200000020002000000000000000000000000000022000000000000000000020000000000000000000020000022
00000020022020000002200000000002222200000002000000000000020220000200000000000000000000000000000000000002200000200002220020220000200000000000000000002222220000220000000200000000000000000000000000000000
00000000000000000002200000000000202000022000000000000000000020000000000000000000000000000000000000000000200000022000220222222000220000000000000000000022220220000002000000200000000000000000000000000000
00000000000000000000002000000002020000222000200000000020000020000000020000000000000020000000000000000020000000000022202220000000000000000000000000000222222002202000000002200000000000000000000200000000
00000000000000000000000000000000000000002000200000000000000020000000002000000000000000000000000000000020000000000002222220000000000000000000000000002222222200220000000000200000000000000000000000000000
00200000000000000000002000000002000000000020200002000000000000002000000000000000000000000200220000000000000000002022222220000000000000000000000000002222200000220020002000000000000000000000000000000000
00220020000000000000000000000002000200000222000000000000000000000000000000000000000000000222200000000000000022022200022220000000000000000000000000000222200000000000000000002002000000000020000000000000
00202200000000000000000000000000002000000000200220000000002000000000000000000000000000000002000000000000220222200200022022000000000000000000000000002222000000000000000000002220000000000000002002200000
22202000002220000000000000000000002200000002000200000000000000000000000000000000000002000002000000000222222222000000000002000000000000000000000000020200000000000000000000002200000000000000000000000000
02000000020000000000000000000000022220000000000200000000000000000000000200000000000200000000000020020020022000000000000000000000000000000000000000000200000000000000000000000000000000000000000000000000
00002000000220000000022000000000000000000000000000000000000000000000000200000000022020000002000022000002000000000000000000000000000000000000000000200000000000000000000000000000000000000000000000000000
00202020000020000020200000000002020000000000020200000000000000000000000000000002222220200000000000000000000000000000000000000000000000000000000002000000000000000000000000000000000000000000000000000000
00000000000020200200000000000000000200000200000000000020000000000000000000000000220022200000000020000000000000000000002000022200000000000000000000000000000000000000000000002000000000000000002000000000
00000000000000200000000000000202020000002000020000000220000200000000000000000000000000000000000000000000000000020000000000222200000000000000000000000020000000000000000000222200000000000000000000000000
20000000000000000002000000000200000000002000000000000000000020000000000000000000000000000000000000000000000000222022000000002000000000000000000000000000000000000000000002222200000000000000200000000000
00000000000000000000000000000200000000000000000000000200000022200020000002000000000000000000200000000000000022222000000000002002002000000000000000000000000000000000002022222200000000000000000000000000
00000000000000000000202000002000000000000000000000000200000002200020000000000000000000000002220000000000000222200000000200000000000000000000000000000000000000000000000000222200000000000000000000000000
00000000000000000000002000000200000020000000000000000200000200200020000000000000000000000202020000000000200000000000000000000000200000000000000000000000000000000000000000002200000000000000000000000000
00000000000000000000000000000000020002220000002000000200000000000220000000000000000000000220000000000000000000000000000000000000000200000000020000000000000000000000000000000000000000000000000000000000
00000000000000000000002000000000000002000000000000000200000000000000000000000000000000000200000002200200000000000000000000020000000000000000000000000000200000000000000000000000000000000002000000000000
00000000002000000000000002000022000000000000002000000000000000000000000000000000000000000022000000000000000000000000000000020000000000000000000000000020000000000220000000000000000000000000200000000000
00000000000000000000000000000020000000000000002000000000000000000000000000000000000000000000000000222000000000000000000000002000000002000000000000000000000000000000000000000000000000000000000000000000
00000000000000000000000002000220000000000000000000000000000000000000000000000020000000000000200000000000200200000000000000000000000200000000000000000000000020000000200000000000000000000000020000000000
00000000000000000000000000000220002000000000000000000000000000000000000000000000000000000000020000000000000000000000000000000000022200000000000000200000000000000000000000000000000000000000000000000000
00000000000000000000000000000000000000200002000000000000000000000000000000002200000000000000002000000000000000000000000000000002222220000020000202000000000000000002000020000000000000000000000000000000
00000000000000000000000000000000000000000002000000000000000000000000000000002200020000000000000000000000000000000000000000000002222200020200000222200002002200000002000022220000000000000000000000000000
00000000000000000000000000000000000000000000000000000000000000000000000000000222200000002020000000000020000000000000000000000200222200020000002200200200202000000000002200220000000000000000000000000000
00000000000000000020000000000000000200000000000000000000000000000000000000022200000000000000000000200020000000002200000000000000022222020220022002222202220200000000022222000202000020000000000000000000
00000000000000000000000000000000020002000020000000000000000000000000000000000020000000000000000000020020000002202000000000000000002220002222002022222022000000000200002022220002200000000000000000000000
00000000000000000002000000000000000000000000020000000000000000000000000000000000000200000000000000000000002002220000000000000000022220202222200202222222020000020000000200220002200000000000000000000000
00000000000000000000000000000002000000000000000000000000000000000000000000200000000000000020000020000000002022000022000000002222222222002022000022222220200000200200002022220020200000000000000000000000
00000000000000000000000000000000000000000000000000000000000000002000200000000000000000200200000000000000000200022202200000000022222222000022000000022200002000000220000222020022000000000000000000000000
00000000000000000000000000000002000000000200000000000000000000000000002000000000000002000000000000000000000000002202200002000022220200002200000000000000000000000220200222220022002000000000000000010000