11000000000000000000000000000000000000000000000000000000000000000000000000000000000000000000000000000000000000000000000000000000000000000000000000000000000000000000000000000000000000000000000000000000
11100000000000000000000000000000000000000000000000000000000000000000000000000000000000000000000000000000000000000000000000000000000000000000000000000000000000000000000000000000000000000000000000000000
11100000000000000000000000000000000000000000000000000000000000000000000000000000000000000000000000000000000000000000000000000000000000000000000000000000000000000000000000000000000000000000000000000000
11111110000000000000000000000000000000000000000000000000000000000000000000000000000000000000000000000000000000000000000000000000000000000000000000000000000000000000000000000000000000000000000000000000
11111111111110000000000000000000000000000000000000000000000000000000000000000000000000000000000000000000000000000000000000000000000000000000000000000000000000000000000000000000000000000000000000000000
11111111111110000000000000000000000000000000000000000000000000000000000000000000000000000000000000000000000000000000000000000000000000000000000000000000000000000000000000000000000000000000000000000000
11111111111110000000000000000000000000000000000000000000000000000000000000000000000000000000000000000000000000000000000000000000000000000000000000000000000000000000000000000000000000000000000000000000
11111111111110000000000000000000000000000000000000000000000000000000000000000000000000000000000000000000000000000000000000000000000000000000000000000000000000000000000000000000000000000000000000000000
11111111111100000000000000000000000000000000000000000000000000000000000000000000000000000000000000000000000000000000000000000000000000000000000000000000000000000000000000000000000000000000000000000000
11111111111100000000000000000000000000000000000000000000000000000000000000000000000000000000000000000000000000000000000000000000000000000000000000000000000000000000000000000000000000000000000000000000
11111111111100000000000000000000000000000000000000000000000000000000000000000000000000000000000000000000000000000000000000000000000000000000000000000000000000000000000000000000000000000000000000000000
11111111111110000000000000000000000000000000000000000000000000000000000000000000000000000000000000000000000000000000000000000000000000000000000000000000000000000000000000000000000000000000000000000000
11111111111110000000000000000000000000000000000000000000000000000000000000000000000000000000000000000000000000000000000000000000000000000000000000000000000000000000000000000000000000000000000000000000
11000001111111100000000000000000000000000000000000000000000000000000000000000000000000000000000000000000000000000000000000000000000000000000000000000000000000000000000000000000000000000000000000000000
00011011111111100000000000000000000000000000000000000000000000000000000000000000000000000000000000000000000000000000000000000000000000000000000000000000000000000000000000000000000000000000000000000000
00011011111111100000000000000000000000000000000000000000000000000000000000000000000000000000000000000000000000000000000000000000000000000000000000000000000000000000000000000000000000000000000000000000
11111110001111110000000000000000000000000000000000000000000000000000000000000000000000000000000000000000000000000000000000000000000000000000000000000000000000000000000000000000000000000000000000000000
00111111111111111111000000000000000000000000000000000000000000000000000000000000000000000000000000000000000000000000000000000000000000000000000000000000000000000000000000000000000000000000000000000000
00111111111111111111000000000000000000000000000000000000000000000000000000000000000000000000000000000000000000000000000000000000000000000000000000000000000000000000000000000000000000000000000000000000
11100111111111111111000000000000000000000000000000000000000000000000000000000000000000000000000000000000000000000000000000000000000000000000000000000000000000000000000000000000000000000000000000000000
11111111111111111111110000000000000000000000000000000000000000000000000000000000000000000000000000000000000000000000000000000000000000000000000000000000000000000000000000000000000000000000000000000000
11111111111111111111000000000000000000000000000000000000000000000000000000000000000000000000000000000000000000000000000000000000000000000000000000000000000000000000000000000000000000000000000000000000
11111111111111111111000000000000000000000000000000000000000000000000000000000000000000000000000000000000000000000000000000000000000000000000000000000000000000000000000000000000000000000000000000000000
11100110011111111110000000000000000000000000000000000000000000000000000000000000000000000000000000000000000000000000000000000000000000000000000000000000000000000000000000000000000000000000000000000000
11111111111111111110000000000000000000000000000000000000000000000000000000000000000000000000000000000000000000000000000000000000000000000000000000000000000000000000000000000000000000000000000000000000
11111111111111111110000000000000000000000000000000000000000000000000000000000000000000000000000000000000000000000000000000000000000000000000000000000000000000000000000000000000000000000000000000000000
11111111111111111110000000000000000000000000000000000000000000000000000000000000000000000000000000000000000000000000000000000000000000000000000000000000000000000000000000000000000000000000000000000000
11111111111111111111000000000000000000000000000000000000000000000000000000000000000000000000000000000000000000000000000000000000000000000000000000000000000000000000000000000000000000000000000000000000
11111111111111111111000000000000000000000000000000000000000000000000000000000000000000000000000000000000000000000000000000000000000000000000000000000000000000000000000000000000000000000000000000000000
11111111111111111111110000000000000000000000000000000000000000000000000000000000000000000000000000000000000000000000000000000000000000000000000000000000000000000000000000000000000000000000000000000000
11111111111111111111111000000000000000000000000000000000000000000000000000000000000000000000000000000000000000000000000000000000000000000000000000000000000000000000000000000000000000000000000000000000
11111111111111111111111000000000000000000000000000000000000000000000000000000000000000000000000000000000000000000000000000000000000000000000000000000000000000000000000000000000000000000000000000000000
11111111111111111111111110000000000000000000000000000000000000000000000000000000000000000000000000000000000000000000000000000000000000000000000000000000000000000000000000000000000000000000000000000000
00111111110011111111111110000000000000000000000000000000000000000000000000000000000000000000000000000000000000000000000000000000000000000000000000000000000000000000000000000000000000000000000000000000
11111111111111111111111110000000000000000000000000000000000000000000000000000000000000000000000000000000000000000000000000000000000000000000000000000000000000000000000000000000000000000000000000000000
11111111111111111111111110000000000000000000000000000000000000000000000000000000000000000000000000000000000000000000000000000000000000000000000000000000000000000000000000000000000000000000000000000000
00111001111111111111111110000000000000000000000000000000000000000000000000000000000000000000000000000000000000000000000000000000000000000000000000000000000000000000000000000000000000000000000000000000
11111111111111111111111110000000000000000000000000000000000000000000000000000000000000000000000000000000000000000000000000000000000000000000000000000000000000000000000000000000000000000000000000000000
11111111111111111111111110000000000000000000000000000000000000000000000000000000000000000000000000000000000000000000000000000000000000000000000000000000000000000000000000000000000000000000000000000000
00111101111111111111111110000000000000000000000000000000000000000000000000000000000000000000000000000000000000000000000000000000000000000000000000000000000000000000000000000000000000000000000000000000
11100101111111111111111110000000000000000000000000000000000000000000000000000000000000000000000000000000000000000000000000000000000000000000000000000000000000000000000000000000000000000000000000000000
11100101111111111111111110000000000000000000000000000000000000000000000000000000000000000000000000000000000000000000000000000000000000000000000000000000000000000000000000000000000000000000000000000000
11111111111111111111111111111110000000000000000000000000000000000000000000000000000000000000000000000000000000000000000000000000000000000000000000000000000000000000000000000000000000000000000000000000
00111111101111111111111111111110000000000000000000000000000000000000000000000000000000000000000000000000000000000000000000000000000000000000000000000000000000000000000000000000000000000000000000000000
00111111101111111111111111111110000000000000000000000000000000000000000000000000000000000000000000000000000000000000000000000000000000000000000000000000000000000000000000000000000000000000000000000000
11000011111111111111111111111110000011000000000000000000000000000000000000000000000000000000000000000000000000000000000000000000000000000000000000000000000000000000000000000000000000000000000000000000
11000111111111111111111111111111000111000000000000000000000000000000000000000000000000000000000000000000000000000000000000000000000000000000000000000000000000000000000000000000000000000000000000000000
11000011111111111111111111111111111111100000000000000000000000000000000000000000000000000000000000000000000000000000000000000000000000000000000000000000000000000000000000000000000000000000000000000000
11000011111111111111111111111111111111100000000000000000000000000000000000000000000000000000000000000000000000000000000000000000000000000000000000000000000000000000000000000000000000000000000000000000
00000010011111111111111111111111111111100000000000000000000000000000000000000000000000000000000000000000000000000000000000000000000000000000000000000000000000000000000000000000000000000000000000000000
00000010000011101111111111111111111111100000000000000000000000000000000000000000000000000000000000000000000000000000000000000000000000000000000000000000000000000000000000000000000000000000000000000000
00000010000011101111111111111111111111100000000000000000000000000000000000000000000000000000000000000000000000000000000000000000000000000000000000000000000000000000000000000000000000000000000000000000
00000011100000011111111111111111111111111000000000000000000000000000000000000000000000000000000000000000000000000000000000000000000000000000000000000000000000000000000000000000000000000000000000000000
00000011110001111111111111111111111111111100111000000000000000000000000000000000000000000000000000000000000000000000000000000000000000000000000000000000000000000000000000000000000000000000000000000000
00000011110001111111111111111111111111111100111000000000000000000000000000000000000000000000000000000000000000000000000000000000000000000000000000000000000000000000000000000000000000000000000000000000
00000000011111111111111111111111111111111111111100000000000000000000000000000000000000000000000000000000000000000000000000000000000000000000000000000000000000000000000000000000000000000000000000000000
00000011111111111101111111111111111111111111111100000000000000000000000000000000000000000000000000000000000000000000000000000000000000000000000000000000000000000000000000000000000000000000000000000000
00000011111111111101111111111111111111111111111100000000000000000000000000000000000000000000000000000000000000000000000000000000000000000000000000000000000000000000000000000000000000000000000000000000
00000111110001111111111111111111111111111111100010000000000000000000000000000000000000000000000000000000000000000000000000000000000000000000000000000000000000000000000000000000000000000000000000000000
00000000010001101111111111111111111111111111222222100000000000000000000000000000000000000000000000000000000000000000000000000000000000000000000000000000000000000000000000000000000000000000000000000000
00000000010001101111111111111111111111111111222201200000000000000000000000000000000000000000000000000000000000000000000000000000000000000000000000000000000000000000000000000000000000000000000000000000
00000000000000001111111111111001111111111111122222220000000000000000000000000000000000000000000000000000000000000000000000000000000000000000000000000000000000000000000000000000000000000000000000000000
00000001100000000011111111111111111111111111122222221100000000000000000000000000000000000000000000000000000000000000000000000000000000000000000000000000000000000000000000000000000000000000000000000000
00000100000000001101111111111111111111111111222222221100000000000000000000000000000000000000000000000000000000000000000000000000000000000000000000000000000000000000000000000000000000000000000000000000
00000100000000001101111111111111111111111111122222221100000000000000000000000000000000000000000000000000000000000000000000000000000000000000000000000000000000000000000000000000000000000000000000000000
00011000000000000001111111111110111111111111122222221110000000000000000000000000000000000000000000000000000000000000000000000000000000000000000000000000000000000000000000000000000000000000000000000000
00000000000000011111111111111110111111111111111111111110000001100000000000000000000000000000000000000000000000000000000000000000000000000000000000000000000000000000000000000000000000000000000000000000
00000000000000011111111111111110111111111111111111111110000001100000000000000000000000000000000000000000000000000000000000000000000000000000000000000000000000000000000000000000000000000000000000000000
00000000000000011111111111111111111111111111111111111111110011111110000000000000000000000000000000000000000000000000000000000000000000000000000000000000000000000000000000000000000000000000000000000000
00000000000000001101111111110001111100100111111111111111111111111111000000000000000000000000000000000000000000000000000000000000000000000000000000000000000000000000000000000000000000000000000000000000
00000000000000001101111111110001111100100111111111111111111111111111000000000000000000000000000000000000000000000000000000000000000000000000000000000000000000000000000000000000000000000000000000000000
00000000001111110011111001111111110011100111111110011111111111111111000000000000000000000000000000000000000000000000000000000000000000000000000000000000000000000000000000000000000000000000000000000000
00000000000010000001111111111001001000000111111001111111111111111110000000001111100000000000000000000000000000000000000000000000000000000000000000000000000000000000000000000000000000000000000000000000
00000000000010000001111111111001001000000111111001111111111111111110000000001111100000000000000000000000000000000000000000000000000000000000000000000000000000000000000000000000000000000000000000000000
00000000010010001100111111111111001000011111100111111111111111222111111000111111100000000000000000000000000000000000000000000000000000000000000000000000000000000000000000000000000000000000000000000000
00000000001101111111111111111111111111011111111111111111111112222201111111111111111000000000000000000000000000000000000000000000000000000000000000000000000000000000000000000000000000000000000000000000
00100100011110011111111111111110111111111111011011111111111112222200111111111111111100000000000000000000000000000000000000000000000000000000000000000000000000000000000000000000000000000000000000000000
00100100011110011111111111111110111111111111011011111111111112222222111111111111111100000000000000000000000000000000000000000000000000000000000000000000000000000000000000000000000000000000000000000000
11100100011111111111111111111111111111111111111001111111111111102222111111111111111100011110000000000000000000000000000000000000000000000000000000000000000000000000000000000000000000000000000000000000
00000111101111111111111111111111111111111111111011111111111111112222111111111111111111111100000000000000000000000000000000000000000000000000000000000000000000000000000000000000000000000000000000000000
00000111101111111111111111111111111111111111111011111111111111112201111111111111111111111122200000000000000000000000000000000000000000000000000000000000000000000000000000000000000000000000000000000000
00111101111111111111111111111111111111111111111111111111111111111111111111111111111111111122200000000000000000000000000000000000000000000000000000000000000000000000000000000000000000000000000000000000
11111111110011111111111111111111111111111111111101111111111111111111111111111111111111111122200000000000000000000000000000000000000000000000000000000000000000000000000000000000000000000000000000000000
11111111110011111111111111111111111111111111111101111111111111111111111111111111111111111122200000000000000000000000000000000000000000000000000000000000000000000000000000000000000000000000000000000000
11011111101101111111111111111111111111111111111001110011101111111111111111111102222221111111110000000000000000000000000000000000000000000000000000000000000000000000000000000000000000000000000000000000
11100101111101111111111111111111111111111100111101111111111111111111111111111122222221111111111110000000000000000000000000000000000000000000000000000000000000000000000000000000000000000000000000000000
11100101111101111111111111111111111111111100111101111111111111111111111111111122222221111111111110000000000000000000000000000000000000000000000000000000000000000000000000000000000000000000000000000000
11111111111111111111111111111111111111111111111111111110011111111111111111111112222011111111111110000000000000000000000000000000000000000000000000000000000000000000000000000000000000000000000000000000
11111111111101111111111111111111111111111111111111111111111111111110111111111111111111111111111110000000000000000000000000000000000000000000000000000000000000000000000000000000000000000000000000000000
11111111111111101111111111111111111111111111111111111111111111111001110111111111111111111111111100000000000000000000000000000000000000000000000000000000000000000000000000000000000000000000000000000000
11111111111111101111111111111111111111111111111111111111111111111001110111111111111111111111111100000000000000000000000000000000000000000000000000000000000000000000000000000000000000000000000000000000
11111111111111110011111111111111111111111111111111111111111101111111111110111111111111011110201100000000000000000000000000000000000000000000000000000000000000000000000000000000000000000000000000000000
11111111111111111100001111111111111111111100011100001111111111111111111111111111111102211110221100000000000000000000000000000000000000000000000000000000000000000000000000000000000000000000000000000000
11111111111111111100001111111111111111111100011100001111111111111111111111111111111102222110021100000000000000000000000000000000000000000000000000000000000000000000000000000000000000000000000000000000
11111111111111111110111111111111111111111111111000011111111100001111111111111111111102222111121100000000000000000000000000000000000000000000000000000000000000000000000000000000000000000000000000000000
11111111110011111111111110110110000000000100111100010011110000001111111111111111111111211111110000000000000000000000000000000000000000000000000000000000000000000000000000000000000000000000000000000000
11111111110011111111111110110110000000000100111100010011110000001111111111111111221112222111110000000000000000000000000000000000000000000000000000000000000000000000000000000000000000000000000000000000
11111111111111111101110110110000111011011111111000010001101111111111111111111100220102222000010000000000000000000000000000000000000000000000000000000000000000000000000000000000000000000000000000000000
11111111111111111101001000000111110000011111111100010010011111111111111111111022222222222222220000000000000000000000000000000000000000000000000000000000000000000000000000000000000000000000000000000000
11111111111111111101001000000111110000011111111100010010011111111111111111112220221222022222220000000000000000000000000000000000000000000000000000000000000000000000000000000000000000000000000000000000
11111111101110011111000000000110000000111100111000011111111111111111111111111111222221122222222222222220000000000000000000000000000000000000000000000000000000000000000000000000000000000000000000000000
11111111111101111110000110000000001111100100111101111111111111111111111111001111222221122222222222222220000000000000000000000000000000000000000000000000000000000000000000000000000000000000000000000000
11111111111101111110000110000000001111100100111101111111111111111111111112221111222011222222222222222222000000000000000000000000000000000000000000000000000000000000000000000000000000000000000000000000
11111111111101101110000110000000111100000000111111111111111111111111111122220111222222222222222222222222000000000000000000000000000000000000000000000000000000000000000000000000000000000000000000000000
11111111111111101110000001000000110000000011111111111111111111111111111022220111222222222222222222222222000000000000000000000000000000000000000000000000000000000000000000000000000000000000000000000000
11111111111110001110000001000000000000000100111101111111111111111111110222220111222220222122222222222222000000000000000000000000000000000000000000000000000000000000000000000000000000000000000000000000
11111111111110001110000001000000000000000100111101111111111111111111110222222211222222122222222222222220000000000000000000000000000000000000000000000000000000000000000000000000000000000000000000000000
11111111111111111111000000000001111111111111100111111111111111111111110222221111102222122211202222222220000000000000000000000000000000000000000000000000000000000000000000000000000000000000000000000000
11111111111111110011111000000000001011111111111111111111111111111111111222221111102222022210202222222220000000000000000000000000000000000000000000000000000000000000000000000000000000000000000000000000
11111111111111110011111000000000001011111111111111111111111111111111111111111111102222222210222222222000000000000000000000000000000000000000000000000000000000000000000000000000000000000000000000000000
11111111111111110000111000000001111011111111111111111111111111111111111111111111111111211222022222222000000000000000000000000000000000000000000000000000000000000000000000000000000000000000000000000000
11111111111111111111111000110001111111111111111111111111111111111111111111111111111111211222122222222000000000000000000000000000000000000000000000000000000000000000000000000000000000000000000000000000
11111111111111111111111000110001111111111111111111111111111111111111111111111111111111111222122222222000000000000000000000000000000000000000000000000000000000000000000000000000000000000000000000000000
11111111111111111101111001111111111111111111111111111111111111111111111111111111111111122211121122222100000000000000000000000000000000000000000000000000000000000000000000000000000000000000000000000000
11111111111111111111111000001001001111111111111111111111111111111111111111111111111111122222221122211100000000000000000000000000000000000000000000000000000000000000000000000000000000000000000000000000
11111111111111111111111000001001001111111111111111111111111111111111111111111111111111122222221122211100000000000000000000000000000000000000000000000000000000000000000000000000000000000000000000000000
11111111111111111111111001000001111100111111111111111111111111111111111111111111111111111122222222211100000000000000000000000000000000000000000000000000000000000000000000000000000000000000000000000000
11111111111111111111111110111111110111100111111111111111111111111111111111111111111111111122221122211110000000000000000000000000000000000000000000000000000000000000000000000000000000000000000000000000
11111111111111111111111110111001110111100111111111111110011111111111111111111111111111111022221122211100000000000000000000000000000000000000000000000000000000000000000000000000000000000000000000000000
11111111111111111111111110111001110111100111111111111110011111111111111111111111111111111222111111111100000000000000000000000000000000000000000000000000000000000000000000000000000000000000000000000000
11111111111111111111111111000000000100111111111111111111111111111111110220111111111111111222211111111100000000000000000000000000000000000000000000000000000000000000000000000000000000000000000000000000
11111111111111111111111111001001111000000011111111111111111111111111110222211111111111122222111111111100000000000000000000000000000000000000000000000000000000000000000000000000000000000000000000000000
11111111111111111111111111001001111000000011111111111111111111111111110222211111111111122222111111111100000000000000000000000000000000000000000000000000000000000000000000000000000000000000000000000000
11111111111111111111111111111001111111000000111111111111101111111111110222201111111111122222111111111100000000000000000000000000000000000000000000000000000000000000000000000000000000000000000000000000
11111111111111111111111111110000000111111000011110011111111101111111111222201111111111022222111111110000000000000000000000000000000000000000000000000000000000000000000000000000000000000000000000000000
11111111111111111111111111110000000111111000011110011111111101111111111222201111111111022222111111110000000000000000000000000000000000000000000000000000000000000000000000000000000000000000000000000000
11111111111111111111111111111000000100000111111011110000011111111111111122211111111102222111111111110000000000000000000000000000000000000000000000000000000000000000000000000000000000000000000000000000
11111111111111111111111111111000000000000000111011110011111111110111111111111111111112222111111111100000000000000000000000000000000000000000000000000000000000000000000000000000000000000000000000000000
11111111111111111111111111111000000000000000111011110011111111110111111111111111111111000111111111100000000000000000000000000000000000000000000000000000000000000000000000000000000000000000000000000000
11111111111111111111111001001110000000000000100110010010011111111111111111111111111111111111111111100000000000000000000000000000000000000000000000000000000000000000000000000000000000000000000000000000
11111111111111111111111001000000000000000000011000010010011111111111111111111111111111111111111111100000000000000000000000000000000000000000000000000000000000000000000000000000000000000000000000000000
11111111111111111111111001000000000000000000011000010010011111111111111111111111111111111111111111100000000000000000000000000000000000000000000000000000000000000000000000000000000000000000000000000000
11111111111111111111111000000000000000000000000111111110011111111111111111111111111111111111111111100000000000000000000000000000000000000000000000000000000000000000000000000000000000000000000000000000
11111111111111111111111001000000000000000000000000011111111111111111111111111111111111111111111110000000000000000000000000000000000000000000000000000000000000000000000000000000000000000000000000000000
11111111111111111111111000110000000000000000000000001111111111111111111111111111111111111111111100000000000000000000000000000000000000000000000000000000000000000000000000000000000000000000000000000000
11111111111111111111111000110000000000000000000000001111111111111111111111111112111111111111111100000000000000000000000000000000000000000000000000000000000000000000000000000000000000000000000000000000
11111111111111111111111111110000000000000000000011111111111111111111111111111002000111111111100000000000000000000000000000000000000000000000000000000000000000000000000000000000000000000000000000000000
11111111111111111111111111000000000000000000000011100011111111111111111111112222220111111111100000000000000000000000000000000000000000000000000000000000000000000000000000000000000000000000000000000000
11111111111111111111111111000000000000000000000011100011111111111111111111112222220111111111100000000000000000000000000000000000000000000000000000000000000000000000000000000000000000000000000000000000
11111111111111111111111110111110000000000000000001110001111111111111111111112222221111111111111111111100000000000000000000000000000000000000000000000000000000000000000000000000000000000000000000000000
11111111111111111111111000111000000000000000000000010011111111111111111111111122220111111111111111111100000000000000000000000000000000000000000000000000000000000000000000000000000000000000000000000000
11111111111111111111111000111000000000000000000000010011111111111111111111111122220111111111111111111100000000000000000000000000000000000000000000000000000000000000000000000000000000000000000000000000
11111111111111111111111111110000000000000000000000001101101111111111111111111100111111111111111111111110000000000000000000000000000000000000000000000000000000000000000000000000000000000000000000000000
11111111111111111111111111110110110000000000000000001111111111111111111111111111111111111111111111111100000000000000000000000000000000000000000000000000000000000000000000000000000000000000000000000000
11111111111111111111111111110110110000000000000000001111111111111111111111111111111111111111111111111100000000000000000000000000000000000000000000000000000000000000000000000000000000000000000000000000
11111111111111110011111110111000000000000000000001101111111111111111111111111111111111111111112222210000000000000000000000000000000000000000000000000000000000000000000000000000000000000000000000000000
11111111111111111111111111111110000000000000000001100011111111111111111111111111111111111111112222211100001110000000000000000000000000000000000000000000000000000000000000000000000000000000000000000000
11111111111111111111111111111110000000000000000000010001111111111111111111111111111111111111112222200011111111000000000000000000000000000000000000000000000000000000000000000000000000000000000000000000
11111111111111111111111111111110000000000000000000010001111111111111111111111111111111111111112222222221111111000000000000000000000000000000000000000000000000000000000000000000000000000000000000000000
11111111101111101111111111111110000000000011100000010011111111111111111111111111111111111111110022222222011111110000000000000000000000000000000000000000000000000000000000000000000000000000000000000000
11111100011111111111111111111111000000000000000011111111111111111111111111111111111111111111111122222222011111110000000000000000000000000000000000000000000000000000000000000000000000000000000000000000
11111100011111111111111111111111000000000000000011111111111111111111111111111111111111111111111111122220011111110000000000000000000000000000000000000000000000000000000000000000000000000000000000000000
11100111111111110011111001111111000000000000100110010011111111111111111111111111111111111111111111111111111111110000000000000000000000000000000000000000000000000000000000000000000000000000000000000000
11111111111111100011110111000111000000000000111111111111111101111111111111111111111111111111111111111111111111110000000000000000000000000000000000000000000000000000000000000000000000000000000000000000
11111111111111100011110111000111000000000000111111111111111101111111111111111111111111111111111111111111111111110000000000000000000000000000000000000000000000000000000000000000000000000000000000000000
11100100010011111111111110000001000000000000011001111110011111111111111111111111111111111011111111111111111111000000000000000000000000000000000000000000000000000000000000000000000000000000000000000000
11100101111111111111110111000000000000000000000001111111111111111111111111111111111111000010001101111111111111110000000000000000000000000000000000000000000000000000000000000000000000000000000000000000
11100101111111111111110111000000000000000000000001111111111111111111111111111111111111000010001101111111111111110000000000000000000000000000000000000000000000000000000000000000000000000000000000000000
11111101111110001111111001110000000000000000000001111111111111111111111111111111111111011000000001111111111111111000000000000000000000000000000000000000000000000000000000000000000000000000000000000000
11111111111110011101001111110000000000000000000001110011111111111111111111111111111111111000000001111111111111111000000000000000000000000000000000000000000000000000000000000000000000000000000000000000
11100011111111110011111111001110000000000000000001111111111111111111111111111111111111111000000000011111111111111000000000000000000000000000000000000000000000000000000000000000000000000000000000000000
11100011111111110011111111001110000000000000000001111111111111111111111111111111111111111000000000011111111111111000000000000000000000000000000000000000000000000000000000000000000000000000000000000000
11111011111111111111111110110001000000000000000000001111111111111111111111111111111011111000000011111111111222201110000000000000000000000000000000000000000000000000000000000000000000000000000000000000
11111101111111100001111110111111110000000000000000011111111111100222201111111111111011111000001111111111110222201110000000000000000000000000000000000000000000000000000000000000000000000000000000000000
11111101111111100001111110111111110000000000000000011111111111100222201111111111111011111000001111111111110222201110000000000000000000000000000000000000000000000000000000000000000000000000000000000000
11111111111111111100111000001110000000000000011111111111111111222222201111111111111111111000000011111111111222211110000000000000000000000000000000000000000000000000000000000000000000000000000000000000
11111111111111111111111111001111111000000000011111111111111112222222201111111111111111000100000011111111222222111110000000000000000000000000000000000000000000000000000000000000000000000000000000000000
11111111111111111111111111001111111000000000011111111111111110222222001111111111111111000100000011111111222222111110000000000000000000000000000000000000000000000000000000000000000000000000000000000000
11111111111111111111110110000001111100000000000110011111111111222222111111111011000011000011100011111111222222111000000000000000000000000000000000000000000000000000000000000000000000000000000000000000
11111111111111111101110000111000110011000000011110011111111111222222111111110100011111100000001111111111112222110000000000000000000000000000000000000000000000000000000000000000000000000000000000000000
11111111111111111101110000111000110011000000011110011111111111102000111111110100011111100000001111111111110001110000000000000000000000000000000000000000000000000000000000000000000000000000000000000000
11111111111111110011111001110110000100000000000010011111111111112111111111001000000111111000001101111111111111111000000000000000000000000000000000000000000000000000000000000000000000000000000000000000
11111011111111111111111111000000000000000000000011111111111111111111111111110000000100100101101111111111111111111000000000000000000000000000000000000000000000000000000000000000000000000000000000000000
11111011111111111111111111000000000000000000000011111111111111111111111111110000000100100101101111111111111111111000000000000000000000000000000000000000000000000000000000000000000000000000000000000000
11111111111111111111111110000000000000000000000011111111111111111111111111110000100011011111111111111111111111111000000000000000000000000000000000000000000000000000000000000000000000000000000000000000
11111111111111111111111111110000000000000011100010011111111111111111111110000011111000011111111100001111111111111000000000000000000000000000000000000000000000000000000000000000000000000000000000000000
11111111111111111111111111000000000000000000011111111111111111111111111111111111100011111011111111111111111111111000000000000000000000000000000000000000000000000000000000000000000000000000000000000000
11111111111111111111111111000000000000000000011111111111111111111111111111111111100011111011111111111111111111111000000000000000000000000000000000000000000000000000000000000000000000000000000000000000
11111111111111111111111001000000000000000100011111111111111111111111111111111100000111100111111101111111111111110000000000000000000000000000000000000000000000000000000000000000000000000000000000000000
11111111111111111111111110110000000000000000111111111111111111111111111111111000100011011011111111111111111111111000000000000000000000000000000000000000000000000000000000000000000000000000000000000000
11111111111111111111111110110000000000000000111111111111111111111111111111111000100011011011111111111111111111111000000000000000000000000000000000000000000000000000000000000000000000000000000000000000
11111111111111111111111111000000000000000100111111111111111111111111111111001111111000011111111111111111111111111110000000000000000000000000000000000000000000000000000000000000000000000000000000000000
11111111111111111111111110110000000000000000011111111111111111111111111111111000100011111111111111111111111111111000000000000000000000000000000000000000000000000000000000000000000000000000000000000000
11111111111111111111111110110000000000000000011111111111111111111111111111111000100011111111111111111111111111111000000000000000000000000000000000000000000000000000000000000000000000000000000000000000
11111111111111111111111000000000000000000000100111111111111111111111111000111100000000011011111111111111111111111000000000000000000000000000000000000000000000000000000000000000000000000000000000000000
11111111111111111111111110000000000000000011111111111111111111111111000001110100000000100111111111111111111111000000000000000000000000000000000000000000000000000000000000000000000000000000000000000000
11111111111111111111111110000000000000000011111111111112211111111111000001110100000000100111111111111111111111000000000000000000000000000000000000000000000000000000000000000000000000000000000000000000
11111111111111111111110001110000000000000111111111112222211111111111110001001100000000111111101111111111111110000000000000000000000000000000000000000000000000000000000000000000000000000000000000000000
11111111111111111111000001111001000000000111111111112222211111111000000111000000000000111111111111111111111001000000000000000000000000000000000000000000000000000000000000000000000000000000000000000000
11111111111111111101001000111110111000100111111111102222211111111000000111110100000000100101111111111111100000000000000000000000000000000000000000000000000000000000000000000000000000000000000000000000
11111111111111111101001000111110111000100111111111122211111111111000000111110100000000100101111111111111222222000000000000000000000000000000000000000000000000000000000000000000000000000000000000000000
11111101111111100000001110000000110111000111111110222221111111111000111110111000000000011011111101111111102222000000000000000000000000000000000000000000000000000000000000000000000000000000000000000000
11111111101110000000001110000110000000111111111111222221111111111111001110111100000000011101111111111100002222110000000000000000000000000000000000000000000000000000000000000000000000000000000000000000
11111111101110000000001110000110000000111111111111122211111111111111001110111100000000011101111111111102222222110000000000000000000000000000000000000000000000000000000000000000000000000000000000000000
11111101101100000000000111111001001000000111111111111111111111100111111000000000011000000100000011111112222222000000000000000000000000000000000000000000000000000000000000000000000000000000000000000000
11111111111110000000000001111001111100111111111111111111111110000000000000000011011111111111101111111110222222200000000000000000000000000000000000000000000000000000000000000000000000000000000000000000
11111111111110000000000001111001111100111111111111111111111110000000000000000011011111111111101111111110222222200000000000000000000000000000000000000000000000000000000000000000000000000000000000000000
11000000010010000000000111111110111111111111111111111111111111110000000000000011100100100001110011111111112222111001110000000000000000000000000000000000000000000000000000000000000000000000000000000000
11111100000000000000000001111110111111111111111111111111111101101110000000000000000000000000001111111111112022111111111000000000000000000000000000000000000000000000000000000000000000000000000000000000
11111100000000000000000001111110111111111111111111111111111101101110000000000000000000000000001111111111112022111111111000000000000000000000000000000000000000000000000000000000000000000000000000000000