02202002022222200000222222222222222222222222222222222222222222222222222222222022222222222222222222222222222222222233333333333333333332222333333333323333333333222222222222333334444444544444443333333222
02202200222222000000002002222222222222222222222222222222222222222222222222222222222222222222222222222222222222222333333333333333223332222333333333223333333332222222222223333334444444444444444333333322
00022222222222000000000000222220222222222222222222222222222222222222222222222222220002222222222222222222222222223333333333333333222333222233333333233333333332222222222223333334444444444444444333333322
00022222222222000000000000022220222222222222222222222222222222222202000222022222220000222222222222222222222222222222233333333333223332222223333322333333333322222222222233333334444444444444444333333330
00000202220022200000220000000002222222222222222222222222222222222222000000002000020022222222222222222222222222222222223333333333222222222223333323333333333332222222222333333333444444444444444333333333
00000000200022200000000000000002222222022222222222222222222222222222000000000000000022222222222222222222222222222222223333333332222222222223333223333333333322222222222333333334444444444444444333333333
00000000200022000000000000000000022222222222222222222222222222200000000000000000000000022222222222222222222222222222233333333332222222222223332233333333332222222222222333333334444444444444443333333333
00000222220000000000020220222002222222222222222222222222222220000000000000000000000000002222222222222222222222222222333333333332222222222223332233233323332222222222223333333334444444444444433333333330
00000220220002000020000022000000222222222222222222222220222020000000000000000000000000000222222222222222222222222223333222222332222222222223322232233323322222222222223333333334444444444444433333333322
00000222020000000000002200000202222222222222222222222220000000200000000000000000000000000222222222222222222222222223333222222222222222222222322332233323222222222222233333333333444444444444333333333322
00002222222200000222220000220222222222222222222222222220000000000000000000000000000000000222222222222222222222222222332222222222222222222222222222233222222222222222233333333333444444444444333333333332
00002002200000022222200002222022222222222222222222222222002220000000000000000000000000000002232222222222222222222222222222222222222222222222223222223222222222222222333333333333344444444444333333333332
00000002002000222222000222222000022222222222222222222220002200000000000000000000000000000000233222222222222222222222222222222222222222222222222222222222222222222222333333333333333434444444333333333332
00000022000000222022000222222220000022220222222222222222022200000000000000000000000000000000223322222222222222222222222222222223222222222222232222222222222222222222233333333333333433444443333333333322
00000022022200022000002222222222020022220222222222222222222000220000000000000000000000000002223322222222222222222222222222222223222222222222322222222222222222222222223333333333333333334333333333333333
00000000202220000000022222222222002202200222222222222222222200200000000000000000000000000020000023222222222222222222222222222233222222222222222222222222222222222222233333333333333333333333333333333333
00000000222220000000022022000222200000020022022222222220222200000020000000000000000000000000000002222220222220222222222222223333222222222222222222222222222222222222333333333333333333333333333333333333
00000000222200000002200000000020220000000222022222222222222000220000000000000000000000000000000002222220222222022222222222223322222222222222222222222222222222222222233333333333333333333333333333333333
00000000200000000002000000000000022200002222222222222222222200220000000000000000000000000000000002222222222222222222222222223222222222222222222222222222222222222222233333333333333333333333333333333333
00000000002000000002000000000000002200002222222222222222220000200000000000000000000000000000000000022222222200220222222222223322222222222222222222222222222222222222222333333333333333333333333333333333
00000000002000000020000202222000220000222222222222222222200000200000000000000000000000000000000000002222222000220222222222223222222222222222222222222222222222222222222233333333333333333333333333333333
00000000000000000002200222220200000002222222222222000220000000000022000000000000000000000000000000000220222220202222222222222222222222222222222222222222222332222223222223333333333333333333333333333333
00000000220000022202000222202200200022222220022222000200000000002200000000000000000000000000000000000200022222000022222222222222022222222222222222222222222332332223222223333333333333333333333333333333
00000000220000022222000222202200200022222200222222202200000000002220000000000000000000000000000000000200022200000002222222222222002222222222222222222222222232332223322223333333333333333333333333333333
00000000020200022222000222202222222222222202222200200022200000022222200000000000000000000000000000000200002220020002222222222200222222222222222222222222222222222223332222333333333333333333333333333333
00000000022200220222002222222222200022022200222200000022220220022220000000000000000000000000000000000000000202000222222222200222222222222222222222222222222222222333333222223333333333333333333333333333
00000000022000022222002222222022000222020222222220000022202220022200000000000000000000000000000000200000000000002222222222000222222222222222222222222222222222222333333333332333333333333333333332222333
00000000222222002222020022222222222200220002222200000002222220000000000000000000000000000000000000000000000000022222022222222222222222222222222222222222222222222333333333333333333333333333333322222333
00000000000222200220000000000200002200000022222020200002000020000000000000000000000000000000000000000000000002222000002222222222222222222222222222222222222222222222332223333333333233333333222222222333
00000000000002222200000000000000000000000000220000000000000000000000000000000000000000000000000000000000000222220222202222222222222222220000222222222222222222222222222223333333333233332332222222222333
00000000000000222220000000000002000000000020000000000000000000000000000000000000000000000000000000000000000022200222000002222222222222220000222222222222222222222222222222333333333332222333223333222233
00000000000020000222200000022222020000200000222220000000000000000000000000000000000000000000000000000000000000220022200002222222222222200000000222222000222222222222222222233333333333333333322222222223
00000000000000000022220222222220000000000000222000000200200000000000000000000000000000000000000000000000002000022220000002222222222222222000000002222000222222222222222222222333333333333333222222223333
00000000000000000002222222222220000000000000222000000200200000000000000000000000000000000000000000000000002000002220000002222222222222222000000002202000222222222222222222222223333333333332222222223333
00000000000000000000220000000020020022000000222220000000000000000000000000000000000000000000000020000000000000000220000000002222000222222000000000000000223222222222222222222233333332223332223222222233
00000000000000022000000000000002222022002000002222000000000000000000000000000000000000000000000020000000000000000220200000000020200222220000222000000000022222222222222222222222333322222232223222222233
00000000000000000000000000000002222222200002222222000000000000000000000000000000000000000000000002000000000000000000200000000000022222220002222200000000000202222222222322222222233322222222223222233222
00000000000000000000000000000000222222202000222222222000000000000000000000000000000000000000000000000000000000002000200000000000222222222022222022200000002200022222222222222222233222222222233322332222
00000000000000000000000000000222222222220022222222222000000000000000000000000000000000000000000000000000000000000002220000000000022222222222222222222000002200000222222222222222233222222222333323222222
00000000000000000000000000022222222222222222222222222000000000000000000000000000000000000000000000000000000000000002220002000220002220022222222222222222222200020222222222222222233222222222323333222222
00000000000000000000002222222022222222222220222222222000000000000000000000000000000000000000000000000200000000000002222200222222000220022022222222222222222222222222222222222222232222222222333333333222
00000000000000000000000220000222222222222222222222222200000000000000000000000000000000000000000000000000000000000002220200000200002222222022222222222222222222222222222222222222232222222222233332223322
00000000000000000000000022200022222222222222222222222000000000000000000000000000000000000000000000000000000000000002222000000000002220022222222222222222222222222222222222222222222222222222232322223322
00000000000000000000000022200002222222222222222222222200000000000000000000000000000000000000000000000000000000000002222000000000002200022222222222222222222222222222222222222232222222222222232222222332
00000000000000000000000000000000222222202222222222222220000000000000000000000000000000000000000000000000000000000002200000000002200000022222222222222222222222222222222222222332222222222222222222222232
00000000000000000000000000000000222222200222222222222222000000000000000000000000000000000000000000000000000000000000200000000022200000222222222222222222222222222222222222222222222222222222222222222222
00000000000000000000000000000000222222222222222222222222000000000000000000000000000000000000000000000000000000000000000000022020000200222000222222222222222222222222222222222222222222222222222222222222
00000000000000000000000000000000022222222222222222222222200000000000000000000000000000000000000000000000000000000000000000000000002002222022222222222222222222222222222222222222222222222222222222222222
00000000000000000000000000000022222222222222222222222222202200000000000000000000000000000000000000000000000000000000000200000000000222222222222222222222222222222222222222222222222222222222222222222222
00000000000000000000000000000020222222222222222222222222200220000000000000000000000000000000000000000000000000000000000000000000000222222222222222222222222222222222222222222222222222222222222222222222
00000000000000000000000000000020222222222222222222222222202020000000000000000000000000000000000000000000000000000000220002000000000002002222222222222222000222222222222222222222222222222222222222222222
00000000000000000000000000000022222222222222222222222222022220000000000000000000000000000000000000000000000000000000202002000000002000002222222202222000000222222222222222222222222222222222222222222222
00000000000000000000000000000022222222222222222222222222222220000000000000000000000000000000000000000000000000000000202002000000002000002202222202222000000202222222222222222222222222222222222222222222
00000000000000000000000000000002022222222222222222222222222220000000000000000000000000000000000000000000000000000000002022000000200000002002222200220000000000022222222222222222222222222222222222222222
00000000000000000000000000000000000022222222222222222222222220000000000000000000000000000000000000000000000000000000002000000000000000000020022200220000000000022222222222222220222222222222222222222222
00000000000000000000000000000000000220002222222222222222200000020000000000000000000000000000000000000000000000000000000000000000000000002002000220020000000000222222222222222222202222222222222222222222
00000000000000000000000000000000000020002222222222222202200000000000000000000000000000000000000000000000000000000000022002200000000000000202000022000000000000022222222222222222002222222222222222222222
00000000000000000000000000000000000000000222222222222200000000000022200000000000000000000000000000000000000000000000002000000000000000002200000000000000000000022222222222222200002222222222222222222222
00000000000000000000000000000000000000000022222222222000220000002220020000000000000000000000000000000000000000000000000000000000000200000000000000002200000000000222220222222222002202222222222222222222
00000000000000000000000000000000000000000022220022002222000000000020000000000000000000000000000000000200000000000000000000000000000000000000000000000200000000000000000022222222202222222222222222222222
00000000000000000000000000000000000000000222000000000220000000002220000000000000000000000000000000022200000000000000000000000000000000000000000000000000000000000022200022222200000222222222222222222222
00000000000000000000000000000000000000000000000000000022000000000000000000000000000000000000000000000000000000000000000000000000000000000000000000000000000000000022000022200000000002222222222222222222
00000000000000000000000000000000000000000000000000000022000000000000000000000000000000000000000000000000000000000000000000000000000000000000000000000000000000000020000020000000000002222222002222222222
00000000000000000000000000000000020000000000000000000002200000000000000000000000000000000000000000000000000000000000020202000000000000000000000220000000000000000000000020000000000002222200022222222222
00000000000000000000000000000000020000000000000000000002200002002000000000000000000000000000000000000000000000000000000020000000000000000000200000000000000000000000000022020000000002222000222000002222
00000000000000000000000000000000000000000000000000000000000002020000000000000000000000000000000000020000000000000000000000000000000000000002000000000000000000000000000020220000000000222000002022022222
00000000000000000000000000000000000000000000000000000000020002000000000000000000000000000000000000000000000000000000000000000000000200000000000000000000000000000000000000200000000000002000002202222222
00000000000000000000000000000000000000000000000000000000020200000000000000000000000000000000000002000000000000000000000000000000000000000000000000000000000000000000000000000000000000020000022022222222
00000000000000000000000000000000000000000000000000000000000000000000000000000000000000000000000000020000000000000000000000000000000000000000000000000000000000000000000000000000000000002200222222222222
00000000000000000000000000000000000000000000000000000000000000200000000000000000000000000000000000000000000000000000000002000000000000000000000000000000000000000000000000000000000000000022222222222222
00000000000000000000000000000000000000000000000000000000000020000000000000000000000000000000000000000000000000000000000002000000000000000000000000000000000000000000000000000220000000000002002022222222
00000000000000000000000000000000000000000000000000000000000000000000000000000000000000000000000000000000000000000000000000000000000000000000000000000000000000000000000200000020000000000000002222222222
00000000000000000000000000000000000000000000000000000000000000000000000000000000000000000000000000000000000000000000000000000000000000000000000000000000000000000000000220000000000000000000002222222222
00000000000000000000000000000000000000000000000000000000000000000000000000000000000000000000000000000000000000000000000000000000000000000000000000000000000000000000000200200000000200000000000022222220
00000000000000000000000000000000000000000000000000000000000000000000000000000000000000000000000000000000000000000000000000000000000000000000000000000000000000000000000000000000002200000000000000220022
00000000000000000000000000000000000000000000000000000000000000000000000000000000000000000000000000000000022000000000000000000000000000000000000000000000000000000000000000000000000000000000000000200002
00000000000000000000000000000000000000000000000000000000000000000000000000000000000000000000000000000002222200000000000020000000000000000000000000000000000000000000000000000000000000000000000000220002
00000000000000000000000000000000000000000000000000000000000000000000000000000000000000000000000000000000000002002000000020000000000000000000000000000000000000000000000000000000000000000000000000220000
00000000000000000000000000000000000000000000000000000000000000000000000000000000000000000000000000000000000000000000000000000000000000000000000000000000000000000000000000000000000000000000000000000000
00000000000000000000000000000000000000000000000000000000000000000000000000000000000000000000000000000000000200000000000000000000000000000002000000000000000000000000000000000000000000000000000000000000
00000000000000000000000000000000000000000000000000000000000000000000000000000000000000000000000000000000000000000000000000000000000000002000000000000000000000000000000000000000000000000000000000000000
00000000000000000000000000000000000000000000000000000000000000000000000000000000000000000000000000000000002000000000000000000022222202222000002000000000000000000000000000000000000000000000000000000000
00000000000000000000000000000000000000000000000000000000000000000000000000000000000000000000000000000002002000000000000000020022222222222000002000000000000000000000000000000000000000000000000000000000
00000000000000000000000000000000000000000000000000000000000000000000000000000000000000000000000000002220020000000000000000022202222222220000000000000000000000000000000000000000000000000000000000000000
00000000000000000000000000000000000000000000000000000000000000000000000000000000000000000000000000000200000000000000000000002220222222222000000000000000000000000000000000000000000000000000000000000000
00000000000000000000000000000000000000000000000000000000000000000000000000000000000000000000000002000000000000000000000022222222222222220000000000000000000000000000000000000000000000000000000000000000
00000000000000000000000000000000000000000000000000000000000000000000000000000000000000000000000000000000000000200000222222222000222222200220000000000000000000000000000000000000000000000000000000000000
00000000000000000000000000000000000000000000000000000000000000000000000000000000000000000000000000000000000000020000222222222200222222220000000000000000000000000000000000000000000000000000000000000000
00000000000000000000000000000000000000000000000000000000000000000000000000000000000000000000000020000022000000000002222222222200222222200000000000000000000000000000000000000000000000000000000000000000
00000000000000000000000000000000000000000000000000000000000000000000000000000000000000000000000020002222200000022222222222222222222222222220000000000000000000000000000000000000000000000000000000000000
00000000000000000000000000000000000000000000000000000000000000000000000000000000000000000000000002222222000022222222222222222222222222220002000000000000000000000000000000000000000000000000000000000000
00000000000000000000000000000000000000000000000000000000000000000000000000000000000000000000000000222200002222222222222222222222220000200002200000000000000000000000000000000000000000000000000000000000
00000000000000000000000000000000000000000000000000000000000000000000000000000000000000000000000000222222022002222222222222222222220000000002200000000000000000000000000000000000000000000000000000000000
00000000000000000000000000000000000000000000000000000000000000000000000000000000000000000000000000022222220002222222222222222222222200000000200000000000000000000000000000000000000000000000000000000000
00000000000000000000000000000000000000000000000000000000000000000000000000000000000000000000000000022220022000002202200022222222220000000000000000000000000000000000000000000000000000000000000000000000
00000000000000000000000000000000000000000000000000000000000000000000000000000000000000000000000000002222200000222220200002222222220000000000000000000000000000000000000000000000000000000000000000000000
00000000000000000000000000000000000000000000000000000000000000000000000000000000000000000000000000002220000000200220222022222222200000000000000000000000000000000000000000000000000000000000000000000000
00000000000000000000000000000000000000000000000000000000000000000000000000000000000000000000000000000200000000000000222222222222220000000000000000000000000000000000000000000000000000000000000000000000
00000000000000000000000000000000000000000000000000000000000000000000000000000000000000000000000000000200000000000000022222222222222200000000000000000000000000000000000000000000000000000000000000000000
00000000000000000000000000000000000000000000000000000000000000000000000000000000000000000000000000002002000000000000022222222222222200000000000000000002200000000000000000000000000000000000000000000000
00000000000000000000000000000000000000000000000000000000000000000000000000000000000000000000000000002000000000000000020000022222222000000000000000000002220000000000000000000000000000000000000000000000
00000000000000000000000000000000000000000000000000000000000000000000000000000000000000000000000000002000000000000000020000022222222000000000000000000002220000000000000000000000000000000000000000000000
00000000000000000000000000000000000000000000000000000000000000000000000000000000000000000000000000000000000000000000000000022222222200000000000000000000200000200000000000000000000000000000000000000000
00000000000000000000000000000000000000000000000000000000000000000000000000000000000000000000000000002200000000000000000000022222220000000000000000000000200000000000000000000000000000000000000000000000
00000000000000000000000000000000000000000000000000000000000000000000000000000000000000000000000000000220000000020220000000022222220000000202000000000020000000000000000000000000000000000000000000000000
00000000000000000000000000000000000000000000000000000000000000000000000000000000000000000000000000000020002000022222200000002222220020022002000002000000000000222000000000000000000000000000000000000000
00000000000000000000000000000000000000000000000000000000000000000000000000000000000000000000000000000000000002022220000000022222200020220002000000000000022002222200000000000000000000000000000000000000
00000000000000000000000000000000000000000000000000000000000000000000000000000000000000000000000000000000000000000000000002002222000022220002000000000000000200002000000000000000000000000000000000000000
00000000000000000000000000000000000000000000000000000000000000000000000000000000000000000000000000000000000000000000000000022220000002000000200000000000000020000000000000000000000000000000000000000000
00000000000000000000000000000000000000000000000000000000000000000000000000000000000000000000000000000000000000000000000000022000000000000000200000000000000000000000000000000000000000000000000000000000
00000000000000000000000000000000000000000000000000000000000000000000000000000000000000000000000000000000000000000000000000000000000000000000000220020000000000000000000000002200000000000000000000000000
00000000000000000000000000000000000000000000000000000000000000000000000000000000000000000000000000000000000000000000000000000000000000000000000222020000000000000000000000002200000000000000000000000000
00000000000000000000000000000000000000000000000000000000000000000000000000000000000000000000000000000000000000000000000200000000000000000000000002000000200022222222000002022220000000000000000000200000
00000000000000000000000000000000000000000000000000000000000000000000000000000000000000000000000000000000000000000000000000000220000000000000000000000002222202222222200000022222200000000000000000020000
00000000000000000000000000000000000000000000000000000000000000000000000000000000000000000000000000000000000000000000000000000000000000000000000000200002222202222220000000000222000000000000020000000000
00000000000000000000000000000000000000000000000000000000000000000000000000000000000000000000000000000000000000000000000000000000000000000000000000000000222222222222000000022222000000000000200000000000
00000000000000000000000000000000000000000000000000000000000000000000000000000000000000000000000000000000000000000000000000000000000000002220000000000200222222222222200200022002200000000000200000000000
00000000000000000000000000000000000000000000000000000000000000000000000000000000000000000000000000000000000000000000000020000000000002222220000000020222222222222222200220222222200000000000000022000000
00000000000000000000000000000000000000000000000000000000000000000000000000000000000000000000000000000000000000000000000020000000020222222222202222000222222222222222220002222222200000000000000000020000
00000000000000000000000000000000000000000000000000000000000000000000000000000000000000000000000000000000000000200000222222200002022222200222222222222222222222222222220002220222220000000000000000000000
00000000000000000000000000000000000000000000000000000000000000000000000000000000000000000000000000000000000000000000000222200000022000000002222222222222222222222222220022222222220000000000000000000000
00000000000000000000000000000000000000000000000000000000000000000000000000000000000000000000000000000000000000000000000222200000022000000022222222222222222222222222222022222222200000000000000000000000
00000000000000000000000000000000000000000000000000000000000000000000000000000000000000000000000000000000000000000000000000000000000000000022222222222222222222222222222222222222200000000000000000000000
00000000000000000000000000000000000000000000000000000000000000000000000000000000000000000000000000000000000000000000000000000000000000002222222222222222222222222200022202222222220000000000000000000000
00000000000000000000000000000000000000000000000000000000000000000000000000000000000000000000000000000000000000000000000000000000000000022222222222222222222222222222222202222220200000000000000000000000
00000000000000000000000000000000000000000000000000000000000000000000000000000000000000000000000000000000000000000000000000000000000002222222222222222222222222222222222202222200200000000000000000000000
00000000000000000000000000000000000000000000000000000000000000000000000000000000000000000000000000000000000000000000000000000000000222222222222222222222222222202222222200222220020000000000000000002000
00000000000000000000000000000000000000000000000000000000000000000000000000000000000000000000000000000000000000000000000000000000002222222222222222222200222222220002222002222220022000000000000000000000
00000000000000000000000000000000000000000000000000000000000000000000000000000000000000000000000000000000000000000000000000000000020222222222222222222202200022000200022002220222222200000000000000000000
00000000000000000000000000000000000000000000000000000000000000000000000000000000000000000000000000000000000000000000000000000000020222222222222222222222000000022000022202222022222200000000000000000000
00000000000000000000000000000000000000000000000000000000000000000000000000000000000000000000000000000000000000000000000000000000002222222222222222222222000000000000002200222200002000000000000000000000
00000000000000000000000000000000000000000000000000000000000000000000000000000000000000000000000000000000000000000000000000000000002222222222222222222222000000000000000200222200000000000000000000000000
00000000000000000000000000000000000000000000000000000000000000000000000000000000000000000000000000000000000000000000000000000000000222222222222222222222000000000000000200222200002000002200000000000000
00000000000000000000000000000000000000000000000000000000000000000000000000000000000000000000000000000000000000000000000000000000002222222222222222222222000000000000000000222200000000002000002000000000
00000000000000000000000000000000000000000000000000000000000000000000000000000000000000000000000000000000000000000000000000000000002222222222222222222222002000000000000000002220000000000000002000000000
00000000000000000000000000000000000000000000000000000000000000000000000000000000000000000000000000000000000000000000000000000000220222222222222222222222222000000000000000222222000000000000200000000000
00000000000000000000000000000000000000000000000000000000000000000000000000000000000000000000000000000000000000000000000000000000000222222222222222222222222000000000000000022200000000000000000000220000
00000000000000000000000000000000000000000000000000000000000000000000000000000000000000000000000000000000000000000000000000000002222222222222222222222222220000000000000000002200000000000002220000222000
00000000000000000000000000000000000000000000000000000000000000000000000000000000000000000000000000000000000000000000000000000000222222222222222222222222022000000000000000022000000000000002222000222200
00000000000000000000000000000000000000000000000000000000000000000000000000000000000000000000000000000000000000000000000000000002000022222222222222222222000000000000000000000000000000000000222222220200
00000000000000000000000000000000000000000000000000000000000000000000000000000000000000000000000000000000000000000000000000000000000220000222222222222220200000000000000000000000000000000000000002220020
00000000000000000000000000000000000000000000000000000000000000000000000000000000000000000000000000000000000000000000000000000000000220002222222222222220200000000000000000000000000000000000000000000022
00000000000000000000000000000000000000000000000000000000000000000000000000000000000000000000000000000000000000000000000000000000000000000222222222222220000000000000000000000000000000000000002000020222
00000000000000000000000000000000000000000000000000000000000000000000000000000000000000000000000000000000000000000000000000000000000000000222222222222000000000000000000000000000000000000000000000000002
00000000000000000000000000000000000000000000000000000000000000000000000000000000000000000000000000000000000000000000000000000000000000000222222222222200000000000000000000000000000000000000000000202202
00000000000000000000000000000000000000000000000000000000000000000000000000000000000000000000000000000000000000000000000000000000000020000222222222220222000000000000000000000000000000000000000000222000
00000000000000000000000000000000000000000000000000000000000000000000000000000000000000000000000000000000000000000000000020000000202000000202222222220220020000000000000000000000000000000000000000222200
00000000000000000000000000000000000000000000000000000000000000000000000000000000000000000000000000000000000000000000000000000002200000000202222222222200000000000000000000000000000000000000022222220002
00000000000000000000000000000000000000000000000000000000000000000000000000000000000000000000000000000000000000000000000000000020220220220022222222222020000000020000000000000000000000000000000022000000
00000000000000000200000000000000000000000000000000000000000000000000000000000000000000000000000000000000000000000000000000000200000002220002222222222000000000000000000000000000000000000000222222200220
00000000000000000200000000000000000000000000000000000000000000000000000000000000000000000000000000000000000000000000000000000200000002220002222222222222200000000000000000000000000000000000222222200220
00000000000000000000000000000000000000000000000000000000000000000000000000000000000000000000000000000000000000000000000000000020000222222000222222222222220000000000000000000000000200000000022200002020
00000000000000000000000000000000000000000000000000000000000000000000000000000000000000000000000000000000000000000000000000000000000020202220222222222222220220000000000000000000002000000000020000022000
00000000000000000000000000000000000000000000000000000000000002000000000000000000000000000000000000000000000000000000000000200000000020002220222222222222202020002220000000000000000000000000022222220000
00000000000000000000000000000000000000000000000000000000000200000000000000000000000000000000000000000200000000000000000000000000002020002222222222222222222222000022000000000000000000002002222222220000
00000000000000000000000000000000000000000000000000000000000000000000000000000000000000000000000000000000000000000000000000000000022000002222222222222222220022222022220000222000000000000002222022220200
00000000000000000000000000000000000000000000000000000000000000000000000000000000000000000000000000000000000000000000000200000002022220000222222222222222200022200002200000220000000000000000020022000000
00000000000000000000000000000000000000000000000000000000000000000000000000000000000000000000000000000000000000000000000200000002000200020022222222222222222000202222220000022000000000000002200000000000
00000000000000000000000000000000000000000000000000000000000000000000000000000000000000000000000000000000000000000000000000000000020000000022222222222222222222022222222200000000002000000000000000000000
00000000000000000000000000000000000000000000000000000000000000000000000000000000000000000000000000000000000000000000000022222000222000200022222222222202200200022222222220000000000000000000000000000000
00000000000000000000000000000000000000000000000000000000000000000000000000000000000000000000000000000000000000000000000022022000222002200022222222220022220000002222222222200000000000000000000000000000
00000000000000000000000000000000000000000000000000000000000000000000000000000000000000000000000000000000220000000000000000022200020022220002222222222222222000002222002220200000000000000000000000000000
00020000000000000000000000000000000000000000000000000000000000000000000000000000000000000000000002000000002200000002002200022220022222200000222222222222222200000222002200000000000000000222000000000000
00000000000000000000000000000000000000000000000000000000200000000000000000000000000000000000000002200000000000000000000000022222020222222000222222220020000220022222200000000000000000000222000000000000
00202002000000000000000000000000000000000000000000000000000000000000000000000000000000000000000002000000022000000000000000002222220200022220220022222000000020002222220220000000000000022002000020000000
00002000000000000000000000000000000000000000000000000000000020022200000000000000000000000000000000200000002200002200000000222222222202202200002220220000000000000222200220000000000000022002000220000000
00000000000000000000000000000000000000000000000000200000000200200000000000000000000000000000000000220200020220200000002002222222202220222022222000000000000000200222220000022220000000022222022220000000
00000000220020000002000000002000000000000000002020000000000000000000000020000000000000000000000000220000220200000000022200200022200000002222022222000000000000022000220200222220000002222222222222022200
00000000000000000020000000002020000000000000002022000000002202000000000000000000000000000000000002200002220000222222220200000220000000000022222222200000000000020000020200222220000002222222222220222200
00000000000220000000000000022220000000000000000022000000002220200000000000000000000000000000000000020000020000020002020000022220000000000220020002200000000000022000000200002222222222222222222222222222
00000000000020202000000000022000000000000000000222000000002020000000000000000000000000000000000000000000020000020002020000022220000000000220020000200000000000022000000200022222222222222222222222202222
00000000000000222220000000000000200000000000000002220200000020000000000000000000000000000000000000000000000000020000000002222220000020000200002000000200000000022200022000022222222222220022222222222222
00000000000000000022000000202000000000200000000022222200000020000000000000000000000000000000000000000000000000000022022222002222222000000000000000020222000000022200222022222222222222222022220222220002
00000000000000000000222000000000000000000000000022200000000200000000000000000000000000000000000000000000000000222200002222222222222000000022220220000202000000002222220022222220222222222022220002222002
00000000000000000000002202220200000022200000000022200000000200200000000000000000000000000000000000000000000002202222002222222222220200020022020222000200000000200022220222222222222222222222222222222222
00000000000000000000000022222200000022220000000022220000000000000000000000000000000000000000000000000000000020002220002222222220000222200000002220000000200022200022222222220222222202222222222220222022
00000000000000000000000000022220220000220000002222222000000220200000000000000000000000000000000000000000022222220000022222222220222222200002200222200000000222200022222222222222222000000022222222222222
00000000000000000000000000000222222202220000000222220000002200200000002000000000000000000000002200000000022222222200222222222222222222000002222222000020000222222222223322222222222200200220222222222222
00000000000000000000000000000000222222222200000022200200000000000000000200000000000000000000000000000000222222222000222222222222222202220000002200002000022022222223333332222222222200200220022222222222
00000000000000000000000000000000002222222200000222002200022000202200000000000000000000000000000000000000000000200002222222222222222222220020022222222000022022202233333222220022222202222000002222222222
00000000000000000000000000000000000022222220220222022000222000202200000000000000000000000000000000000000000020000022222222222222222222222020022222220000222033222233333322220022222200222000200222222222
00000000000000000000000000000000000000222222222222222200222000002200002200000000020000000000000000000000002222200022222222222222222222202220200222220200020033333333333332220220222200002000000022222222
00000000000000000000000000000000000000000222222222222002222000000020000000000000000000000000000000000000002220002222222222222222222222220222200022220220220333333333333332222220000222000022002202222222
00000000000000000000000000000000000000000022222222222222222000022020000000000000000000000000000000000000002220000222222222222222222222220222200222222220022333333333333332222220022222000222022222222222
00000000000000000000000000000000000000000000000222222222222002020000000000000000000000000000000000000022222220002222022222222222222222200222220222222222222333333333333333222000022222022220020222222222
00000000000000000000000000000000000000000000000022022222222200220002002000000000000000000000000000200022222220200200002222222222222222222222222222222222222333333333433333222222220222022220000222222222
00000000000000000000000000000000000000000000000000000000222220202002000000000000000000000002222000200222002220022000002222222222222222222222222222222222222233333334433332222222223333322220020222222222
00000000000000000000000000000000000000000000000000000000222222220002000020220000000000000022220002200022222222020000222222222222222222222222222222222222222233333444433332222222223333333222222222222222
00000000000000000000000000000000000000000000000000000000000022000002220000000000000022220002220022200022222200000222222222222222222222222222222333333222222333344444433333222222333333333222222222222222
00000000000000000000000000000000000000000000000000000000000000000000000000002000000022200002220222000222222000200222222222222222222222222222233333333322222333344454443333222233333333332222222222222222
00000000000000000000000000000000000000000000000000000000000000000000000000002000000022000002200222000222222000202222222222222222222222333333333333333323333333445555443333322333333333332232222222222222
00000000000000000000000000000000000000000000000000000000000000000000000000000000000000020202000202222222222222222222222222222222222223333333333444333333333334455555444433333333333333333233222222222222
00000000000000000000000000000000000000000000000000000000000000000000000000000000000000000000002222222222222222222222222222222222222223333334444444433333333344455555544443333333333333333333222222222222
00000000000000000000000000000000000000000000000000000000000000000000000000000000000000002000222222222222222222222222222222222222222333333344445554433333333444444444444433333333333333333333322222222222
00000000000000000000000000000000000000000000000000000000000000000000000000000000000000000000022222222222222222222222222222222222222333333444555554433333334444444444444433333333334444433333332222222222
00000000000000000000000000000000000000000000000000000000000000000000000000000000000000000000000022222222222222222222222222222222222333333444555554433333344455554444444333333333344444433333332222222222
00000000000000000000000000000000000000000000000000000000000000000000000000000000000000000000000000000000222222222222222222222222232333333344445554433333334455544433333333333333344444444333332222222222
00000000000000000000000000000000000000000000000000000000000000000000000000000000000000000000000000000000000222222222222222222222233233333334444544433333344455444333333333333333344554444433333222222222
00000000000000000000000000000000000000000000000000000000000000000000000000000000000000000000000000000000000000022222222222222222222233333333344444433344444454443333333333333333344555544443333322222222
00000000000000000000000000000000000000000000000000000000000000000000000000000000000000000000000000000000000000002222222222222222222222333333333444333344554444433333333333333333445555544443333332222222