00000000000000000000000000000000000000000222002200002000000000022222222222222222222222222222222222222222222222222222222220222222222220022222222222222222222222222000000000000000000000000000000000000022
00000000000000000000000000000000000000000222000000002000000000000222222222222222222222222222222222222222222222222222222222222222222000220222222222222222222222200000000000000000000000000000000000000002
00000000000000000000000000000000000000000220000000022000000000000000222222222222222222222222222222222222222222222222222222222222222002222022222222222222222222222200000000000000000000000000000000020222
00000000000000000000000000000000000000002220000000022000000000022000222222222222222222222222222222222222222222222222222222222222222002202222222222222222222222222200000000000000000000000000000000000022
00000000000000000000000000000000000000002000000000022200000000000000022222222222222222222222222222222222222222222222222222222222222222022222222222222222222222222000000000000000000000000000000000002222
00000000000000000000000000000000000000000000000000020000000000000000022222222222222222222222222222222222222222222222222222222222220222222222222222222222222222222220000000000000000000000000000000000022
00000000000000000000000000000000000000000000000000020000000000002200002222222222222200222222222222222222222222222222222222222222020022222222222222222222222222222200000002000000000000000000000002202222
00000000000000000000000000000000000000000000000000020000000000222022022222222220222002222222222222222222222222222222222222222220220002222222222222222222002222222200000020000000000000000000000000222220
00000000000000000000000000000000000000000000000000000000000000220022002222222202222002222002222222222222222222222222222222222220220000222222222222222222222200222220000000000000000000000000000000022222
00000000000000000000000000000000000000000000000000020000000000220222002222222202222002222022222222222222222222222222222222222222220002222222222222222220022200022220000000000000000000000000000000022222
00000000000000000000000000000000000000000000000000020000000000022222000222222202220002200002222222222222222222222222222222222222220222222222222222222220000200222220000000000000000000000000000000022222
00000000000000000000000000000000000000000000000000000000000000200220000222222200000022220002002222222222222222222222222222222222222022222222222222222220000022222220000000000000000000000000000002222222
00000000000000000000000000000000000000000000000000000000000000000000000222000000000022000002222222222222222222222222222222222222222222222222222222222222000000002222000000000000000000000000000002222222
00000000000000000000000000000000000000000000000000000000000000000000002222200000220222000022222222222222222222222222222222222222202222222222222222222222000222220220000000000000000000000000000022002222
00000000000000000000000000000000000000000000000000000000000000000222002000022200000200000002222222222222222222222222222222222222200222222222222222222222000200222220000000000000000000000000022222222222
00000000000000000000000000000000000000000002222222000000000000000022220000000000000002000022222222222222222222222222222222222222222222222222222222222222222222222220000000000000000000000000022222222200
00000000000000000000000000000000000000000000002222220000000000000022222000000002000000000222222222222222222222222222222222222222222222222222222222222222222222222202000000000000000000000000022000022222
00000000000000000000000000000000000000000000022222220000000000000022220000000022000002200002200002222222222222222222222222222222002222222222222222222222222222222200000000000000000000000002222222222202
00000000000000000000000000000000000000000000220222220000000000000022220000000002000002200000022222222222222222222222222222222222022222222222222220022222222222222200000000000000000000000002222222222222
00000000000000000000000000000000000000000000222222000000000002000022222022000000000000000000000002222222222022222222000222000222022222222222222020222222222222222200000000000000000000000000000000002222
00000000000000000000000000000000000000002220002220000000020000000222222222220000000002000000000002222222200022220200000202222220022220222222222220020000222222222222000000000000000000000000000222200000
00000000000000000000000000000000000000002222002200000000200000000022222000000002000000000000000000000000000022220000000200222222022202222222222220000022222222200222200000000000000000000000002200022022
00000000000000000000000000000000000000002222222200000000200000002022000002000000000000000000000000200000000022220000022220222222222022222222222200000220222222220000000000000000000000000000002220020022
00000000000000000000000000000000000200002220020000000000200000000222200000000000000000000000000000000000000022220022022220022222222222222222000222002222222220000022000000000000000000000000000000000022
00000000000000000000000000000000222222222200000000000000220000200022000000002200000000000000000222000000000002020002022002022222222222222222222000222222222220002220000000000000000000000000000000222200
00000000000000000000000000002222222222222200000002002222020000200022000000000000000000000000002222000000000000020002222002222222220002222222222220222222222200022200000000000000000000000000000002222222
00000000000000000000000000022222222222222200000002022222020002000000000000200000000000000000022222200000000000200000222002222220000002222222222222222222222220022200000000000000000000000000000022222222
00000000000000000000000000222222222222222000000002202222000000000000000002200000000000000000000000000000000000000000220022222220000222222222222222222222222222022000000000000000000000000000000222222222
00000000000000000000000000022222222222222022000002000000000000000000000022200000000000000000000000000000000000000000220002222220000022200222222222222222222222220000000000000000000000000002222222222222
00000000000000000000000000002222222222000020000002000000000000000000000022000020000000000000000000020000000000000000220002220200000002222222222222222222222222220000000000000000000000000000222222222222
00000000000000000000000000000000200222200022000000022000000000000000000002000000000000000000000000002000000000000002000002200000000002222222222222222222222222220000000000000000000000000000000002222220
00000000000000000000000000000000000000000222000022222000000000000000002202000000000000000000000000000000000000000022000002200000000022222222222222222222222222000000000000000000000000000000000000222200
00000000000000000000000002220000020000002220022222220000000020000000022200002200000000000000000000000000000000000000000200000000000022222222222222222222222222002000000000000000000000000000000002222222
00000000000000000000000000022222222222220220222222220000000022002000222222200000000000000000000000000000200000000000000000000000000222222222222222222222222222202000000000000000000000000000000002020022
00000000000000000000000000022022022222200002220222000000000022002202022222200000000000000000000000002000200222020000000002000000002222222222222222222222222222222000000000000000000000000000000002000000
00000000000000000000000000022002022222200002220220000000000002000200022222200000000000000000000000002000002222220000000002000000002222222222222222222222222222222000000000000000000000000000000002220000
00000000000000000000000000022002222222222002220222000000000222002202200000000000000000000000000000002002222222220000000000000000222222222222222222222222220020000000000000000000000000000000000002220000
00000000000000000000000000000000222200000002200220000000002222022220000000220000000000000000000000002222222222220000000000000000022222222222222222222222220000020000000000000000000000000002000000000000
00000000000000000000000000000002222222200002220000000000022222222200000222220000000000000000000000000222222222200000000000000000022222222222222222222222220220220000000000000000000000000022000222222000
00000000000000000000000000002222222220000222222000000000022222222200000022200000000000000000000000000222222222222000000000000222222222222222222222222222220222220000000000020022000000002200000022200000
00000000000000000000000000000002222220000222220220000000002200220000000000000000000000000000000000000222222222220000000220000222222222222222222222222222222200000200000000200000000000002200000002220000
00000000000000000000000002200222222220000222202220000000000200000000000000000000000000000000000000000022222222200000002200000022222222222222222222222222222222200200000000000000000002002022020000222222
00000000000000000000000000022222222220000022222220002000022200000000000000000000000000000000000000000002222222000222022200000022222222222222222222222222222222000000000000000000000000002222022220222222
00000000000000000000000000000022222222220222200220000022022200000000000000000000000000000000000000000002222222222222022200022222222222222222222222222222222200000000000000000000000000022002020220222222
00000000000000000000000000222022222222222222220000000220222220000222220000000000000000000000000000000002222002220022022200020222222222222222222222222222222200000000000000000000000000022000000222002222
00000000000000000000000000222222222222222222222200200200222222000222220000000000000000000000000000000000000000000000022222222200222222222222222222222222222202202200000000000000000002222000002222222022
00000000000000000000000022000022022220222222222222222202222202200022000000000000000000000000000000000000000002000200022222222200222222222222222222222222222222222000000000000000000020220000000022220002
00000000000000000000000000000022022220222222222202220020022000000000000000000000000000000000000000000000000000000000002222222222222222222222222222222222222222222000000000000000000020000000000002222022
00000000000000000000000000000222222222222222222222220000000000000000000000000000000000000000000000000000000000000000002200222220022222222222222222222222222222220000000000000000000002220000000022200002
00000000000000000000000000220222222222222222222222200000000000000000000000000000000000000000000000000000000000000000022000022200002022222222222222222222222222220002000000000000000000000000000022220222
00000000000000000000000000022222222222222222222222220000000000000000000000000000000000000000000000000000000000000000022020022000002222222222222222222222222220022222000000000000000222002000000000222222
00000000000000000000000000222222222222222222220222220002222200000000000000000000000000000000000000000000000000000000222002022000002222222222222222222222222222222022000000000000002222222000022220022222
00000000000000000000000222000222222222222222200222220000000000000000000000000000000000000000000000000000000000000000220002222000002222222222222222222222222222220002000000000000002222222000022220002222
00000000000000000000002220022222222222222222222222200022220000000000000000000000000000000000000000000000000000000000220000200000002222222222222222222222222222222000000000000000002222222000200220220222
00000000000000000000000020222222222222222222222222200000000002000000002200000000000000000000000000000000000000000000220000000000220222222222222222222222222222220000000000000000002220200000000022222022
00000000000000000000002220222222222222222222222222200000000002000000022200000000000000000000000000000000000000020002220000000002222222222222222222222222222220002200000000020000002200000002200222200022
00000000000000000000022222222222222222222222222222020000000000000000020000000000000000000000000000000000000000200022200000000002222222222222222222222222222220002200000000020000002200000000202222000000
00000000000000000000000222222222222222222222222222222222000000000000000000000000000000000000000000000000000002000022202000000000222222222222222222222222222220000000000220022000002200000022222200000000
00000000000000000000000000222222222222222222000220000002220000000000000000000000000000000000000000000000000000220222002000002202222222222222222222222222222220000002022220002000002200000220000000000002
00000000000000000000000022222222222222222220000000000000000000000000000000000000000000000000000000000000000000200222222220022222222222222222222222222222222220000000022220000000000000002220002222220222
00000000000000000000002222222222222222222220000000000000000000000000000000000000000000000000000000000000000000000222002220022222222222222222222222222222222220000000000220000000002000002220002222222222
00000000000000000000002222222222222222222220000000200000000000000000000000000000000000002000000000000000000000022022222222222222222222222222222222222222200220000000000000000000002000002000000222202220
00000000000000000000002222222222222222222222000002000000000000000000000000000000000000000000020000000000000000222222222222202222222222222222222222222222200222220000000000000000000000000000000000002220
00000000000000000002200222222222222222222222000022000000000020000000002200000000000000000000000200000000000000022222220022202222222222222222222222222222202222000000000000000000000000000000200022022222
00000000000000000002220022222222222222222222220020020000000020000000000000000000000000000002000200000002000000000222220200002222222222222222222222222222220002220000000000000000000022002000200222222222
00000000000000000002222002222222222222222222220000220000000020000000000000000000000000000002000000000000022000000222200222222222222222222222222222222222000002220000000000000000000020000200000222222222
00000000000000000022222222222222222222222222220002222000000000000000000000000000000000000002000220000000022000202022222222222222222222222222222222222222222000000000000022000200000202220000000022222222
00000000000000000002222222222222222222222222020002022200000000000000000000000000000000000002000000000020000002222200222222222222222222222222222222222222222000000000000222022200222222220000000222222222
00000000000000000200222222222222222222222222000002000202000220000000000002000000000000000000200000000000000022222200202222222202222222222222222222222222200200000000000022222000000020222222200022222222
00000000000000002220222222222222222222222220020222200002222220000000000000000000000000000000200000000000020002222200200222222222222222222222222222222222200200000000000022220000000002222222200002222222
00000000000000000220022222222222222222222222000220200002222220000000000000002200000000000000200000000000222000222000000022222222222222222222222222002222200000000000000002220000000022222022200002222222
00000000000000000222222222222222222222222220000222200000222220000000000022200000000000000220000000000000222000002200200002222222222222222222222222000222200000000000000000200000000220002222222202222222
00000000000000002022222222202222222222222220000222200000022200222002000000000000000202222220000000000000022200000000000002222222222222222222222222200222200000000000000000002000000200022222222220222222
00000000000000002220222222200222222222222200000220000000000000000000000000000002002020002222000000000022022220000000000000222222222222222222222220000222220000000000000000000000002220222220022222022222
00000000000000000220022202200022222222222200200220000000000000000000000000000002002022000022000000000200202222020000000000222222222222222222222222022222000000000000000000000000002000022222022222222222
00000000000000000220022000222222222200000002200220000000000000000000000000000000000000200000000000000002222220022000000000002222222222222222222222202220000000000020000000000000002020022222222222222222
00000000000000000000220000000022202000000002220000000000000000000000000000020000000000220020000000000002222000222200000000000222222222222222222202202222000000000000000000000022020000002222222222222222
00000000000000022000220000000000000000002220000222000000000000000000000000000022000000220020000000000000222000222200000002002222222222222222222202202202000000000000000000000022220000222222222222222222
00000000000220022000000000000200000220002222002220000000000000000000000000000000002200000200000000000000200000002000000022222222022222222222222000222200000000000000000000000022022000222222222222222222
00000000000200000000000000000000220202202222000000000000000000000200000000000000000200002220000000000000000000002000000022222222222222222220002022022022000000000000200000020000020000022222222222222222
00000000000200220000000000000000000002202220000000000000000000000000000000000000200000000222000000020000000000000000000000002220222222222222222222220022222220000000200000000000020220002222222222222222
00000000000200200000000000200000000022222000002222000000000000000000000000000000000000220200020000000000000000200000000000222220222222222222222222220022202200000000000000000000002200222222222222222222
00000000000220200000000002000000020000002022002222000000000000000000000000000000000000222200020000000000000022200000000222222222002222222222222222220000000000000000022200002000200202222222222222222222
00000000000000200000000000200000022000002020000000000000000000000000000002000000000000002222002000000000000222200000022222222202002222222222222222222200000000000000000222002222222002222222222222222222
00000000000000000000000000200000222000002200000000000000000000000000000002000000002220002022222200000000002222000000022222222020002220000222222222222200000000000000000222002222220002222222222222222222
00000000000000200000000000000000202000002220002222000000000000000000000000000020000220022202202220000000002222000000022220020022222222000022222222220022220000000000000222002222200022222222222222222222
00000000000000000000000000000000000000002200000002200002000000000000000000000002000220222202202220000000002222000000222222222002222002000022222002220222220000000000000002022222200022222222222222222222
00000000000000000000000000000000000000002200022222200000000000000000000000200222220222222222200022000000202222000000222202200200222202000000220000020000000200220002000020222222222022222222222222222222
00000000000000000000000000000000220000022000222220000000000000000000000002200000022222222222222022220002222220000200000002200222222222220000000000000000000000000022000000022222222222222222222222222222
00000000000000000000000000000000220000000222222220000002000000000020020022002222222222222222222222222202222220000000000022222222222222200000000000000000000000000000022220002222222222222222222222222222
00000000000000000000000000000000000002200000220000000002000002022000022222000222222222222222222200220000222222000000022222222222222000000000000000000000000000000000022022000222222222222222222222222002
00000000000000000000000000000022022202220000200000000020002000000000000022200222222222222222222222220000022222222020022222222222220000002000000002020220000000000000022000002002222222222222222222222222
00000000000000000000000000000022222000200000000000000000000200000000000222222022222222222222222222020000000222222222222222222222220000000000000000002222000000000000000000002200222222222222222222200022
00000000000000000000000000000000022220000000000000000000000020000000020222200002222222222222222220020000022222222222222222222222222000000000000000000000000000000000000022022222222222222222222222220200
00000000000000000000000000002000002220000000000000000000000020000000022222220002222222222222222220022020022222222222222222222222220000000000000000000000000000000000000022022222222222222222222202220200
00000000000000000000000000000200000220000200000000000020000000000220222220020222000022222222222222222222222222222222222222222222220220000000002000000000000000000020200000222222222222222222222222220000
00000000000000000000000000000000000000020200000000002020000002000000000000002222000022222222222222222220002222222222222222222222000000000000002200000000000000020000000000000022222222222222222220220000
00000000000000000000000000000002220220022200000000002220000020000000002220000022002222222222222222000000202222222222222222222222020000000000000200000000000000000000000000020022222222222222222222000200
00000000000000000000000000000000002200002222200000020000002200000000022220000020000022222222222222200000222222222222222222222022220000000000000020000000000000000000022000000000222222222222222002020000
00000000000000000000000000000000000000000200000000000000002020000000020220000000220222222222222200022202222222222222222222222220000000000000000020000000000000000002000022220022222222222222222000220020
00000000000000000000000000000000000000000000000000000000000220000000020020000000200022222222222002222222222222222222222222222220000000002200000200000000000000000002200222022222222222222222222222220000
00000000000000000000000000000000000000000022000000000000002200000000022000000022200022222222220022222222222222222222222222222222000000000000220200000000000000000000000202022222222222222222222222200000
00000000000000000000000000000000000000000020000000000000000000000000020000002222222222222222200022022222222222222222222222222220000000000000000200000000000000000000000200020222222222222222222222000000
00000000000000000000000000000020000000000022000000000000000020000000000000002220222222222222200020022222222222222222222222222020000000000000000200000000000000000000000220022222222222222222222220000000
00000000000000000000000000000020000000000002000000000000000220200200000000002202222222222220022000222222222222222222222222222200222000000000000000000000000000000000000220222222222222222222222200000000
00000000000000000000000000000000000000000000000000000000000000000000000000000222222222000000000000022222222222222222222222222222222002000000000000000000000000000000000222222222222222222222222220000000
00000000000000000000000000000000000000000000000000000000002200000000000000000222222000000022000020222222222222222222222222222200022222000000000000000000000000000000000222202222222222222222222200000000
00000000000000000000000000000000000000000000000000000000022220000000000000000022220000000000002222222222222222222222222222222220002222200000000000000000000000002000000022220022222222222222200002000000
00000000000000000000000000000000000000000000000000000000222220200000000000000000000002020000022222222222222222222222222222222222222222000000000000000000000000002000000002202022222222222222200002000000
00000000000000000000000000000000000000000000000000000000002000020000000000000000220000222200222222222222222222222222222222222202222200000000000000000000000000000000000002222222222222222222200000000000
00000000000000000000000000000000000000002000020220000000000000000000000000000000020000200000222222222222222222222222222220222022222200000000000000000000000000000000000022222222222222222222200000020000
00000000000000000000000000000000000002220000020000000000220002000000000000000000000000200000222220022222222222222222222222222222222200000000000000000000000000000000000222222222222222222222200000020000
00000000000000000000000000000000000000000000000000000000220000000000000000000000000000000000200000000220000022222222222222222222222220000200000000000000000000000000022222222222222222222222200220000000
00000000000000000000000000000000000000000000000000000000000000000000000000000000000002200000200000000022000222222222222220222222222220000000000000000000000000000000022222222222222222222222222220002000
00000000000000000000000000000000000000000000000000000000000000000000000000000000000002000000000000000000000022220222222000222200222000000000000000000000000000000000022222222222222222222222200222000000
00000000000000000000000000000000000000000000000000000000002000000000000000000000000000000200000000000000000222200022220002222002222000000000000000000000000000000000022222222222222222222222220000000000
00000000000000000000000000000000000000000000000000000000220000000000000000000000000000000000000000000002002222200000020022200220222000000000000000000000000000000000022222222222222222222222202200000000
00000000000000000000000000000000000000000000000000000200000000000000000000000000000000000000000000000000002002220000020002202222200000000000000000000000000000002222222222222222222222222222220220000000
00000000000000000000000000000000000000000000000000000000000000000000000020000000000000000000000000000000200000220000022020222222000000000000000000000000000000002222222222222222222222222222220000000000
00000000000000000000000000000000000000000000000000000000000000000000000000200000000000000000000000000000000002220000000020000220000000000000000000000000000000020222222222222222222222222222220220000000
00000000000000000000000000000000000000000000000000000000000000000000000000000000000000000000000000000000000002020002000000000220000000000000000000000000000000220222222220222222222222222222220220000000
00000000000000000000000000000000000000000000000000002020000000000000000022000000000000000000000000000000000000022222000020200222000000000000000000000000000220222222222222222222222222222222200000002000
00000000000000000000000000000000000000000000000000000000000000000000000000000000000200000000000000000000000000002022000000000220000000000000000000000000002202222200222222222222222222222222202000000000
00000000000000000000000000000000000000000000000000000000000000000000000000000000000200000000000000000000000000000000000000000000200000000000000000000000002202222202222222222222222222222222202000000002
00000000000000000000000000000000000000000000000000000000000000000000000000000000000000000000000000000200000000000000200000000020200002000000000000000000002222222222222222222222222222222222000000000000
00000000000000000000000000000000000000000000000000000000000000000000000000000000000000000000000000000220000000000222000000000220000000000000000000000000000002222222222222222222222222222222000000200000
00000000000000000000000000000000000000000000000000000000000000000000000000000000000000000000000000000220000000000220000000000200000000000000000000000000002220222222222222222222222222202222200000222000
00000000000000000000000000000000000000000000000000000000000000000000000020000000000000000000000000000200000000000000000000000200000000000000000000000000002220000002222022200222222222202220220000000000
00000000000000000000000000000000000000000000000000000000000000000000000000000000000000000000000000000200000000000000000000000200000000000000000000000000002222220000222022220222222222202202020000000000
00000000000000000000000000000000000000000000000000000000000000000000000000000000002000000000000000000000000000000000000000000000000000000000000000000000002222222200020000220222222222222222220002222220
00000000000000000000000000000000000000000000000000000000000000000000000000000000000000000000000020000000000000000000000000000000000000000000000000000000002222222200200022222222222222222222220002000000
00000000000000000000000000000000000000000000000000000000000000000000000000000000000000000000000000000222200000000000000000000000000000000000000000000000002222220000200022222222222222222222222222000002
00000000000000000000000000000000000000000000000000000000000000000000000000000000000000000000000000000020000200000000000000000000000000000000000000000000002222222200202222222222222222222220000002200222
00000000000000000000000000000000000000000000000000000000000000000000000000000000000000000000000000022000000000000000000000000000000000000000220000000000002220022000022220222222222222222220000000222220
00000000000000000000000000000000000000000000000000000000000000000000000000000000000000000000000000000000000000000000000000000000000000000000000000000000002220002002000000222222222222222000002222002220
00000000000000000000000000000000000000000000000000000000000000000000000000002200000000000000000020000000000000000000000000000000000000000000000000000022202222200000222002222222222222200222200222222222
00000000000000000000000000000000000000000000000000000000000000000000000000000000000000000000000000000022000000000000000000000000000000000000000002202222000220020000000222222222222222222220000220020222
00000000000000000000000000000000000000000000000000000000000000000000000000000000000000000000000000000022000000000000000000000000000000000000002002222222000200020000000222222222222222222220000220220022
00000000000000000000000000000000000000000000000000000000000000000000000000000002220000000000000000000000000000000000000000000000000000000000022222202200000000000220000222222222222222222220222222222222
00000000000000000000000000000000000000000000000000000000000000000000000000000000000000000000000000000000000000000000000000000000000000000002220000000000000000000002200222222222222222220002222222222222
00000000000000000000000000000000000000000000000000000000000000000000000000000000000222200002000000000000000000000000000000000000000000000000000000000002200000002000000222222222220002222000000002222222
00000000000000000000000000000000000000000000000000000000000000000000000000000000000022000002000000000000000000000000000000000000000000000000000000000002220000002002200222222222202000222220000022202222
00000000000000000000000000000000000000000000000000000000000000000000000000000000000002220000000000000000000000000000000000000000000000000000000000000022220002200022222222222222222000022000202222222222
00000000000000000000000000000000000000000000000000000000000000000000000000000000000000200000000000000000000000000000000000000000000000000000000000000022220000022222222222222222022000222220222002222222
22000000000000000220000000000000000000000000000000000000000000000000000000000000000002200000000000000000000000000000000000000000000000000000000000000222200000002222022222222222220002222222200222222222
22000000000000000000000000000000000000000000000000000000000000000000000000000000000002200000000000000000000000000000000000000000000000000000000000000022200000022222222222222222220002222220002222222222
00000000000000002000000000000000000000000000000000000000000000000000000000000000000000020000000000020000000000000000000000000000000000000000000000000022200000022222222222222222002000222200022222222222
00000000000000022202000000000000000000000000000000000000000000000000000000000000000000222002200000000000000000000000000000000000000000000000000000020022200022222000222222222222002222002202002222222222
00000000000000000002020000000000000000000000000000000000000000000000000000000000000000200002000000000000000000000000000000000000000000000000000000002200002002222220222222222222222220222002222222222222
00000000000000000000020000000000000000000000000000000000000000000000000000000000000000200000000000000000000000000000000000000000000000000000000000202200000022222222222222222202220222222220000222200222
00000000000000000002200000000000000000000002002000000000000000000000000000000000000000200000000000000000000000000000000000000000000000000000000200000000000000222222202222220000022222222220000022222222
00000000000000000002000000000000000000000000000000000000000000000000000000000000000000200000000000000000000000000000000000000000000000000000000000020022000000022222002222220202000222202200000222222222
00000000000000000002000000000000000000000000000000000000000000000000000000000000000000200000000000000000000000000000000000000000000000000000000020002222200000002222222202222000000220222222002202222222
00000000000000000003000000000000000000000000000000000000000000000000000000000000000000000000000000000202222222200000000000000000000000000000000002222222200202202222222222200022220222222222222202222222
02002000000000000003333000003000000000000000000000000000000000000000000000000000000000000000000000000222222222200000000000000000000000000000000002022220000222222220200022000222220022222002200222222222
02223000000002200003333300023300000000000200000000000000000000000000000000000000000000000000000200020222222222222200000000000000000000000000000022222200000220022200000000022222222202220002222222222220
22223330000000200000033333003303000000000000000000000000000000000000000000000000000000000000002220022222222222222200000000000000000000000200000022222220002200002220000020000022002200200002222020200000
22222220000000020000033303323333000022222200000000000000000000000000000000000002000002000000002220222222222222222222000000000000000000000000220000020000000000000220000000000220000000000222200222022002
20222200000000000000030302322333000000002200000000000000000000000000000000000220000002220000000222202222222222222222200000000000000000000200220220000000020000000000000000002000000022222220020000022002
00000222200000000000332222000023330220000000000000000000000000000000000000000000000002222200002220002222222222222222220000000000000000002202222220000000200000000020000000022000000222222000000002002202
20000002200000000000332220000002222222000000000000000000000000000000000000000000000002222222200000000222222222202222200000000000000000000022202202020002000000000000000000220200000022222222000000000222
00000003000000000000022000000222000200000000000000000000000000000000000000000000000000220222200000000222222222200222000000000000000000000002002000220022020000000002000000200000000002220000000000000022
00020203320020023220000000000200000000000000000000000000000000000000000000000000000000222222200000000022222222220222000000000000000000000000002000020002020000000022000002200000000022222000000000000222
00230233330030030220000000000000000000000000000000000000000000000000000000000020000000222220000000000022002222220000020000000000000000000000000000000002200000000000000000000000000022202000000000000222
22230233333000220000000000000000000000000000000000000000000000000000000000000020000000222220000000000000000220000000000000000000000000000000000000000022222200000000000220000000000022000000000000000222
22023333330220220000000000000000000000000000000000000000000000000000000000000000000022222222000000000000022200000000000000000000000000000002000000222022220000000002022000000000000020000000000000022222
22022033202220200000000000000000000000000000000000000000000000000000000000000000000022222222200000000002200000000222000000000000000000000022000000220020000000000002002000000000000000000000000022222222
32022230000220220000000000000000000000000000000000000000000000000000000000000200000022222222200000000002222002002222000000000000000000000022000000200000000000000000022200000000000000000000000002222222
20000220000220222000000000000000000000000000000000020000000000000000000000000000000022200022200000000000022202022000000000000000000000000000000002000002000000000000022000000000000000000000000002222222
20022223300030032000000000000000020000000000000000020000000000000000000000000000000020200022200000000000000022222000000000000000000000000000222002000000000000000000000000000000000000000000000002222222
20002300020000232222323223333333333333333330000002000300000000000000000000000000000000000022000000000000000222222200000000000000000000000000002000000000000000000000000000000000000000000000002002222222
00000000000000333233333333333333333333333333300000000300000000000000000000000000000000000002000000000000000022222200000000000000000000000000000000000000000000000000000000000000000000000000002222222222
00000000000000333003333333333333333333333333200000003300000000000000000000000000000000000000000000000000000022222222200000000000000000000000000000000000000000000002000000000000000000000000002222222222
00000000000000030003333333333333333333333333000000000300000000000000000000000000000000000000000000000200002022222022220000000000002000200000000220000000000000000000000000000000000000000000000222222222
00000000000000000000333333333333333333333333000000000200000000000000000000000000000000000000000000000002222222222020020000000000200000000000000222000000000000000000000000000000000000000000022222222222
00000000000232232222223333333333333333333333000000003020000000002000000000000000000000000000000000000000222222222000222202000000022000000000002000000000000000020000000000000000000000000000002022222222
00000000000022032322220303333333333333333333000000020020000000200000000200000000000000000000000000000002002222222220022222000000002000233033220022220000000000000000000000000000000000000000000022222222
00000020000022032223233303333333333333333333000002022220000002220000000200002200000000000000000000000000000000222222022222000002000002202000222222200000000000000000000200000000000000000000000022222222
02000000022222022233322223333333333333333330000000000200000000222000000000000002220000000000000000000000000022222222222222000022000000000002220000020000000002200000000000000000000000222222222222222222
00000000000002222033322223333333333333333330000000222000000000222000000000000000002000000000000000000000002222222222222220000020000000000002220000020000000002200000000000000000000000222000222222222222
00000000000000223223333333333333333333333332000000020000000000222222000000200000000000000000000000000000000222222222222200222020000000033222220023000000000222000000000000000000000000000000222222222222
20000020000000002000333333333333333333333333200000000020000000022222000000000000000000000000000000000000000002222222222222222200000332333330020223300000002000000002200002000000000000000022222222222222
30000020000000003003330330333333333333333333300000000022000000222222200000000000000000000000000000000000000002222222222222220000000333303320223333000000000000000000022200000000000000000022222222222222
22200000000000000003320020033333333333333333300000022222002233332222222000000000000000000000000000000000000000222222222222222200220333320022233332000000000000000000222222200000000000002222222222222222
22000000000000000000000000003333333333333333300000000222222233333322222200200000000000000000000022220000000000222222222222220000200033323333333333000000000000002002222222200000000000002222222222222222
00000000022000000000000333000033333333333300200000200200232333333322222222220020000000000000000222000000000000022222222222022222022003323333003330000000000002222000222222220000000000002222222222222222
00000000002200000000003333330033333333333330000002030000333332223333233222023000000000000000220022000000000000022222222222000022000033333330000000000000000002222222222222200000000000222222222222222222
00000000000200000000033333300033333333333300000233033033233333333333333333333333333333000000220000222000000000222222222222000000020333303300000000000000000000022222222222000000000000022222222222222222
02000000000222000220033333022333333333333333333333333333333333333333333333333333333333000000220000202000202220222222222222000000020332200000000000000000000000022222222222200000000222002222222222222222
33333333333333333333333333333333333333333333333333333333333333333333333333333333333333220000000002000202202222222222222220000000003330200000000000000000000000222222222222220000000222222222222222222222
33333333333333333333333333333333333333333333333333333333333333333333333333333333333333220000002002200002222222222222222220200000000000330000000000000022002000022222222222222000002222222222222222222222
33333333333333333333333333333333333333333333333333333333333333333333333333333333333333222202022200000022222222222222222220200200000200330002000000000020000000022222222222222222222222222222222222222222
33333333333333333333333333333333333333333333333333333333333333333333333333333333333333322222002200000000220022222222222220200200000200300033000000000000000000222222222222222222222222222222222222222222
33333333333333333333333333333333333333333333333333333333333333333333333333333333333333320222000000200000000020222222222000000000330200332003000000000022000000022222222222222222222222222222222222222222
33333333333333333333333333333333333333333333333333333333333333333333333333333333333333323220000000000000000222222222222000000003330300333000000300000000020000022222222222222222222222222222222222222222
33333333333333333333333333333333333333333333333333333333333333333333333333333333333333333000000000000000000002222222222200002003333000033200000030000000030022022202222222222222222222222222222222222222
33333333333333333333333333333333333333333333333333333333333333333333333333333333333333333320000000000000000000022222222220000033333333023333202000002000033322022002222222002222222222222222222222222222
33333333333333333333333333333333333333333333333333333333333333333333333333333333333333333300000000000000000000202022222200000033333333300333330000000300223320000022222220002222222222222222222222222222
33333333333333333333333333333333333333333333333333333333333333333333333333333333333333330000000000000000000000200002222222020003333333300333330000023303323220320002222200022222222222222222222222222222
33333333333344333333333333333333333333333333333333333333333333333333333333333333333333320020000000000000022200000202222222200003333333333333333003330033333033320302222222022222222222222222222222222222