00002232222223223232333333332200233443333333444444455544443444433433333333333332332232322222220000223222220000000000000000000000000000000000000000000000000000000000000000000000000000000000000000000000
00000322222222222322323333323222222334333443344444555544444444434333333333333332223333332022200000320222222202000000000000000000000000000000002222200000000000000000000000000000000000000000000000000000
00000022300322223232233333333322322234443443344444555554443434444333333333333323333233222202200003220222202222222200000000000000000000000000000220000000000000000000000000000000000000000000000000000000
00000000020222323202233332333422023234434443344444555554444334443333333333333332232322222220000022220000002000000222222022222222222222002202222222020000000000000000000000000000000000000000000000000000
20000000022222332222233333333332003344332444343444455544444444444333333333333333233232222230023322200000000000000000000000000222222000022222222222222200000222220000000000000000000000000000000000000000
20000000002022222232333233333333023444302234224444445555444444444333433333333332222332022000032232000000000000000000000000000002222222220002222222222200000222220020000000000000000000000000000000000000
20000000000000322322332333333333333333322324234444445555544444444443443334333330322022000000000332000000000000022000022222222220022222222222222222220022202002220000000000000000000000000000000000000000
20000000000000300220323333333333333422400032224444445555444444444443443343333332230222000000000022200000000000002000022222222222220222222222222222220022222202222200000000000000000000000000000000000000
02202200000000032222333223333333334323332322002330344444444444444444433433333333232222222222222222000000002220000000002200222222222222222222222222220222222002000000000000000000000000000000000000000000
20222222220000002332323323333333333422232323320223444444444444444444433433333332223222020222222220222002220000000000022220222222200222222222222222222222222222222200000000000000000000000000000000000000
20222222000000002032332223333333333343332223330234444444444443444444443433333233323322220322202202222000020000002000022320222222200022222222222222222222222222222220000000000000000000000000000000000000
20220222220000000032332233333333333334333334343444444444444444444444333443333323322222202223023200222222222200222222003022222222222222222222222222222222222222222222000000000000000000000000000000000000
20220222000000000033232233334433333334334334443344444444444444444444333344433322333222202220322300002220022200222220200022022222222222222222222222222222222222222222200000000000000000000000000000000000
22002202000000023322032233343333333333343433444444442443444444444443333334433333222032222222200000000322002222333322330000222220222222222222222222222222222222222222220000200000000000000000000000000000
22222200000000323322033333433233333333334443444434432343344444444443333334333333302032200232200000000000002222333222302000200000022222222222222222222222222222222222220000000000000000000000000000000000
22220000000003000003000333333333333343333444344443333023344444444443333333333332230003220000000000000000002223333323200000002202000022222202222222222222222222222222222220022000000000000000000000000000
20222222200002200003222003333333444333333344444333333224444444444444333333333333223333200200000300000000002223333230000000002000000202002222222222222222222222222222222222222222220000000000000000000000
20022222200002200003223003303333443223333333344432323434444444444444333333333232233333330000000000000000002232333220000000020000020220220222222222222222222222222222222222222222220000000000000000000000
22222300000002200000332002303333333322333333444342223444444444444444333333333323333332222000000000000000002233333000000000000000020000222222222222222222222222222222222000020020002002200000000000000000
22200000000002200000233333302323333322333334444433323444444444444443433333343333323333333000002000000000002233333000000000020000200000002222222222222222222222222222222202020000222222200000000000000000
22002200000000000000023333200023333333333444444333323444444444444443333333234333333322000002200000000000002333330000000000200000000000222202222222222222222222222222222222222222222220000000000000000000
22022200000000000000023232200033333333334343444433334444444444444443333333333333332322000022200220000000002333320000000000000200000000222200222222222222222222222222222222222222222220200000000000000000
22222200000000000000000033200023333223334344444423343444444444444443333333333333332202022022220022000000003333300000000000000000000200000000222222222222222222222222222222222222220002200000000000000000
22222200000000000000000000000023333233333444443433333444444444444433334333333333333232332233222202002000002333000000000000000000000000000020222220222222222222222222222222222222222222220000000000000000
22220200000000000000000000000022333333333334444442323344444444444433333333333333333233333333222220003000022330000000000000000000000000000022222220222222222222222222222222222222222222022002000000000000
22222200000000000000000000000002333333333334434444433445544444444333333333333233333333332222222000223000022200000000022000000000000000002220020222222222222222222222222222222222220222220000000000000000
22222220000000000000000000000002233333333334443444443344544444444344333334333333333222223332220300220000022200000000022000000000000000002220022222002222222222222222222222222222222222220000000000000000
22222220000000000000000000000032223333333334344444535444544444433433344433333333333333323322330000000000020000000022000020000000000022020000022002222222222222202222222222222222222000000000000000000000
22222222000000000000000000000023322332333343444444444555544444443334334333333333333333333332233000000000020000000000000000000002022022000000222222222222222222222222222222222222222222220000000000000000
22222222000000300000000000000032330232232434443434444555443444444333333333444444433333333322303200000000200000000000000000000020000000000002222220222222222222220000022222222222222220022002000000000000
22222222220000020000000000000022000032332343444444555555444433444433343333222333333333333322330300000002200000000000000000002200002220002222222222222222220000000202200222222222222222222200000220000000
22222222222000020000000000000222002002233344444444455544545443343433333333333333333333332222223000000002200000000000000200002200000200022222222222222222220000000002220222222222222222202200200222220000
22222222222220332200000000000222222003234434444555555555555543443333332332223223333333020220000000000000000000000000002200000000002002222202002222222222200000000000222220222222222222222222222222200000
22222222222220333300000000000022222002233343444555555554555443444434333222323223333323000222220000200200000000000200020200000000002002222200022222222222220000000000222220022222222222222222222222200000
22222222222220000000000000000000000002233344444555555544454445344444323332322022333202300000000022000000000000000022222200000000002200020202222222222222222000000000222222202222220222222222222222200000
22222222222220020000000000000000000220033334344455555444445433344444433334322322332202200220000002200000000000000000022222000200000222022222222222222222222000000000222222220002022000002222222222200000
22222222222220220000000000000000000222003334444555554443444444333444343333323030233200202220000000000000000000000000022022000000220222022202222222222222202000000000222222220002002000000000222222200000
22222222222222022200000000000000002230003034444444544434333344333443444334434424202220202220000000000000000000000000022222000000002200220020222222022222202000000000220222220222022202200000002222222200
22222220222222222200000000000000030233000022443444444443333344333334333324443344002230002220000000000000000000000000022222200202000002220020002222002222200000000000222222220022002202200000000002220200
22222222222222222222200000000000033303202024243434443333333444333333423334333333333200022022200000020000000000000000000022000000000000220000000202222222000002000000222222220222002200200000000000000000
22222222222202222222220000000000033433300022433433443322323334333333433343233333333423022002200000000000000000000000000022000000002200222200000000222222000002000002202222220022002202200000000000000000
22222222222200202222223000000000034433300022433333343333433344433343443334433333333444000000020000000000000000000000000000200220000002222222222002222222000000000000002222220022000020200000000000000000
22222222222222222222222220000022234433322202043333333233330333444333444434453422333443003000022000000000000000000000000000020000002222000222220222222222200002220022022222222000220000200000020220000000
22223332323333333333333330000022344443432230303333333333300333334443434443344432334433000000000000000000000000000000000020000200000022000022200222222222202002220022222222202000220000000000000200000000
22233323223333333333333222200002344444442323332333333333333303233344244444433443423333300000000000000000000000000000020000000022022222022222222222222202202002222222222222222200000000000000222220002200
22223333333333333333333332302023444444243232333332333323223202333333333344434444433334300003000000000000000000002002200200000002022222202222222222222222202202222222222222202200020000000000222220000000
33223233333333333333333333302223444443333333333023323233233300333332334343444433344434300233233022000000000000000000002200022200222022222202222222222202200222222222222222200222000222200000022200000000
33223323333333333333333333330224544444343433333033333300333303033403444444444433444443400232220222000000000000000022000220202220022222222202222222222000220222222222222222200022000222200000002202200000
33002333333333333333333333232235554444342333333343333000334203200344333444444444444434332000003200000000000000000002220022000020000022222202222222222222222222222222222222222222000002000000022222020000
23000332333333333333333333334345555544443443333342332203333220032333433444444434434445344033203300000000000000000000000000000020000000000022222222222222222222222222222222222222220002200000000000022000
33200034433332333333333333334555555554443333343443232200233230033322444444444444454444343432403000000000000000000000000000000020000000000002222222222222222222222222222222222222220002200000000000022000
33322233443333333333333334445555555555433333333433322300332232304433034444444444444444444434232220000002000000002000000000000000000200000000022222222222222222222222222222202000022002000000000000000000
33332333230233333333333344455555555555433333334333323330332233200344402434333444433544455553333300200000000000002000000000000000000022020020000000222222222222222222222222222000002020000000000000000000
33333423302223333333334344455555555554444433344432033333233003333344340334444343443333334554434302000000000000000000000000000000000000000020000000002222222222222222222222222222020020000000000000000000
33333423333322333333334444455555443344444443333332032232233003333234433234333443443332234554543420032022000002200000000000000000000000000020200000002222222222222222222222222220000000000000000000000000
34433423332333333333344444455555443334344443343330323233333200032323333322332444443333335454554432320233200000000000000000000000000000220000002000022222222222222222222222202022202000000000000000000000
34333433332333333333444444444554444003334443333322332332333200342432333333334344444433344555555433222222322200000000000000000000000000002200000022222222222222222222222222200002000200000000002000000000
33333433333333333334444444444444443002333444333322303332233200034443002334334432434443445555555544320222332200000000000000000000000000002200020022222222222222222222222202200002000000000000002000000000
33333433333333333333333333344444443002323334323200333330033303003344423334333230335554555545554444433320200000000000000000000000000022000002002220222222222222222222222222200000000000000000002000000000
33333433343333333433333333344444444022322333333200033232033200030234343333434332334555455544455434443222002000000000000000000000000022000000002220222222222222222222222222200000000000000000002000000000
33434333334333333344333333333333333333322033333000033232323230032334333333333443344454355544445442330022023200000000000000000000000000000002222000002222222222222222222222202000000000000000000000000000
33434333334333333443333333333344443323222003333320003333333242234244233332233033334344445544444443433322220000000000000000000000000000000222222222022222222222222222222222202200220000000000220000000000
34333334334433333433333333334444444333322000333322202323233332303323233333332333433343344444454334323432220000000000000000000000000000000022222222202222222222222222222220202200220000000002220000000000
33333434333333334333333333344333333333322000033220002223333320000033032333332322423443444445543443323333320020000000000000000000000000000022222222222222222222222222222222200000000000000002220000000000
33434433333433343333333333344333333333322000003222002023233320030000033334330333333443344445544444420230000020000000000020000000000000000022222222222002222222222222222222200000000000000002220000000000
34343344333444333333333333344333333233332200000333000022333300003030003002332322220044434445555453343002200022000000000000200000000000000002222222222222222222222222222022200000000000000000220000000000
44444343343444444433333333343333333333322220220232003033333203303000000002222232320323334444545544333433200023200000000000000000000000002002222202222222222222222222222222200000000000000000220000000000
44444444444344344444333333333333333323333333333332332033330003300000000000002220002332344444545444433333332222000000000000020020000000022220000000200222222222222222222220000000000000000000220000000000
44444444343444434444433333333333333332333333333330033033322200300000000000000000002422434444444444433333333222220000000000202232000022000020200002002222222222222222222220000000000000000000022220000000
44444444443444444444443333333333333333333333333222033333322200000000000000000000002424444444444544443333333333220000000000202200000022200000000002002222222002220022222222020000000000000000002220000000
44444444444434444444444333333333333322223333320233333333320000000300000000000000000304344444444444444333333333332002022000223000000022202222000002222222222000000000222222222000000000000000002222000000
44444444444434443444444333333333333230000233220333332333320000000000000000000000000303343344444444444333333333322002222000220000002022222200000002222222222000002000022222222000000000000000000222000000
44344344444434444334443333333333332333223233000232333333330000000000000000000000000002444344444444444433333333222222222202000000000222222202000002222222222000000000022202202000000000000000000222200000
44444444444434444443443333333333333333333333300233333333322000000000000000000000000000333444434444444443333333222222222200000000000022222200000002222222222000000000022202200000000000000000000222200000
44444444444444444444343333333333333023302223220003333023222202200000000000000000220023333444444444444443333333222222222000000022000020002200022000222222222000000000002020000000000000000000000022200000
44444444444443444444443333333333333333223233322000333033333222200000000000000002000023332334444444444444333332222202000000000002000222222200000000222222222000000000000002200000000000000000000000222000
44444444444343444444433333333333333333222222223000023000232222000000000000000002000033333444334444444344433332222000000000020022000222222202000000222222000000000000000002200000000000000000000000222200
44444444444343443344443333333333333333322320020000003002222222200000000000000033232333333334433444444333343433222000000000000002000222222200000002022222200220000000000002200000000000000000000000000000
44444444444443344334443333333332233333332220000300300000222222000000000000000000333333333333344444444443343333322000000000000000000222222200220022002222222220000000000002200000000000000000000000000020
44444444444443344434443333333333233333332223000000300300002322200000000000000003333333433333344444444433334333333222000000000000000000020002222200222022000022000000000000000000000000000000000000000002
54444454444443443443443333333333333333332332000200030200002222200000000000000333233322444333344444444333333433333320032202002000000000000002222202222000000000000000000000000000000000000000000000000000
55455454444443443444443333333333320222332022002200030300002200000000000000022023333333344444444444444433333343333322222000222000000000000000022220220000000000000000000000000000000000000000000000000022
54545544444444444444443333333333320222232000222220000000000220000000000000033232333333443444444444444433343334433322222200002000000000000000000022000000000000000000000000000000000000000000000000000222
45444444444444444444433333333333330223322002222220000000000030000000000000023330333334333444444444444443443333443333322200020000000000000000000000200000000000000000000000000000000000000000000000000022
44454444444444444444433333333333332223332022322000000000003203000000000000033332333344333444444444444444443333343343332220000000000000000000000000000000000000000000000000000000000000000000000000000222
45554444444444444444333333333333333333333023322000000000002300000000000003023233333334334444444444444444433333344443333200000000000000000000000000000000000000000000000000000000000000000000000000000222
55544444444443444443333333333333333333333333322000000000000300022003032333300323333333333344444444444434433333334444243320000000000000000000000000000000000000000000000000000000000000000000000000000202
55444444444444444444333333333333333333333302322200000000000030003003222233330333333444434444444444444443333333333444333233220000000000000000000000000000000000000000000000000000000000000000000000000020
54444444444444444444433333333333333333333300322200000000000000003000322230000333333444444444444444444444333333333333332223220000000000000000000000000000000000000000000000000000000000000000000000000000
55444444444444444444443333333333333333332000002000000000000000000320002323030033333344444444444444434444333333333332333000000000000000000000000000000000000000000000000000000000000000000000000000000000
55554444444444444444444333333333333333332000000000000000000000330330003333000003002334444444344444344443333333333333323000000000000000020000000000000000000000000000000000000000000000000000000000000000
55554444444444444444444333333333333333320000000000000000000000000223002333322000333334444443344443444443333333333332332200222000000000000000000000000000000000000000000000000000000000000000000000000000
55555444444444444444444433333333333302300000000000000000000000000232332333333000303344444444444444444443333332323222222020220000000000200000000000000000000000000000000000000000000000000000000000000000
55455444444444444444444443333323333000000003000000000000000000022223000022333320223334444444444444444433333330332222232222000030000022202200000000000000000000000000000000000000000000000000000000000000
55554444444444444444444444333322203000000003000000000000000000303332332203303033333333444444444444444433333332333232333322200000022022222222000000000000000000000000000000000000000000000000000000000000
54444444444444444444444434333322000000000000000000000000000000000003033300000003333333344444444444444433333333233323332322000000022022222222000000000000000000000000000000000000000000000000000000000000
44444444444444444444444444332233220022000000000000000000000000000000000033300233333333334444444444444333333333223233333332220020022022220220200000000000000000000000000000000000000000000000000000000000
44444444444444444444444443332323322020000000000000000000000000000000000033333233333333344444444445554333333333232223323222222220022222222020020000000000000000000000000000000000000000000000000000000000
44444444444444444444444444333232320000000000000000000000000000000000000003333333333333334444444445554333334322002333333200222202222222022200002000000000000000000000000000000000000000000000000000000000
44444444444444444444444434333333220000000000000000000000000000000000000002200033333333333444444454555544333322202002222202222222222222322302000200000000000000000000000000000000000000000000000000000000
44444444444444444444444433433333000000000000000000000000000000000000000000000000332333333444444454555544332233303343334003033222343232222020000000000000000000000000000000000000000000000000000000000000
44444444444444444444444344433332320000000000000000000000000000000000000000000003332333333444444555555544322200333333333003333332333320220000020000220000022000000000000000000000000000000000000000000000
44444444444444444444444443333332330000000000000000000000000000000000000000000003333333333344444455455544433200303333330022333323333323220000000000220000022000000000000000000000000000000000000000000000
44444444444444444444444443333333320000000000000000000000000000000000000000000000333333333344444455555334333322003333030233343334333332222202222000000000032220000000000000000000000000000000000000000000
44444444444444444334444424323333302000000000000000000000000000000000000000000003323333333334444445555433433332223333233334444343333343202202222000000000032220000000000000000000000000000000000000000000
34444444444444444443343433300033320000000000000000000022222000000000000000000002333333333333344445555444433333220333022333333443333333323020022000303330003322320000000000000000000000000000000000000000
44444444444444444443432322300022320020000000000000000022222200000000000000333332223323333333344445555543333333320333233333444443333333223320003333300300003332220000000000000000000000000000000000000000
44344444444444433444332233220022232200000000000000000200002200000000000002333333333003033333344445555443333333333230333433334333334333343323333333333300033322222200000000000000000000000000000000000000
34444444444444433443443323222222222200000000000000002222222200000000000300333333333000002233344445555444443333344332323334334333333443433333333333333333330222222222000000000000000000000000000000000000
33344444444434433444333333222222222200000000000000002222222200000000000333333300033000003333334444555444444333343222323444333333333344433333300222330033300222222222000000000000000000000000000000000000
33333444444444343433433333322322220000000000000000000222222220000000000000000000000300000333333434444444444333343303333443333323333333332222200003000003000022222222200000000000000000000000000000000000
33333334443444443334333333332222220000000000000000000222222220000000000000000000000000000333333334444444443433343333233433333333333333302202200000000000000002002222220330000000000000000000000000000000
33333333334333333333333333333332220000002222002220000222222220000000000000000000000000033333333333344444444333343444333333334333333333222202200000000300000000000222222000000000000000000000000000000000
33333333333333332333333333333233220002222202220222222222222220000002220000022002000000022323333333333333443333333334344333333443333333322202000200000000000000000222222000000000000000000000000000000000
33333333333333332333333333333333330002222220222222222222222220000002220003022022000000022222233333333434344333333344333334333433343333330200000022000000000000000222222000000000000000000000000000000000
33333333333333322323333333333333333302222222000202222002202222002200222030300222000000333333333334443343444333333333443334344443344433332220000200000000000000000220222000000000000000000000000000000000
33333333333333333333333333333333333303220222000002222000002222022000222300000322000000033333333344444444444334344333334333444443333444332200000000000000000000000000000000000000000000000000000000000000
33333333333333323233223333333333333332200200000222200000000222220220022200000320000000033233333344444443443333443333334433344443433333332200000020200000000000000000000000000000000000000000000000000000
33333333333333332333222233233333333333303000002222200000000022222220002200000230000000332333333444444444444444433334333444344344333333333330000000000000000000000000000000000000000000000000000000000000
33333333332233222022222300033333333230000000022222200200022222222000022220000003000000323333333334444444444334443333344444443344433303322220000000000000000000000000000000000000000000000000000000000000
33333333333223322233000000023233332223000000020222222222222202222000000223022223000000233333333344444434444444443433333444333343334300222303000000000000000000000000000000000000000000000000000000000000
33333333333323322222200000223323332233000000000222222202222202222000000222023223300003033333333334444433344443343433433443334344333302222233000000000000000000000000000000000000000000000000000000000000
33333333333322222222200000023302222000000000000222222222222222222200002222332223000033023233333444444333344444333333343444333344433302222220000000000000000000000000000000000000000000000000000000000000
33333333333322220222000000023002233003000000000202222222222222222000002222232002002030023333334444333343333344343433344333334434443320222220000000000000000000000000000000000000000000000000000000000000
33333333333332223302200000020023333333333200002222222220222220000002222222230222222032023333334444333333333333344433334343444433333332222220000000000000000000000000000000000000000000000000000000000000
32222233333332222330220000020023333233333330002222022200222220000202222222233222220022022333334333333333333333434343334444344443333323222000000000000000000000000000000000000000000000000000000000000000
33333222322322222222222220020002322003333333002220002000000002222220222222222222222000002333333333333333333444443444444443444444333222320200000000000000000000000000000000000022000000000000000000000000
33333332322222222222222220000000222220032223222200000000000022222222222222322200000022200234333333333333334444444444444444444444332222322200000000000000000000000000000000000220000000000000000000000000
33333233222222222222222220000000002220322222222000000000000022222222222222322000000022220223434333333333344444443444444444444443332232232220000000000000000000000000022222002000000000000000000000000000
22332233222222222222222222200022222222222222220000000000002200002222222223330000222222222003433333344434444444444444444444444443332332222220000000000000000000000000022222002200000000000000000000000000
22223233322222222222222222200222222222222222220000000000022200000222222222330002222220222323333343344444444434444444444434443443332232322200000000000000000000000000023303000000000000000000000000000000
33332233222222222222200000020222222222222222200000000000002222222222222222233322222220022333443443344444444434444444444443444443233232233320000000030000000022200000033000000000000000000000000000000000
33332333332222222322020000022222222222222222200000000000002222222222222222333332222222022334444443444434444443344444444444444444433333343220000000000000000003200000003300000000020000000000000000000000
22222222222222222222200000002222222222222222220000000000002222222222222220333332222222222334444443444444444443334444444444444444343333343000000000030000000000000200000030000000000000000000000000000000
22222222222222222222022000000222222222222222222220000000000022022222222222333333222222023333333444444444444333334444444444443443444444444300000000003000000000000300000200000000000200000000000000000000
22222222222222222202022000000022222222222222222200000000000000000222222223333333322222023333234444444444443333344444444455544433444344334300020000000000000000000300000030000000000000000000000000000000
22222222222222222222200220020000222222222222222220000000000000000002222223333333322222233333234444444444433333444444444455554333333433344444030000000000000000000200000020000000000000000000000000000000
22222222222222222222222220022222222222222222222222002220000000000000222222333333223333333333333443444443433333444444445555554334333343344444330000000000000000000020000020200000000000000000000000000000
22222222222222222222222220022222222222222222222222222220222200000000222222333333222333333333333434444444333334444445555555554344443334443333330000000000000000000000000000000022000000000000000000000000
22222222222222222222202222222222222222222222222222222222222200000000002233333332222222333333333333444444334344444445555555555433443333333433340000000000000000000000000000000000000000000000000000000000
22222222222222222222220222222222222222222222222200022222222200000000002223332222222222333333433333333334443444444445455555555554443433333333333000000000000000000000000000000000000000000000000000000000
22222222222222222222222222222222222222222222222202222222220022200000022233332222222222323333333333333433344444444445555555555555544333332000333300000000000000000000000000000000000000000000000000000000
22222222222222222222222222222200222222222222222222222222222222200000022233332222222222222233333333333433344444444445555555555555554443023300000000000000000000000000000000000000000000000000000000000000
22222222222222222222222222222000222222222222222222222222222222200002222222222222222022222232233333333333444444444455555555555555545433332230000000000000000000000000000000000000000000000000000000000000
22222222222222222222222222220000222222222222222222222222222222222222222222222222220222222222223333333233444444444455555555555555554444433430300000000000000000000000000000000000000000000000000000000000
22222222222222222222222222200002200222222222222222222222222222222222222200022222222022222220232333333332443333434444555555555555433443300330000000000000000000000000000000000000000000000000000000000000
22222222222222222222222222200022222222222222222222222222222222222222222222222220222222222222222333323333333333334444455555555555543343330200030000000000000000000000000000000000000000000000000000000000
22222222222222222222222222200022022222222222222222222222222222222222222222222220222022222223222233333333443333444434455555545554433442233330000000000000000000000000000000000000000000000000000000000000
22222222222222222222022220000022222222222222222222222222222222222222222222222222220022222222323333300333343333434444455555555554433343300232000000000000000000000000000000000000000000000000000000000000
22222222222222222222022222000022222222222222222222222222222222222222222222222222222022222222233333000233333333344444445555555544433404433223000000000000000000000000000000000000000000000000000000000000
22222222222222222222222220000022222222222222222222222222222222222222222222222222222222222222233333330222333333444444455555555544444443343032200000000000000000000000000000000000000000000000000000000000
22222222222222222222222222002222222222222222222222222222222222222222222222222222220222222222222333320003333334444444444555555444444423344333000000000000000000000000000000000000000000000000000000000000
22222222222222222222222022202222222222222222222222222222222222222222222222222222222222222222022233322320033344444444444555544444344444443333434000000000000000000000000000000000000000000000000000000000
22002222222222222222222222222222222222222222222222222222222222222222222222222222222222222222222223333333332244444444444444444444444444443223343400000000000000000000000000000000000000000000000000000000
22202222222222222222220222222222222222222222222222222222222222222222222222222222222222222222222200323323322443444444444444444444444444443332003000000000000000000000000000000000000000000000000000000000
22222222222022222222200222222222222222222222222222222222222222222222222222222222002222223333333333333333222343444444444444444444444444444430034000000000000000000000000000000000000000000000000000000000
22222222022202222222220222222222222222222222222222222222222222222232222222332222022222222333333322333332333334344444444444444444444444443443303330000000000000000000000000000000000000000000000000000000
20222222000022202222022222202222322202222222222222222222222222322233222222223222222222223222333333333233332444444444444443444444444444444332000030200000000000000000000000000000000000000000000000000000
22222022220022222222022222203222222220222222222222222222222222322232222223233332222322223220233333333323433344444444443444444444444444444443303303300000000000000000000000000000000000000000000000000000
22222200200000022222222222203322322222222202222222222222222222222223222232233223222332223332233323332333343333444444343444444444444444444434340020330000000000000000000000000000000000000000000000000000
33232220000220200002222222223222322222222220222220222222222222222223222222233322333222223333333333333333333344444444444444444444444455545444442330332300000000000000000000000000000000000000000000000000
00332222000000300000222222223222002222222202222220222222222222233222222222233323323323332333333333333333333334444344434444444444444555555544434444333420000000000000000000000000000000000000000000000000
20003222200002300000023333223222222222022202222000022222222222222222222222222333333333333333333333333333333343334343434444444444445555555544443443343232200000000000000000000000000000000000000000000000
33002222200202200000323332222222222220022002222000022222222222222222222222222233333332232332333333333333333333333344444434444444445555555544443444340002000000000000000000000000000000000000000000000000
43320032200000000000033223322322222000000022220002202222222222222222222222222223332323323333202332233333333333333443334433444444445555555555544443230200000020000000000000000000000000000000000000000000
23003223222220003032022333333222330002222020222002222222222222222222222222222233222233333333200333333333333333333343344434444444444555555555554443433220000000000000000000000000000000000000000000000000
30303333332222003033023233323233330002222000222002222022222222222222222222222330222233333333230033333323232333333333333334444444445555555555445444332202300000000000000000000000000000000000000000000000
00003022330302203223300320333333230002222000000202220222222222222222222222333232233333333323330000020202333333333333333434444444445555555555544444433333330000000000000000000000000000000000000000000000
00000032000302223322300230034323000002202000000002200022322222222222222222333233333333333223330300000333333333333333334443444444445555555555554444433233203000000000000000000000000000000000000000000000
02000000203302232330032032233300002020000022000222222200222222222222222222333333332333332223330030003333333333333333344444444444444555555555555444433333332000000000000000000000000000000000000000000000
33300000330002202333023333233000000222000022000222222202222222222222222223333333233333323333330000023333333333333333444444444444444455544555544443433333330000220000200000000000000000000000000000000000
00000000000003233300300233303300320222020000000000000022000222230222222223333332333333333332330203233333033333333333434444444444444444444444444444333203330000222000000000000000000000000000000000000000
00220022300033002300023323330023002222222220000000000032222220002202023333332333333333332233330203333333333333333333344344444444444444444444444443333202230002202000020000002300000000000000000000000000
00233033000000033403023330000033000222222202200000000000223222222202333333333333333333332322333333333333333333333334343444444444444444444444444443333222232202202000023200000033200000000000000000000000
00000333000002234434022332233000000032222200020000022022303333323222333333333333333333323333223333333333333333333343434444444444444444444444444444433302233300002020023330202022200000000000000000000000
00200332000003333333023343200000000003222202000002022022320323222222333333333333333322222233333333333333333333333333434444444444444444444444444434433233222202002020003330203322023000000000000000000000
00000000223333334332333333200000000000322000000200022000330033332223333333333333333322222232333333333333333333333333343444444444444444444444444333433333022020022223003333002000222320220200000000000000
00200000242433333333343332200000000000022220000020022000003003332223333333333333233333222223333333333333333333333333334444444444444444444444444434433333222033222333033302003022020023332000000000000020
02004200334434333333344323030000000000023200000023022003003332222223333333333332333332222222333332333333333333333333333344444444444444444443444444444333303232333233332303230022200000232000020000000000
33042222233332433333343330000000000002200022000000000222003220222222333333333323333332322222333332333333333333333333334334444444444334434444444444443433333332323333332020300300223222002220220000000000
00304333333344343332333320000000000002300022000000000020020022222222223333332322233322222222323333333333333333333333333333344444443333434444434444444443333322333333233220200322000022222220200000020000
23423233333343333332332330000303333002000322200002200003203022022222332332222222223222222223322222333333333334443333333333333343443333333433444444434444333332333330233302330000002200222222022022000022
24422333332233333333323030000000033000000332220202200200222030202233333222222223332222222223322223333333333334443333333333344333333334343333333334344443333333220303333333222200003020222222000000022222
44434432323003233333303220000022000003200333320220000200222000200233333322222223332222222222222223333333333333444333433333333333333343443343433334443443333332200333332233233230000022222222002202222222
04433333332002233333230323300022330332200000232220000203322200222033333332232222322222222232222222333333333344444433433333333333333433443433333444444344433333333333332033333223003022222200220202222222
33433432030320003300022030000322333333303300033033200233432200222233333333232232322222222222222223333333333444444444443333333333333444444343344444444443333333333333332033323032300222022020222222222222
44434432233222320300000003323333333033232200332203320023232002222233333333333333322222222222222223333333333444444444443333333333333344444444444444434343334333333332333003333303303022002000000222222222
44433332423343340000000000033303330002333300030000200300322030222233333333333333322222022222232223333333333344444444343333333333333334433444444444434433333333333033333320333332020202222222000020222000
44434333344333003000000003233033330000300200033220000033003332032333300033332333332222222022233302333333333444444444443333333333333333444444344444443443333333333003333333233032022202222223222222222222
44434433233322000000000003300023343333030330023300300000320202032333333233333333332300222222223300333333333444444444443333333333333333344444444444444333333333333233333333000333322022222232322222222222
44333332333043323330000002333323300000000003003200002000003323322233333333333332033220222223223002233333334444445444443333333333333333334444444444444443333333333333333333300200332300222222222222222222
44333332330224343322000003030300303000000000333300000030000333222333333333333333000202222323333222333333333444455554444444433333333333334444444434434433333333333333330330333300332022222222222222222222
33323333300432233332000300000000000000000000020000000000000033322333333333333330000020322333333322333333333344455554444444444333333333333433444443443333333333333333203300333333022022202222222222222222
33332432322333333300233000030000000230000000003320000000233323332333333333333330320020002320333333033333344444455555444444444433333333333343444444333333333333333343200030333333222222220222222222222222
33334333223323330303333300000030030223200000003033000030003323322232333333333322320000003320333333333333334444555555544444444433333333333343344334333344333333333222022003003333302022222222222222222222
33223333323333333222000000000022330032332000200300333022200332333233333333333333332000003333333323333333344444555555554444444433333333333343334334434333333333333322244330323333320020222220002222222222
32343332333033332232000000003044200033230003000300233333320333233333333333333333333022003333333323333333334444555555544444444433333333333343333344333333333333333323334000333333333332220222000222222222
32333323333033233000000333440033000033303233033020003333232033333333333333333333333332333333333333333333344444555544444444444333333333333343334343433333333333333332023320033333333332220222220222222222
33222222233000000032000332204332203033033030222233333333333333333333333333333333333333333332233333333333344444444444444444444333333333333334333333433333333333333433333200033333333333322222222222222222
22222332322000300032000003333333333322233332200033332333333333333333333333333333333333333333320233333333334444444444444444444433333333333333333433333333333333333444443333333333333333333322202222222222