00000000000000000000000000000000000000000000000000000000000000000000000000000000000000000000000000000000000000000000000000000000000000000002000000022000000000000020200000222002200000002222222222222222
00000000000000000000000000000000000000000000000000000000000000000000000000000000000000000000000000000000000000000000000000000000000000000000202000022200000000000000000000222222200000002222222222222222
00000000000000000000000000000000000000000000000000000000000000000000000000000000000000000000000000000000000000000000000000000000002002000020000000022222202000000220000200002222222020222020222022222220
00000000000000000000000000000000000000000000000000000000000000000000000000000000000000000000000000000000000000000000000000000000000200000000002020222022200020000220002200020222220020020020222202222200
00000000000000000000000000000000000000000000000000000000000000000000000000000000000000000000000000000000000000000000000000000000000000022002000202220002202200220222000020000222200000222002222222222222
00000000000000000000000000000000000000000000000000000022200022222220022000000000000000000000000000022000000000000000000000000000000000000002020000222222222220002220022022000002200202022222022222222222
00000000000000000000000000000000000000000000000000000022200000202200000000000000000000000000000000022000000000000000000000000000000000000002200000022222222200202220022020002002200222000000220222222222
00000000000000000000000000000000000000000000200000000000000000000220000000000000000000000000000000000000000000200000000000000000000000022220000022200222202202222222002000000000000200002202202222222222
00000000000000000000000000000000000000000000000000000000200000200000000000000000000000000000000000000000000000020000000000000000000000022220000222200222202202222220000000000000002220002222220222022222
00000000000000000000000000000000000000000000000000000000000000000022000000000000000000000000000000000000000000022000000000000000000000000000002222222002222200220202200002220000022222002202222022222222
00000000000000000000000000000000000000000000000000000000000000000022200000000000000000000000000000000000000000022000000000000000200200220200222222222022222220222002200000222220022022002202222222222222
00000000000000000000000000000000000000000000000000000000000000000000000000000000000000000000000000000000000000000000000000000000000000020222202222000222222220000222200022222222022222222222222222222222
00000000000000000000000000000000000000000000000000000000000000000000000000002200000000000000000000000000000000000000000000000220222222000020222202000222222222202000022022222222222222222022222222222222
00000000000000000000000000000000000000000000000000000000000000000000000000002200000000000000000000000000000000000000000000000220222222222000222220000222222222020200022022222222222220000222022222222222
00000000000000000000000000000000000000000000000000000000000000000000000000000002000000000000000000000000000000000000002200000222222222222220022000222000202222222222222222222222222200022222222222222222
00000000000000000000000000000000000000000000000000000000000000000000000000000000000000000000000000000000000000000000002202000220222222222220000000222200200022022222222222222222022220222202222222222222
00000000000000000000000000000000000000000000000000000000000000000000000000000000000000000000000000000000000000000000000222222220022222222220220220022222222222222222222222222222000020222002222220222222
00000000000000000000000000000000000000000000000000000000000000000000000000000000020000000000000000000000000002200000000022200000222002222220022222220222222202020222202222222222222002202222202222222222
00000000000000000000000000000000000000000000000000000000000000000000000000000000000000000000000000000000000002200000000202220020000222220220002222220000222202220222002222222222222000000222200222222222
00000000000000000000000000000000000000000000000000000000000002000000000000000000000220000000000000000000000002200000000000200022000222222220220222222000022222222222222222222222222202022222222222222222
00000000000000000000000000000000000000000000000000000000000002200000000000000000000220000000000000000000000002200000000000000000000002222220222222222222022222222222202222222222222200002222222222222222
00000000000000000000000000000000000000000000000000000000000002000000000000000000002000000000000220000000000000000000002000000000000000222002222200222222222222220222222222222222222000002222222222222222
00000000000000000000000000000000000000000000000000000000000002002000000000000002002000000000000220000000000000000000000000000000200020222222222200220202222222222022222222222222222000002222222222222222
00000000000000000000000000000000000000000000000000000000000000000000000022000000200220000000000000000000000000000000000002200000000000022222220022222022222222222222222222222222200200000222222222222222
00000000000000000000000000000000000000000000000000000000000000000000000000020222000222200000000000000000000000000000002000222220000022222222222222202222222222222222222222222220022220002202220222222220
00000000000000000000000000000000000000000000000000000000000000000000000000020022000002200000000000000000000000000000000000022220002022222222222202220222222222222222222222220002022200002202220222220220
00000000000000000000000000000000000000000000000000000000000000000002200002200000000002200000000000000002000000000000220200002000202202222222222202222222222222222222222222000222022202002202200222222022
00000000000000000000000000000000000000000000000000000000000000000000222222200000000002200000000000000000000000000000000000000002022202222222222202222222222222222222222222200220022220002200200222000002
00000000000000000000000000000000000000000000000000000000000220000000000000000000000000000000000000000000000000000000000000022000202022222222222202222222222222222222222202220222200002220000000000222222
00000000000000000000000000000000000000000000000000000000000220000000000000000000000000000000000000000020000000000000000000022000000022222222222202222222222222222222222200220222222002220000022000000022
00000000000000000000000000000000000000000000000000000200000000000000000000000000002220000000000000000020000000000000000000200022220022222222222222222222222222222222222200200000022222000000222022202200
00000000000000000000000000000000000000000000000000000200000002200000000000000000022222200000000000000000002200000002000000022002222222222222222222022220222222222222222222222220022222002222222202200220
00000000000000000000000000000000000000000000000000000200000000000000000000000000000222220000200000000000002200000000200000022000222222222220222222000220200022222222222222220000022222002222200222000020
00000000000000000000000000000000000000000000000000000200000000000000000000000000000000020022000000000000220002000020000222202000222222222222002222200022202222222222020000220220020220000222000000000002
00000000000000000000000000000000000000000000000000000000000000000000000000000000022000020222200000000000220020000000000022002202222222022222002222220002222222222220000000222220202000200220000220220020
00000000000000000000000000000000000000000000000000000000000002000000000000000000000000002222200000000000000000000220000022222222222222222222220000000002020022222222220000000222222222000000022222002220
00000000000000000000000000000000000000000000000000000200000022000220002000000000000000002222000002000000000000000200002022022222222222222222220000020002020222222222200000000222222222000022022220202220
00000000000000000000000000000000000000000000000000000200200220002220000200200000000000002222020000000000020000000000000222222222222222222222222000000000002222002000000000000222202020202222202222220022
00000000000000000000000000000000000000000000000000000000200222220000002200022000002000002222222000022000000000000000002222222222222222202222220022000000002200000000000000000222200000222220200220000000
00000000000000000000000000000000000000000000000000000000002220000000000200022000002000002222222000022000000000000000002222222222222222202222000222000000020220000000000000000222200000222222020000200000
00000000000000000000000000000000000000000000000000000200222222200000000220002000000220000222220222220000000000000000022022222222222222222222222222000222022200000000000022220000000002222220000000000000
00000000000000000000000000000000000000000000000000000200222220000000000220000000000220000022220222202000000000000020000002222222222222202222222200200220222202000000000022220000200022222220000000000000
00000000000000000000000000000000000000000000000000000022222222000000000020000000000020000222222222202220002200000000000202222222222222222222002222000002000000000000000222222200002220020000000002222000
00000000000000000000000000000000000000000000000000000022022222000000000000020000000000220000222222200220002200000000002002222222222222222222020020000000000002000000200222222000000000202020000022220000
00000000000000000000000000000000000000000000000000002222022220000000000002000002000000220022002222200000000002020000002202222222222222222020000000000000002220000000000000000000000000000000000000000000
00000000000000000000000000000000000000000000000000002222222220000000000220000002222000222222222222222222002200000020222222222222222222200222220000200000000000000000000000000000000000000000000000002200
00000000000000000000000000000000000000000000000000002222222220000000000220200002220000022222222222222220002202000000222222222222222222220020220000200000000000000000000000022220000200022000000000002200
00000000000000000000000000000000000000000002200000002222202220002200000222220022000222222222222222222222000000020000020022222222222222222222222022200000000000000000000000000000000200020220000000000000
00000000000000000000000000000000000000000002200000002222202220002200000222202222020222222222222222222222222200000002202222222222222222022222220022000000000000000000200200000000000020200020200020200000
00000000000000000000000000000000000000000000200000002222020220222222200002222222220222222222222222222200222220002000202222222222222222020222222222222000000000000000022222000000000000000000000020000200
00000000000000000000000000000000000000000002000022000222222222222222222222202022222022222222222222222022222200200000000220220022222222000220222022200000000022220222222202200220220222002000000000000022
00000000000000000000000000000000000000000000000000000022222222222222222222200022222222202222222222222022220200000000000020202020002222000222220000000000000022220222222200200222000220000000000000000002
00000000000000000000000000000000000000000000000000000022222222222222222222022202002222222222222222200222222222022220202202222200002200002000220000000000000000222002222000000000000000000000000000000000
00000000000000000000000000000000000000000000000000000022022222222222222000002220002222222222222222200222222220022200222202222202002000000020220000000000000000222002222000002000000002220000000000000000
00000000000000000000000000000000000000000000000000000222222222222200022222022222220222222222222220000222222220022200000000000220002200000000202200000000002000022022202220222200000022000200000000000000
00000000000000000000000000000000000000000000000000000022022222222202022222022222220222222222222220000222222220022220000200000220002200000000002200000000000002220022200022222000000022000000000000000000
00000000000000000000000000000000000000000000000000002222222222222222200220002222222202222222222020000222220022222020220200000000000000000000000000000000000002202000000000002002222000000000000000000000
00000000000000000000000000000000000000000000000000000222222222222200022000202022222222222222222222220222020022222000220000000000000000000000000000000002002222200200000000000220200022000200000000000000
00000000000000000000000000000000000000000000000000000022222222222200022000200022220222222222222202202222000022222000222000000000000000000000000000000020002222200000000000000220000000000000000000000000
00000000000000000000000000000000000000000000000000000022222022222200000002222222222222222222020000000220220000220022000000000000002200000000000000022020222202000002200000000000000000000000000000000000
00000000000000000000000000000000000000000000000000000022222222222222002200022222222222222222000002000000220000220022000202000000002200000000000000022020222220000002200020000000000000000000000000000000
00020000000000000000000000000000000000000000000000000000022220000022000220222222222222222222000000022022220200022222020000000000002000000000000000000022202222000002000000000000000000000000000000000000
00000000000000000000000000000000000000000000000000000000022222020222000222222222222202222220000000022022220000022222000000000000000000000000000000000022222222000000000000000000000000000000000000000000
00000000000000000000000000000000000000000000000000000000022022202222000002222222202202022200000000020200002002222000000000000000000000000000000000200002200000000220000000000000000000000000000000000000
00000002000000000000000000000000000000000000000000002000002200202220000002200220200002202000000002200000000000022020000000000220000000000000000002220000200000000000000000000000000000000000000000000000
02000000200000000000000000000000000000000000000000000000002220002220000002200002000020002000000002220000002000022000000000000000000000000000000002220000000000000000000000000000000000000000000000000000
00000000000000000000000000000000000000000000000220002222000002002200000002220020000022022200000202020000000000000022000000000002000000000000000000022002000000000000022000000000000000000000000000000000
00000000000000000000000000000000000000000000000220002222000000002200000222220020020000022200000002200000000020000022020000000000000000000000000000022000000000000000022000000000000000000000000000000000
00000000000000000000000000000000000000000000022220220000000000000222000000000000000000000000000200000000000200000020000000000000000000000000000000000222200000000200000000000000000000000000000000000000
00000000000000000000000000000000000002000000222220220000002000000022000020000000000000000000000000000000000000000000000000000000000000000000000000000222200000000000000000000000000000000000000000000000
00000000000000000000000000000000000000022202000222002200000000002200002220202200000000000000000000000002000000000000000000000000000000000000000000000000000000000000000000000000000000000000000000000000
00000000000000000000000000000000022022002202022222222222022000220220022000000200220000000000000000000002000000000000000000000000220020000000000000000000000000000000000000000000000000000000000000000000
00000000000000000000000000000000222222202222022220222222002000220220022200000002220200000000000000000000000000000200000000000000220000000000000000000000000000000000000000000000000000000000000000000000
00000000200000000000000000000000022200220200020222222220222000222200000022220000222220000020000222000000000022222200220000000002200000000000000000000000000000000000000000000000000000000000000000000000
20222002200000000000000000000000022222200000002222222000222000222200022222222222220220200202000220000000000222222200220000000002000000000000000000000000000000000000000000000000000000000000000000000000
22000000000000000000000000000220222222220220022222222202222000200200022222222222222200022222000020000000002200000000000000020002000000000000220000000000000000000000000000000000000000000000000000000000
22000000000000000000000000000002222222220020002222202200200222222222222222220222220220020020000220000000220000000000000000000200000000000000000000000000000000000000000000000000000000000000000000000000
00000000000002000000000000000000222222222020000222202202000220222222222222200000000000000000000220000002220000000000000000000000000000000000000000000000000000000000000000000000000000000000000000000000
00000000000000000000000000000000222222222220002222000222222222002222222222002222222220000000002220002222200000000000022000000000000000000000000000000000000000000000000000000000000000000000000000000000
00000000000000200000000000000000222222222220000220200022222222222222022020222200222000000220000022200020000000000000000000000000000000000000000000000000000000000000000000000000000000000000000000000000
00000000200000200000000022000000222202220022200222020222022222222222222222222222002000000000000002222200000000000022200000020220002200000000000000000000000000000000000000000000000000000000000000000000
00000000200020020000000022000002222200222022202222000022022222222222222222222200000000000202000002222220000000000022000000022220002200000000000000000000000000000000000000000000000000000000000000000000
00000000022200022000000002200022220000022222000220222222222002222200000220000000000000022222000000000000000020000022000000000220000000000000000000022000000000000000000000000000000000000000000000000000
00000002022002022000020000000022000000002022222222022222222220000022000220000000000000022222000222220000002222200202000000000200020000000000000000000000000000000000000000000000000000000000000000000000
00000000000002200000000200002222222222000022222222222202222220000022000000000000000000002222000222200000002222200220000000000000200000000000000000000000000000000000000000000000000000000000000000000000
00000000000022200020000000002222222222000002222222222222022222222222022020000000000000000000220000000200000022220220000000000202220000000000000000000000000000000000000000000000000000000000000000000000
00000000000000000000000000002222222222220000022222222222022222222222022020000000000000000000220000000200000020000000000000000022220000000000000000000000000000000000000000000000000000000000000000000000
00000000000000000000000000002222222222220200022222222200220222222220000222200000000002000000000000022222002220200220000000000000000000000000000000000000000000000000000000000000000000000000000000000000
00000200000000000000000000002222222222002222222222222220222222222202200222220000000000000000000000222222200020002200000000000000020000000000000000000000000000000000000000000000000000000000000000000000
00000220000002000000020000002222220222022222200222222202202222222000000002200222000000000000000002200220222220000000000000000000022200000000000000000000000000000000000000000000000000000000000000000000
00000020000222220002222222222222222222222222202222202222222022222000000000020000000000000000000222222222020000000200000000000000000000000000000000000000000000000000000000000000000000000000000000000000
00000000000222220002200222222222222222222222202222202222222222220000000000020000000020000000000222222222000000000000000000000000000000000000000000000000000000000000000000000000000000000000000000000000
00000022000000000020020022222222222222222220000222222222222222220000000000000000000000000000000202000000000000000000000000000000000000000000000000000000000000000000000000000000000000000000000000000000
00000022000000000000000022222222222222222222222222222222222220000000000000000000200000000000002200000000000000000000000000000000000000000000000000000000000000000000000000000000000000000000000000000000
00000022200000000000022022220022222222220222000022222222222000000000000000000000000000000000000000000000000000000000000000000000000000000000000000000000000000000000000000000000000000000000000000000000
00000022200000000000022022220022222222220222220002222222222000000000000000000000000000000000000000000000000000000000000000000000000000000000000000000000000000000000000000000000000000000000000000000000
00000000200000000000000000000022222222220222022002222222222220000000000000000000000200000000000000000000000000000000000000000000000000000000000000000000000000000000000000000000000000000000000000000000
00000000020000000000000000220022222222222022202202222222220000000000000000000002002000000000000000000200000000000000000000000000000000000000000000000000000000000000000000000000000000000000000000000000
00000000002000000000200000220022222222220000000022222202220000000000000000000200002002000000000000002200000000000000000000000000000000000000000000000000000000000000000000000000000000000000000000000000
00000000000000000000022200222222200222222222222000222200022000000020000220002200000220000000000002200000000000000000000000000000000000000000000000000000000000000000000000000000000000000000000000000000
00000000000000000000000200222222200022222222222022222202022000000000000220002220000220000000000002200000000000000000000000000000000000000000000000000000000000000000000000000000000000000000000000000000
00000000000000000000002222222222002222222222202202222200022000000000022002202222000020000022000020200000000000000000000000000000000000000000000000000000000000000000000000000000000000000000000000000000
00000000000000000000000222222222222222222222200002222000002000220000000022222022000020000022000000220000000000000000000000000000000000000000000000000000000000000000000000000000000000000000000000000000
00000000000000002000000222222222222222222222000220002220000000220000002002222022000020000022000000000000000000000000000000000000000000000000000000000000000000000000000000000000000000000000000000000000
00200000000000020000000222222222222222222222000220200220000222202000022200200022000022200022000000000000000000000000000000000000000000000000000000000000000000000000000000000000000000000000000000000000
00200000000000000000022222222222222222222000002222220002020220202000022200000222000002200022220000000000000000000000000000000000000000000000000000000000000000000000000000000000000000000000000000000000
00200000000000002202222222202222222222220000000002200002222222222200222220002222220222222002002000000000000000000000000000000000000000000000000000000000000000000000000000000000000000000000000000000000
00000200000000000002202022222222220222000000000000000000222222222200220220202222222222220000022000000000000000000000000000000000000000000000000000000000000000000000000000000000000000000000000000000000
00000000000000200002202222222222220022000000000000000000222222222200200022202202220002000000000000000000000000000000000000000000000000000000000000000000000000000000000000000000000000000000000000000000
00220000002002222022202022222220222222000000000000000002222000220000000002000022220000000000000000000000000000000000000000000000000000000000000000000000000000000000000000000000000000000000000000000000
00220202000202222222200022222022222222000000000000000002220002220000000000000022220000000000000000000000000000000000000000000000000000000000000000000000000000000000000000000000000000000000000000000000
22222222000220000220022022222222222222000000000220000000220000000000000000002220000000000000000000000000000000000000000000000000000000000000000000000000000000000000000000000000000000000000000000000000
00222222000222222222220222222222222022220000000220000000020000000000000000002220000200000000000000000000000000000000000000000000000000000000000000000000000000000000000000000000000000000000000000000000
02220222000222222222220222222222220222220000000220200000000000000000000000202222000000000000000000000000000000000000000000000000000000000000000000000000000000000000000000000000000000000000000000000000
22222222200022202000022220222222220022222220002202220220000000000000000000022222000000000000000000000000000000000000000000000000000000000000000000000000000000000000000000000000000000000000000000000000
22002222202000000000022220222222222022222222000022220220000000000200000220020000000000000000000000000000000000000000000000000000000000000000000000000000000000000000000000000000000000000000000000000000
22222222200222202000000002222222222222222000000000222202020002222222222222200000000000000000000000000000000000000000000000000000000000000000000000000000000000000000000000000000000000000000000000000000
22222222220222202000002020222222222222222000000000022000000002222222222222200000000000000000000000000000000000000000000000000000000000000000000000000000000000000000000000000000000000000000000000000000
02220022022222222222222222222022222222220000000000220002200222220200002220000000000000200000000000000000000000000000000000000000000000000000000000000000000000000000000000000000000000000000000000000000
00220222022222222222222022222022222222000000000000000002200222220002002220000000000000000000000000000000000000000000000000000000000000000000000000000000000000000000000000000000000000000000000000000000
22222222222222200222200000002222222222200000000000020000000222222222222200000000000000000000000000000000000000000000000000000000000000000000000000000000000000000000000000000000000000000000000000000000
22222222022222222222200020002222222222000000000000000000002222222222222200000000000000000000000000000000000000000000000000000000000000000000000000000000000000000000000000000000000000000000000000000000
22222222222222202002222020002222222222220000000000000000000000222222222200000000000000000000000000000000000000000000000000000000000000000000000000000000000000000000000000000000000000000000000000000000
22222222222222200220222000022222222200000000000000000000002222222220222000000000000000000000000000000000000000000000000000000000000000000000000000000000000000000000000000000000000000000000000000000000
22002222222222002200000022222222222200000000000000000000000222220000022000000000000000000000000000000000000000000000000000000000000000000000000000000000000000000000000000000000000000000000000000000000
22202222222222200220000000222222222200000000000000000000022222000002220000000000000000000000000000000000000000000000000000000000000000000000000000000000000000000000000000000000000000000000000000000000
22220222222220000202200000022222002200000000020000000000022220000002200000000000000000000000000000000000000000000000000000000000000000000000000000000000000000000000000000000000000000000000000000000000
22220222222222000002200022222222222200000000002000000000000200000022200000000000000000000000000000000000000000000000000000000000000000000000000000000000000000000000000000000000000000000000000000000000
22222222222220000002202222222222020000000000000000000000000000022200200000000000000000000000000000000000000000000000000000000000000000000000000000000000000000000000000000000000000000000000000000000000
22222222220020000222222222022222222200000000000000000000000000002200000000000000000000000000000000000000000000000000000000000000000000000000000000000000000000000000000000000000000000000000000000000000
22222222200000002222200222002222222000000000000000000200000000220200000000000000000000000000000000000000000000000000000000000000000000000000000000000000000000000000000000000000000000000000000000000000
02222220022002222022222222222222222200000000022000022000200000222000000000000000000000000000000000000000000000000000000000000000000000000000000000000000000000000000000000000000000000000000000000000000
22222200000002222200222000222222222200000000222200022220000000222000200000000000000000000000000000000000000000000000000000000000000000000000000000000000000000000000000000000000000000000000000000000000
22222200222002200222222222222222222222000020022222220222200002222000020000000000000000000000000000000000000000000000000000000000000000000000000000000000000000000000000000000000000000000000000000000000
22222220222022202222222222222222222222200020000222200002200000200000200000000000000000000000000000000000000000000000000000000000000000000000000000000000000000000000000000000000000000000000000000000000
22222222022222222222222222022222220002222202022220000000000000000022000220000000000000000000000000000000000000000000000000000000000000000000000000000000000000000000000000000000000000000000000000000000
22222222222222222222222222202222220000222000022220000000000000002022000220000000000000000000000000000000000000000000000000000000000000000000000000000000000000000000000000000000000000000000000000000000
22222222022222222222202000222200200000220020002220000000000000002222000000000000000000000000000000000000000000000000000000000000000000000000000000000000000000000000000000000000000000000000000000000000
22222222022220000002220000222202200000220002022000000000000000002222000000000000000000000000000000000000000000000000000000000000000000000000000000000000000000000000000000000000000000000000000000000000
22022222000220000000000000020222220000000022222000000000000000000000000000000000000000000000000000000000000000000000000000000000000000000000000000000000000000000000000000000000000000000000000000000000
22022222020220000000000000002222220000000002202200000000000000000000000000000000000000000000000000000000000000000000000000000000000000000000000000000000000000000000000000000000000000000000000000000000
22000022000022000002000020002202222202000002222200000000000000000000000000000000000000000000000000000000000000000000000000000000000000000000000000000000000000000000000000000000000000000000000000000000
22000022000002200002000002022222222200000002222220000000000000000000000000000000000000000000000000000000000000000000000000000000000000000000000000000000000000000000000000000000000000000000000000000000
22220222000000000000000022200220020000000002222222202000000000000000000000000000000000000000000000000000000000000000000000000000000000000000000000000000000000000000000000000000000000000000000000000000
22220222000000000000000222000000222000000002222222200000000000000000000000000000000000000000000000000000000000000000000000000000000000000000000000000000000000000000000000000000000000000000000000000000
22222222000000000000022222202000022200000000000222222000000000000000000000000000000000000000000000000000000000000000000000000000000000000000000000000000000000000000000000000000000000000000000000000000
22222200000000000002222222200000000222002000000222202000000000002200000000000000000000000000000000000000000000000000000000000000000000000000000000000000000000000000000000000000000000000000000000000000
22002200000000000000222022000022000022002000000222202200000000002202000000000000000000000000000000000000000000000000000000000000000000000000000000000000000000000000000000000000000000000000000000000000
22202222222000000000022022222002000000002220022000022000022200002000000000000000000000000000000000000000000000000000000000000000000000000000000000000000000000000000000000000000000000000000000000000000
22022222022200000000000000222222200000002220022000222200022200000000000000000000000000000000000000000000000000000000000000000000000000000000000000000000000000000000000000000000000000000000000000000000
22002222222222200000000020000020220000000222200000020200020000000000000000000000000000000000000000000000000000000000000000000000000000000000000000000000000000000000000000000000000000000000000000000000
20000222002222000000000000000020220000000222200000000000002020000000000000000000000000000000000000000000000000000000000000000000000000000000000000000000000000000000000000000000000000000000000000000000
22000022022002220000000000000020000022000000000000000000000022022200000000000000000000000000000000000000000000000000000000000000000000000000000000000000000000000000000000000000000000000000000000000000
22000022022020000000002000000000000222000000000200000000000022002200000000000000000000000000000000000000000000000000000000000000000000000000000000000000000000000000000000000000000000000000000000000000
22220022222220002220000200220000000222222002200220000000000022220000000000000000000000000000000000000000000000000000000000000000000000000000000000000000000000000000000000000000000000000000000000000000
22222222222222000220000002222000002022222002220220000000000022220000000000000000000000000000000000000000000000000000000000000000000000000000000000000000000000000000000000000000000000000000000000000000
22320222200000022220000002222200000222220002222220000000000000000000000000000000000000000000000000000000000000000000000000000000000000000000000000000000000000000000000000000000000000000000000000000000
22220022202200022220020000222200000000220002222220000000000000000000000000000000000000000000000000000000000000000000000000000000000000000000000000000000000000000000000000000000000000000000000000000000
00222222222220022222222002222222220000000002222202000000000000000000000000000000000000000000000000000000000000000000000000000000000000000000000000000000000000000000000000000000000000000000000000000000
00222202222222022222222000222222220000202002222200000000000000000000000000000000000000000000000000000000000000000000000000000000000000000000000000000000000000000000000000000000000000000000000000000000
00000222222202222222200000222202020020220202222220000000000000202000000000000000000000000000000000000000000000000000000000000000000000000000000000000000000000000000000000000000000000000000000000000000
00000002222220022222222000022222200000222220222000020000222000002200000000000000000000000000000000000000000000000000000000000000000000000000000000000000000000000000000000000000000000000000000000000000
00020000222220000222222000002222200000222222022000000000022000002200000000000000000000000000000000000000000000000000000000000000000000000000000000000000000000000000000000000000000000000000000000000000
00000000000000000022222200002222202002220200000000000000200000222200000000000000000000000000000000000000000000000000000000000000000000000000000000000000000000000000000000000000000000000000000000000000
00000000000000000002222200002222220200220000002000000000000000222200000000000000000000000000000000000000000000000000000000000000000000000000000000000000000000000000000000000000000000000000000000000000
00000000000000000000000000222202002222222002022000000000020000022220000000000000000000000000000000000000000000000000000000000000000000000000000000000000000000000000000000000000000000000000000000000000
00000200000000000000002000222202222322322000022000000000000000002220000000000000000000000000000000000000000000000000000000000000000000000000000000000000000000000000000000000000000000000000000000000000
20000300000000000000000000222232222322200000022000000000000000002200000000000000000000000000000000000000000000000000000000000000000000000000000000000000000000000000000000000000000000000000000000000000
20000000000000000000000000222223222222000020022000202000000000002200000000000000000000000000000000000000000000000000000000000000000000000000000000000000000000000000000000000000000000000000000000000000
00000020000000000000000000002223220020022220002022000220000000000200000000000000000000000000000000000000000000000000000000000000000000000000000000000000000000000000000000000000000000000000000000000000
00000000000000000000000000003223330023020220000200002220000000000000000000000022022200000000000000000000000000000000000000000000000000000000000000000000000000000000000000000000000000000000000000000000
30300000000000000000000000000223233203002020000220000000000000000000000000000022002000000000000000000000000000000000000000000000000000000000000000000000000000000000000000000000000000000000000000000000
33000000000000000000000000000223333333332200020230000000000000000000000000002222022220000000000000000000000000000000000000000000000000000000000000000000000000000000000000000000000000000000000000000000
22000200000000000000000000003333333233223322222000020200000000000000000020002222022222002000000000000000000000000000000000000000000000000000000000000000000000000000000000000000000000000000000000000000
22000002020000000000000000003333323333322222222000000000000000000000000000000022220002020200000000000000000000000000000000000000000000000000000000000000000000000000000000000000000000000000000000000000
00000002200000000000000000222233332200323322200000000000000000000000020000000000220000222000000000000000000000000000000000000000000000000000000000000000000000000000000000000000000000000000000000000000
30330002302023000000000000223333323330322033203000000000000000000000000000000000000000200000000000000000000000000000000000000000000000000000000000000000000000000000000000000000000000000000000000000000
32330332022223000000000000023332223333333023003320000000000000000000000000002000000000000000000000000000000000000000000000000000000000000000000000000000000000000000000000000000000000000000000000000000
43322303200220200000000000222333333333333330023322200000020000000000000000222000000000000000000000000000000000000000000000000000000000000000000000000000000000000000000000000000000000000000000000000000
44322300200220000000000000222233333333333320032323200000020000000000000000022000000000000000000000000000000000000000000000000000000000000000000000000000000000000000000000000000000000000000000000000000
44332222330030022220000222232233333333333333232330022000000000000000000022002000000000000000000000000000000000000000000000000000000000000000000000000000000000000000000000000000000000000000000000000000
44333332302000032220202322222333443333333332322333322000000000000000000000220000000000000000000000000000000000000000000000000000000000000000000000000000000000000000000000000000000000000000000000000000
44332322032230000000000222223433443433333333332002320000000000000000000202220220002020000000000000000000000000000000000000000000000000000000000000000000000000000000000000000000000000000000000000000000
44433332233333000000000232232444444434333232332033230000000002000000000202200220000000000000000000000000000000000000000000000000000000000000000000000000000000000000000000000000000000000000000000000000
44443332333330030000000223234444444343333333333023322000002222220022000000020002200020000022000000000000000000000000000000000000000000000000000000000000000000000000000000000000000000000000000000000000
44443332333333330000000223344344444444433333300200032000202222222022000002000002200020000022000000000000000000000000000000000000000000000000000000000000000000000000000000000000000000000000000000000000
44443333343434323320000023444334444443323230332320000000000000000020000000000000000000002022000000000000000000000000000000000000000000000000000000000000000000000000000000000000000000000000000000000000
44443343343433344420002023422343444443330330022220000000000020022000000000000000000000000020000000000000000000000000000000000000000000000000000000000000000000000000000000000000000000000000000000000000
44444334444343444442222223443334444443432223300000000220020000002000000000000000000000000000000000000000000000000000000000000000000000000000000000000000000000000000000000000000000000000000000000000000
34444344444433343443222023444334444444443333220200000220020200022000000000000002220000000000000000000000000000000000000000000000000000000000000000000000000000000000000000000000000000000000000000000000
34444444333443344344322223445534444444444433333223200322202022022020220000000002220000022200000000000000000000000000000000000000000000000000000000000000000000000000000000000000000000000000000000000000
34443344443344444444333334555543444444444443333222220322200022000202220000000002200000022200000000000000000000000000000000000000000000000000000000000000000000000000000000000000000000000000000000000000
44434344444344444444454553555555444444344444333232222002232000022222000000022000020002200000000000000000000000000000000000000000000000000000000000000000000000000000000000000000000000000000000000000000
43344444444444445455554455555555544444444434333223222003330000002222000000022000000002202000000000000000000000000000000000000000000000000000000000000000000000000000000000000000000000000000000000000000
43333444444444445455554434445555444344232334303333332332222200000000220000000000000000022000000000000000000000000000000000000000000000000000000000000000000000000000000000000000000000000000000000000000
44432344444444455555554344434344444443322333300002322200222200000000000000000000000000020000000000000000000000000000000000000000000000000000000000000000000000000000000000000000000000000000000000000000
33323444444444445544454443322344444444333303330000032000022220000000000000000000000000000000000000000000000000000000000000000000000000000000000000000000000000000000000000000000000000000000000000000000
33433444444444444444444444442444344443323233202002303000000002000000000000000000000000000000000000000000000000000000000000000000000000000000000000000000000000000000000000000000000000000000000000000000
43444444444444444444444445543443344433333233200002200000000000000000000000000000000000000000000000000000000000000000000000000000000000000000000000000000000000000000000000000000000000000000000000000000
33244444444444444444444455555554444433330233200000000000000022000000000000000000000000000000000000000000000000000000000000000000000000000000000000000000000000000000000000000000000000000000000000000000