00000000000000000000000000000000000000000000000000000000000000000000000000000000000000000000323444443344444444444433333333333333332202000000000022222222022000220000000000000000000000000000000000000000
00000000000000000000000000000000000000000000000000000000000000000000000000000000000000000220003444444444444444444433333333333333322222200000000222222222222200000000000000000000000000000000000000000000
00000000000000000000000000000000000000000000000000000000000000000000000000000000000000000222333444444444444444444443333333333333222222200000000222222222222200000200000000000000000000000000000000000000
00000000000000000000000000000000000000000000000000000000000000000000000000000000000000023322333444444444444444444443333333333333222222222200002222222222222022202200000000000000000000000000000000000000
00000000000000000000000000000000000000000000000000000000000000000000000000000000000000023322333444444444444444444444333333333332222222202000022222222222222000000222000000000000000000000000000000000000
00000000000000000000000000000000000000000000000000000000000000000000000000000000000003322333333444444444444444444444333333333322222222200000022222222222222000000022000000000000000000000000000000000000
00000000000000000000000000000000000000000000000000000000000000000000000000000022222222222233333444444444444444444444333333332222222222222200002222222222002220002222000000000000000000000000000000000000
00000000000000000000000000000000000000000000000000000000000000000000000000000022222222222223333444444444455444444443333333332222222222002220000002222220000220002222000000000000000000000000000000000000
00000000000000000000000000000000000000000000000000000000000000000000000000000222222022022003333344444444555554444443333333322222222222222200000000022220000000002222000000000000000000000000000000000000
00000000000000000000000000000000000000000000000000000000000000000000000000002222222022022003333344444445555555444443333333222222222222222200000000002200000000002222000000000000000000000000000000000000
00000000000000000000000000000000000000000000000000000000000000000000000000022222222222000203333334444445555555444433333322222222222222002200000220000000000002000022000000000000000000000000000000000000
00000000000000000000000000000000000000000000000000000000000002000000000000022222222222000222223333344445555555444333333222222222222220000000000000000000000000000000000000000000000000000000000000000000
00000000000000000000000000000000000000000000000000000000000002000000000000022222222222002222222222234444555554443333322222222222222220000000000000000000000000000000000000000000000000000000000000000000
00000000000000000000000000000000000000000000000000000000000022200000000002222222222222200222222222344444555544423222222222222222222020000000000000000000000000000000000000000000000000000000000000000000
00000000000000000000000000000000000000000000000000000000000022200000000002222222222222222222222222224445555544322022222222222222222200000000000000000000000000000000000000000000000000000000000000000000
00000000000000000000000000000000000000000000000000000000220022220000000002222222222222222222222322224455555554332222222222222222222200000000000222000000000000000000000000000000000000000000000000000000
00000000000000000000000000000000000000000000000000000000220022220000000002222222222222222223222322224445555554432220222222222222202220000000000222000000000000000000000000000000000000000000000000000000
00000000000000000000000000000000000000000000000000000000000000220000000022222222222222222223322333344444555544443320022222220002202222200000000000000000000000000000000000000000000000000000000000000000
00000000000000000000000000000000000000000000000000000022000002222000222222222222222222222233333333334445555444443333222222220000000022222202200000000000000000000000000000000000000000000000000000000000
00000000000000000000000000000000000000000000000000000022000002222020222222222222222222222222222333334444444444444333332222220000000022002202200000000000000000000000000000000000000000000000000000000000
00000000000000000000000000000000000000000000000000000000000002200022002222222222222222222222223333344434444444443333333222222220000000000000000002000000000000222200000000000000000000000000000000000000
00000000000000000000000000000000000000000000000000000000222002200022022222222222222222222222233333444434444444443323333322222222000000000000000002000000000000222200000000000000000000000000000000000000
00000000000000000000000000000000000000000000000000000000222220000000222222222222222222222223333444444344444334443222333222222222222200000000000000000002200000220000000000000000000000000000000000000000
00000000000000000000000000000000000000000000000002200000222222220022222222222222222222222233333344444344444334433322233322222222222222200000000000000002200000220000000000000000000000000000000000000000
00000000000000000000000000000000000000000000002222200000002222220222222222222222222222223333333444443444444334333332233320222222200222220020000000000000000002000000000000000000000000000000000000000000
00000000000000000000000000000000000000000000022200022200002222222222222222222222222222233333333344434444444334333333223322202000000002222222200000000000000000000000000000000000000000000000000000000000
00000000000000000000000000000000000000000000000202222220022222222222222222222222222222333333333444434444444434333333222322202200000000222222200000000000000000000000000000000000000000000000000000000000
00000000000000000000000000000000000000000000002222222220222222222222222222222222222233333333344444344444444433333333322232222002200000000222222002000000000000000000000000000000000000000000000000000000
00000000000000000000000000000000000000000000002222222202222222222222222222222222223333333333444444344444444433333333332222222202200000000222222222000000000000000000000000000000000000000000000000000000
00000000000000000000000000000000000000000000002022222222202222222222222222222222233333333344444443444444433333333333333222222220000000002220222222220000000000000000000000000000000000000000000000000000
00000000000000000000000000000000000000000000000002222222200022222222222222222222233333333334444433443334333333333333333222232220000000222222220222220000000000000000000000000000000000000000000000000000
00000000000000000000000000000000000000000000000022222222200222222222222222222333333333333344444434333333334333333333332322222222000000220020222220220000000000000000000000000000000000000000000000000000
00000000000000000000000000000000000000000000000022222222222222222222222222223333333333334443344334444443333333333333332332222222200000000002222222200000000000000000000000000000000000000000000000000000
00000000000000000000000000000000000000000000002022222222222222222222222222233333333333333433333444444444333333333333333332222222200000000002222222200000000000000000000000000000000000000000000000000000
00000000000000000000000000000000000000000000022222222220222022222222222223333333333333333333333444444444333333333333333332222222022000002200000022200020022000000000000000000000000000000000000000000000
00000000000000000000000000000000000000000000022222222222222222222222222223333333333333333333333444444444333333333333333332222222222000002200000002200020022000000000000000000000000000000000000000000000
00000000000000000000000000000000000000000000002202222222222222222222222222333333333333333333344444444444333333333333333332200002222200000000000000222200022000000000000000000000000000000000000000000000
00000000000000000000000000000000000000000000002222222222222222222222223322333333333333333333344444444444433333333333333322222022222200000000000000002222220000000000000000000000000000000000000000000000
00000000000000000000000000000000000000000000000222222222222222222222223233333333333333333333344444444444443333333333333223332222222222000000000000002202220000000000000000000000000000000000000000000000
00000000000000000000000000000000000000000000000222222222222202222223323333333333333333333333344445555444444333333333330223322222222222000000000000000000022000000000000000000000000000000000000000000000
00000000000000000000000000000000000000000000000222222222222222222233223333333333333333333333344455555544443333333333330033222222222222000000000000000000022000000000000000000000000000000000000000000000
00000000000000000000000000000000000000000000000000222222222222222222233333333333333333333333344455555544444333333333222332222222222220002200000000000000000000000000000000000000000000000000000000000000
00000000000000000000000000000000000000000000000000022222222222222223333333333333333333333333344455555544443333333332322232222202222200002200000000000000000000000000000000000000000000000000000000000000
00000000000000000000000000000000000000000000000000000222222223333333333333333333333333333334444455555444433333223333222332222220002222222220000000000000000000000000000000000000000000000000000000000000
00000000000000000000000000000000000000000000000000000222222222333333333333333333333333333344445555554443333332223332222332222222200222000002200000000000000000000000000000000000000000000000000000000000
00000000000000000000000000000000000000000000000000002222222222333333333333333333333333333344445555554443333333333332232222222222200222000022200000000000000000000000000000000000000000000000000000000000
00000000000000000000000000000000000000000000000000000222222222233333333333333333333333333444445555554443333333232000033322232222222002000222222000000000000000000000000000000000000000000000000000000000
00000000000000000000000000000000000000000000000000000222222222223333333333333333333333334444444555544443333332222003333332222222222000022222222200000000200000000000000000000000000000000000000000000000
00000000000000000000000000000000000000000000000000000022222222223333333333333333333333334444444455444443333332233333333333222222222200222220222220000002200220000000000000000000000000000000000000000000
00000000000000000000000000000000000000000000000000000022220022222333333333333333333333333444444444444443333333333333333332322222222200222222222220000002200220000000000000000000000000000000000000000000
00000000000000000000000000000000000000000000000000000022220222222233333333333333333333334444444444444444333333333333332322222000000022222222022022220000000000000000022200000000000000000000000000000000
00000000000000000000000000000000000000000000000000000000220022222223333333333333333333334444444444444444333333333322232222222222200000002222000222222222000000000000002222000000000000000000000000000000
00000000000000000000000000000000000000000000000000000000222022222223333333333333333333334344444444444443333333333332222232222222200000002220002222222222220000000000000220000000000000000000000000000000
00000000000000000000000000000000000000000000000000000000000002222222333333333333333333333344444444443333333333333332222202222222022200002202222222222222222220000000000022200000000000000000000000000000
00000000000000000000000000000000000000000000000000000000000002222222233300333333333333333333444344333333333333333333322200022222222220002222222222222222222222000000000022200000000000000000000000000000
00000000000000000000000000000000000000000000000000000000000002222222233333330333333333333333343333333333333333333333332200002222222222000002022222222222222220000022022222200000000000000000000000000000
00000000000000000000000000000000000000000000000000000000000000022222223333333233333333333333333333333333333333333333222222222222222200000020022222222222222222000000222222000000000000000000000000000000
00000000000000000000000000000000000000000000000000000000000000022222223333333223333333333333333333333333333333333333222222222222200000000022220222222222222222200000222220000000000000000000000000000000
00000000000000000000000000000000000000000000000000000000020000000232222333333332333333333333333333333333333333333333222222222222000000000002200222222222222000222222222220000000000000000000000000000000
00000000000000000000000000000000000000000000000000000000000300000233222233332332233333333333333333333333333333333333322222222202000000000002222222222222222220222222222220000000000000000000000000000000
00000000000000000000000000000000000000000000000000000000000020000033222222332333223332333333333333343333333333333333322222222200000000000002222222222222222222222000222000000000000000000000000000000000
00000000000000000000000000000000000000000000000000000000000023330323222223333333223333333333333334444333333333333333222222002000000000000002222222222222222222222220222002000000000000000000000000000000
00000000000000000000000000000000000000000000000000000000000002333323322233333233333333333333333444444343333333333332222222000000000000000000222222222222222222222222222222200000000000000000000000000000
00000000000000000000000000000000000000000000000000000000000002333300222233333333333333333333333444444444333333333332222222220000000000000000022222222222222222222222222222220000000000000000000000000000
00000000000000000000000000000000000000000000000000000000000002333332202223333333333333333333444444444444433333333332222222220000000000000000022022222222222222222222222222222000000000000000000000000000
00000000000000000000000000000000000000000000000000000000000000333333200033333333333333333333344444444444443333333222222222220000000000002200000222222222222222222222222222220000000000000000000000000000
00000000000000000000000000000000000000000000000000000000000000333333302233333333333333333344444444444444444333333222222222220000000000002200000220222222222222222222222222222000000000000000000000000000
00000000000000000000000000000000000000000000000000000000000000033333332033333333333333333344444444444444444333333222222222222200000000000000000000222222222222222222222222222200000000000000000000000000
00000000000000000000000000000000000000000000000000000000000000033333223333333333333333333444444444444444444333332222222222222220000000000000000000222222222222222222222222222222200000000000000000000000
00000000000000000000000000000000000000000000000000000000002200023323333333333333333344334444444455444444444333333222222222222222200000000000000000002222222222222222222222222222200000000000000000000000
00000000000000000000000000000000000000000000000000000000000022202200333333333333333334444444444555554444444333333222222222200222222200000000000000000222222222222222222222222222200000000000000000000000
00000000000000000000000000000000000000000000000000000000020002200230233333333333333344444444445555554444444333333322222222220222222200002000000000000022222222222222222222222222200200000000000000000000
00000000000000000000000000000000000000000000000000000000002200000022333333333333333444444444455555555444443333333322222222220222222222002000000000000022222222222222222222222222222000000000000000000000
00000000000000000000000000000000000000000000000000000002002200000022233333333333333444444445555555555444433333333322222222220222222222222000000000000022222222222222222222222222222200000000000000000000
00000000000000000000000000000000000000000000000000022022220220000002223333333333334444444455555555554444433333333322222222222222222222222200000000000222222222222222222222222222222222002200000000000000
00000000000000000000000000000000000000000000000000022222222222000222223333333333334444444455555555444443333333332222222222222222222222222200000000002222222222222222222222222222222222222220000000000000
00000000000000000000000000000000000000000000000000022022222222200033333333333333333444444444555555544443333333322222222222222220022222200220000000002222222222222222222222222222222222222222000000000000
00000000000000000000000000000000000000000000000000022022222222220023333333333333333344444444555555554444333333322222222222222222222222220000000000002222222222222222222222222222222222222222000000000000
00000000000000000000000000000000000000000000000000022002222222222023333333333333333344444444455555554444333333322222222222222222222222220000000000002222222222222222222222222222222222222222000000000000
00000000000000000000000000000000000000000000000000000022222222222023333332333333333334444444455555544444433333332222222222222222202022200000000002202222222222222222222222222222222222222222220000000000
00000000000000000000000000000000000000000000000000000022202222222233333333333333333333444444445555544444433333333222222222222222222000000000000002022222222222222222222222222222222222222222222000000000
00000000000000000000000000000000000000000000000000000022000000222222333333333333333333344444444444444444433333333222222222222222222000000000000002022222222222222222222222222222222222222222000000000000
00000000000000000000000000000000000000000000000000000000000002222222233333233333333333344444444444444444433333332222222222222200200000000000000002222222222222222222222222222222222222200000000000000000
00000000000000000000000000000000000000000000000000000000000002222222222222333333333333334444444444444444433333322222222222220000000000000000000000222222222222222222222222222222222222220000000000000000
00000000000000000000000000000000000000000000000000000000000002222222222222223333333333334444444444444444333333322220002222222000000000000002200000222222222222222222222222222222222222222000000000000000
00000000000000000000000000000000000000000000000000000000000222222222222222222233333333333444444444444444333333222220002222222000000000000002200000222222222222222222222222222222222222222200000000000000
00000000000000000000000000000000000000000000000000000000002222222222222222222223333333333344444444444443333333322222222222220000000000000000000002002222222222222222222222222222222222222200000000000000
00000000000000000000000000000000000000000000000000000000002222222222222222222233333333333333444444444433333333322222222222222000000200000000000002002222222222222222222222222222222222222200000000000000
00000000000000000000000000000000000000000000000000000000000222022222222222222333333333333333444444443333333333322022222222222220000000000020022002002222222222222222222222222222222222222200000000000000
00000000000000000000000000000000000000000000000000000200002202222200222222223233333333333333334433333333333333300022222222222222222000000020000000000222222222222222222222222222222222222220222000000000
00000000000000000000000000000000000000000000000000002220002202200000222222232233233333333333334333333333333333200022222222222222222000000220000000002202222222222222222222222222222222222222222000002200
00000000000000000000000000000000000000000000000000222222220000000022222222333332233333333333443443333333333332200022222202222220222000222200000000022202222222222222222222222222222222222000222220022222
00000000000000000000000000000000000000000000000000222222220000000022222222333333333333333334444443333333333332200000222220222222222002222200000000022202222222222222222222222222222222222022222222222222
00000000000000000000000000000000000000000000000000022222222200000000222223333333333333333344444444333333333322200002002222002222222200000222200000220020000222222222222222222222222222222222222222222222
00000000000000000000000000000000000000000000000000022222222200000000222223333333333333333444444444433333333322200002002222222222222200000220000000220020000222222222222222222222222222222222222222222222
00000000000000000000000000000000000000000000000000000022222200000022022222333333333333334444444444433433333222200002200022222222200000000020000000000000000222222222222222222222222222222222222222222222
00000000000000000000000000000000000000000000000000000002220020000000002023333333333333334444444444434433222222000222020000222202220000000000000000000000022222222222222222222222222222222222222222222222
00000000000000000000000000000000000000000000000000000000220020000000000222233333333333334444444444444433222222000220022000222002200000000200000000000000022222222222222222222222222222222222222222222222
00000000000000000000000000000000000000000000000000000000000000000000000222223333333333334444444444444332222200002220022200000222000000000000000000000000000002222222222222222222222222222222222222222222
00000000000000000000000000000000000000000000000000000000000000000000000222222333333333444444444444444332222220002220222220000220000000000000000000000000000002222222222222222222222222222222222222222222
00000000000000000000000000000000000000000000000000000000000000000000222202333333333344444444445554443332222222222220222222000002200000000000000000000000000000000000222222222222222222222222222222222222
00000000000000000000000000000000000000000000000000000000000000000000222222223333333444444444455555444333222222222222222222000002200000200000000000000000000000000000022222222222222222222222222222222222
00000000000000000000000000000000000000000000000000000000000000000000022222323333334444444444555555544432222222222002222020000000000002222222200000000000000000000000022222222222222222222222222222222222
00000000000000000000000000000000000000000000000000000000000000000000002233333333444444444455555555544443222222220000000000000000000200000000022000000000000000000000022222222222222222222222222222222222
00000000000000000000000000000000000000000000000000000000000000000000002233333333444444444555555555444332202222220000000000000000000200000000022200000022000000000000222222222222222222222222222222222222
00000000000000000000000000000000000000000000000000000000000000000000000023333333444444444555555554443320002022000000000000000000000000000000000000000000000000000000222202222222200222222222222222222222
00000000000000000000000000000000000000000000000000000000000000000000022003333333334444444455555555443330000022000000000000000000000000000000000000000000000000000000222002222222222222222222222222222222
00000000000000000000000000000000000000000000000000000000000000000022222203333333334444444445555555444333202222200000000000000002000000000000000000000000000000000000020000222222022202222222222222222022
00000000000000000000000000000000000000000000002000000022000020000022222333333333333444444444555555444333322222220000000000000000000022000020000000000000000000000000022000022222022002222222200222220002
00000000000000000000000000000000000000000000002000000022000020000022222202333333333334444444555555444433322222220000000000000000000020000020000000000000000000000000022000000222022002202222200222200000
00000000000000000000000000000000000000000000002222202022000000000022220002223333333333444444455544444433302200002000000000000000000000000000000000000000000000000000000000002222000000000000000002222222
00000000000000000000000000000000000000000000002222220022022000000022220002233333333333444444444444444333333200002000000000000000000000000000000000000000000000000000000000002222000000000000000002222222
00000000000000000000000000000000000000000000002002222222222220000022002202333323333333444444444444444433330000222200000000000000000000000000000000000000000000000000000000002222000200000000000000022200
00000000000000000000000000000000000000000000002002222222222220000022022222223333333333444444444444444433220000222200000000000000000000000000000000000000000000000000000000002222000000000000000000022220
00000000000000000000000000000000000000000000002222022202222222000200222222223333333333344444444444444433220000022200000000000000000000000000000000000000000000000000000000000020000000000000000000000222
00000000000000000000000000000000000000000000000222202220222222222000222222233333333333344444444444433333322200022222200000000000000000000000000000000000000000000000000000000000022000000000000000222022
00000000000000000000000000000000000000000000000222200222222022222002222222223333333333334444444444333333332230022222220000000000000000000000000000000000000000000000000000000000022200200000000000222022
00000000000220000000000000000000000000000000000222222022220020222222200000033333333333333344443433333233333200222222220000000000000000000000000000000000000000000000000000000000000022200000000000002000
00000000000222200000000000000000000000000000000222022222220020022222000000222333333333333344344333333233333203322222200000000000000000000000000000000000000000000000000000000000000002200000000000000000
00000000000220220000000000000000000000000000000222222202222220000022000022222333333333333334333333333333330003222222200000000000000000000000000000000000000000000000000000000000022000200000000000000000
00000000000222220000000000000000000000000000220222222222222220000022000222333333333333333333434333333333330002222222200000000000000000000000000000000000000000000000000000000000022222200000000000000000
00000000000222022002222220000000000220000022220222222222222222200000002222233333333333333344444333333333330022220000000000000000000000000000000000000000000000000000000000000000022222200000000000000000
00000000022222002222222222222222002222200000000222222222222222222000000222223333333333333444444433333333320003000002200000000000000000000000000000000000000000000000000000000000000200000000000000000000
00000000022222000222222222222222002222200000000222222222222222222200000022223333333333334444444444333333333002000002200000000000000000000000000000000000000000000000000000000000000000000000000000000000
00000000000220000002222220002222002222220000002222222222222222222222222222222233333333344444444444444443333300222220000000000000000000000000000000000000000000000000000000000000000000000000000000000000
00000000000220022202222220002222022222222000002222222222222222222222222222222222333333344444444444444443322220232220000000000000000000000000000000000000000000000000000000000000000000000000000000000000
00000000000000222222202000002222222222222222222222222222202222222222222222222222223333344444444444444443322222223000000000000000000000000000000000000000000000000000000000002200000000000000000000000000
00000000002222222222202222022222222222222222222222222222202222222022222222222222222333344434444444444443332222222000000000000000000000000000000000000000000000000000000000002200000000000000000000000000
00000200002220000022222222222222222222222222222222222222222002222222222222222222222222334444444444444443333330000000000000000000000000000000000000000000000000000000000000000000000000000000000000000000
00002222002000002222222222222222222222222222222222222222220000000002222222222222222222223344444444444444433332000000000000000000000000000000000000000000000000000000000000000000000000000000000000000000
00002220220000002222222222222202222222222222222222222222220000000000222222222222222222222334444444444444444332000000000000000000000000000000000000000000000000000000000000000000000000000000000000000000
00000200222222222222222222222222222222222222222222222222000000000000000000002222222222222333444444444444444332000320000000000000000022000000000000000000000000000000000000000000000000000000000000000000
00000000222222222222222222222222222222222222222222222222200002220000000000002222222222222234444444554444443322033220000000000000000022000000000000000000000000000000000000000000000000000000000000000000
00000002220222222222222222222222222222222222222222222222222222222222220002222222222222222232344445555544444332333300000000000000000000000000000000000000000000000000000000000000000000000000000000000000
00000022222222222222222222222222222222222222222222222222222222222222222222222222222222222222344455555544443333333322220000000000000000000000000000000000000000000000000000000000000000000000000000000000
00000222222222222222222222222222222222222222222222222222222222222222222222222222220222222222234455555554444333333322220000000000000000000000000000000000000000000000000000000000000000000000000000000000
00000222222222222222222222222222222222222222222222222222222222222222222222222222222222222222234455555554443333222222222000000000000000000000000000000000000000000000000000000000000000000000000000000000
00000022222222222222222222222222222222222222222222222222202222222222222222222222222222222222334445555544443333222222222000000000000000000000000000000000000000000000000000000000000000000000000000000000
00000000002222222222222222222222222222222222222222222222002222222022222222222222202222200000002444555544443333220000000023000000000000000000000000000000000000000000000000000000000000000000000000000000
00000002022222222222222222222222222222222222222222222222222222222222222222222222202222200000223445555554444333220000000022000000000000000000000000000000000000000000000000000000000000000000000000000000
00000022222222222222222222222222222222222222222222222222222220222222222222222222222000000223333445555554444432220000000000000002200000000000000000000000000000000000000000000000000000000000000000000000
00000022222222222222222222222222222222222222222222222222222002002222222222222222220022223333333445555554444433222222200000000000000000000000000000000000000000000000000000000000000000000000000000000000
00000022222222222222222222222222222222222222222222222222222220000222222222222222222222333333334445555554444433222222200000000000000000000000000000000000000000000000000000000000000000000000000000000000
02200222222222222222222222222222222222222222222222222222222200000000222222222222222222333333444444555544444443322220230000000000000000000000000000000000000000000000000000000000000000000000000000000000
22200222222222222222222222222222222222222222222222222222222200000000222222222222222233333333444444444444444433332222000000000000000000000000000000000000000000000000000000000000000000000000000000000000
22202222222222222222222222222222222222222222222222222222220000000022222222222222222233333333344444444444444433332222200000000220000000000000000000000000000000000000000000000000000000000000000000000000
22222222222222222222222222222222222222222222222222222222220000000022222222222222222333333333344334444444444333332322200000000220000000000000000000000000000000000000000000000000000000000000000000000000
22222222222222222222222222222222222222222222222222222222222200000000222222222222223333333333343332234444444333332200000000000000000200000000000000000000000000000000000000000000000000000000000000000000
22222222222222222222222222222222222222222222222222222222222200000000022222222222222333333333333332234444444333332000000000003000000000000000000000000000000000000000000000000000000000000000000000000000
22222222222222222222222222222222222222222222222222222222222200000000022222222222222333333333333333334444333333332000000000002000000000000000000000000000000000000000000000000000000000000000000000000000
22222222222222222222222222222222222222222222222200000000000000022222022222222222223333333333323333333333333333333222200032000000000000220000000000000000000000000000000000000000000000000000000000000000
22222222222222222222222222222222222222222222222000000000000000022222022222222222223333333333322223333333333333333322330323300003222000220000000000000000000000000000000000000000000000000000000000000000
00222222222222222222222222222222222222222222222000000000000000000222222222222222223333333333322222333333333333333332333333332233332222220000000000000000000000000000000000000000000000000000000000000000
22222222222222222222222222222222222222222222222220000000000000000222222222222222223333333333332222033333333333333333333333333332232222222220000000000003303000000000000000000000000000000000000000000000
22222222222222222222222222222222222222222222222222222000000000000022222222222222223333333333332222223333333333333333333333333333333223333333300333233333333330030000000000000000000000000000000000000000
22222222222222222222222222222222222222222222222222222220000002200022222222222222223333333333322222223333333333333443333333333333333333333333332333333333332220233332000000000000000000000000000000000000
22222222222222222222222222222222222222222222222222222022002222200222222222222222233333333233322222223333443333334443333333333332033333333333333333333333332220230032000000000000000000000000000000000000
22222222222222222222222222222222222222222222222222222222222022200022222222222222233333333222222222233333344433334344433333322230003333333333333333333333333330000333000003300000000000000000000000000000
22002222222222222222222222222222222222222222222222222222220022222222222222222222233333333222222222233333334443334444443333333333003332333333333333333333333330000333300033300000000000000000000000000000
02222222222222222222222222222222222222222222222222220222202202222022222222222222223333333222222223223333334444444444443333333333323300333333333333333333333303003333322333300000000000000000000000000000
02222222222222222222222222222222222222222222222222220222200002222022222222222222233333333232222223332333344444444444443333333333333300333333333333333333322233323333333333300000000000000000000000000000
22222222222222222222222222222222222222222222222222200022000002222222220222222222223333333332220223333333344444444444443333333333333000333333333333333333332222333333333333300000000000000000000000000000
22222222222222222222222222222222222222222222222222200000000000002022220222222222222333333330022022333333444444444444443333333233343332333333333333333333333032323333333333330000000000000000000000000000
20222222222222222222222222222222222222222222222222220000000000220022220222222222222333333330002022233333444444454444443333333233343332333333333333333333333302233333333333030000000000000000000000000000
20222222222222222222222222222222222222222222222222222000000000022022222222222222222223333320000202233333444445555544443333333332334433333333334333333333333332333333333333330000000000000000000000000000
20222222222222222222222222222222222222222222222222222000000000022022222222222222222333333320000022233333344445555544444333333332333433333333344333333333333333333333333333330000000000000000000000000000
00002222222222222222222222222222222222222222222222000000220000000020022222222222222333333300000022222333344445555544444443333333233443333333344333333333333333333333333333330000000000000000000000000000
20002222222222222222222222222222222222222222222222200000000002000022222222222222222233333000000002222233334445555544444444333333333344333333334433333333333333333333333333330000000000000000000000000000
20002222222222222222222222222222222222222222222222200000000000000002222222222222222233333000000002222233334444555544444444433333300344433333334433333333333333333333333333330000000000000000000000000000
00000222222222222222222222222222222222222222222000000000000000000222222222022222222223322000000002222233333344555554444444443334333344433333334443333333333333333333333333330000000000000000000000000000
20000222222222222222222222222222222222222222222200000000000000000222222222022222222223322000000002222233233344555554444444444443333333433332333433333333333333333333333333320000000000000000000000000000
22000022222222222222222222222222222222222222222220000000000002200022002222022222222222220000000002222233333344555554444444444444333333343333333433333333333333333333333333330000000000000000000000000000
22200000222222222222222222222222222222222222222222000000000002200022002222022222222222200000000002220233333444455544444444444444443333344333333333333333333333333333333333330000000000000000000000000000
22222002222222222222222222222222222222222222222222222000000000000000220000222002222222220000000022220233333444444444444444444444444333344433333333333333333333333333333333333000000000000000000000000000
02222222222222222222222222222222222222222222222222200000000000022200222220000222222222200000000022222233333333444444444444444444444443344443333333343333333333333333333333332200000000000000000000000000
00222222222222222222222222222222222222222222222222200200000000022200002220002022222222200000000022223233333233444444444444444444444444334443343333433333333333333333333333332200000000000000000000000000
00220222222222222222222222222222222222222222222222200020000000000000002200022222222222200000000022222233332223444444444444444444444444334444444334433333333333333333333333333220000000000000000000000000
00220222222222222222222222222222222222222222222222200020000000000000002200022222222222200000000022223233332223334444444444444444444444334444444444443333333333333333333333333220000000000000000000000000
00000002222222222222222222222222222222222222222222000000000000000000002200002220002222000000000022222223222222333433444444444444444444444444444344433333333333333333333333333000000000000000000000000000
00000000222222222222222222222222222222222222222222200000000000000000002200022220002222000000000022222222222222333333344444444444444444444333443444333333333333333333333333333000000000000000000000000000
00000000022222222222222222222222222222222222222222202000000000000000000000000000000222000000000022222222222222223333344444444444444444444333333443344333333333333333333333333200000000000000000000000000
00222202222222222222222222222222222222222222222220000200002200000000000000000000222222000000000022222222222022022333344444444444444444444333333333444433333333333333333333333222000000000000000000000000
00222202222222222222222222222222222222222222222000000200002200000000000000000000222222000000000022222220022000002233444444444444444444444432333334444433333333333223333333333222000000000000000000000000
00022002222222222222222222222222222222222222222200022000022200000000000000000000000020000000000022222220002222223333444444444444444444444433333344444333333333222333333333333222000000000000000000000000
00022000222222222222222222222222222222222222002000022000002200000000000000000000000000000000000222222222002222333334444444444444444444444443333333443333333322223333333333333222200000000000000000000000
00002200222222222222222222222222222222222222220000000000000220000000000000000000000000000000002222222222200022233344444444444444444444444444323333333333322222333333333333333222022000000000000000000000
00002222222002222222222222222222222222222222222220002220000220000000000000000000000000000000000000222220000002223334344444444444444444444444323333333332222333333333333333333222200000000000000000000000
00002222222000222222222222222222222222222222222222000200000220000000000000000000000000000000000000000000000000222333444444444444444444444443333322222222233333333333333333333222200000000000000000000000
20000222200002222222222222222222222222222222222222200000000200000000000000000000000000000000000000000000000000002233344444444444444444444443332222222223333333333333333333333222200000000000000000000000
20000222200022222222222222222222222222222222222022202000000000000000000000000000000000000000000000000000000000002223244444444444444444444444320022222333333333333333333333333222220020000000000000000000
00002222200222222222222222222222222222222222222222220000220000000000000000000000000000000000000000000000000000000222344444444444444444444444422222222223333333333333333333333322222220000000000000000000
00022222200222222222222222222222222222222222222222200000222200000000000000000000000000000000000000000000000000000222334445555544444444444444432223222333333333333333333333333222222220000000000000000000
22222222222222222222222222222222222222222202222200200200222000000000000000000000000000000000000000000000000000000002233455555554444444444444442222233333333333333333333333334422222000000000000000000000
22222222222222222222222222222222222222222022222002200222222200000000000000000000000000000000000000000000000000000000023455555554444444444444442222333333333333333333333333334422222220000000000000000000
02222222222222222222222222222222222222222222222202200222222200000000000000000000000000000000000000000000000000000000023445555555444444444444444222233333333333333333333333333322222200000000000000000000
00022222222222222222222222222222222222220022222222200000000000000000000000000000000000000000000000000000000000000000024455555555444444444444444222233333333333333333333333333322222000000000000000000000
22002222222222222222222222222222222222222000222222200000000000000000000000000000000000000000000000000000000000000000024445555555555444444444444223232333333333333333334444333322222000000000000000000000
22222222222222222222222222222222222222222222200000000000000000000000000000000000000000000000000000000000000000000000003455555555555554444444444322232333333333333333333333333322222000000000000000000000
22222222222222222222222222222222222222222222200000000000000000000000000000000000000000000000000000000000000000000000003354554555555555444444444322222333233333333333333333333322222000000000000000000000
22222222222222222222222222222222222222222222222220000000000000000000000000000000000000000000000000000000000000000002303344555555555555444444444330003322233333333333333444333322222000002200000000000000