00000000000220002222222000002222222222020022222220222222222222222222200222222220000000022222222222220000222222222220000000000000000000000000000000000000000000000000000000000000000000000000000000000000
00000000000000002222222000002222000222220000220002222222222222222222220022222220000000222222222200222222202222222220000000000000000000000000000000000000000000000000000000000000000000000000000000000022
00000000002002002222222000002222000222220000220002222222222222222222220022002220000000022222022202222222202222222200000000000000000000000000000000000000000000000000000000000000000000000000000000000022
02002200222222002222222202200200220222000022220002222222222222222222222200000022000000222220202222222222222222222200000000000000000000000000000000000000000000000000000000000000000000000000002000022222
02022222222222022222222222200000220222002222220002222222222222222222222200000002000000200000002222222222222222202000000000000000000000000000000000000000000000000000000000000000000000000000002002222222
22222222222220002222222020222222222222222222000022222222220222222222220002200000202222000002222222222202222222222000000000000000000200000000000000000000000000000000000000000000000000000000002002200222
22222200222222202222222220222222222222222222000002222222220022222222220002200002222222200002222220022202222222222220000000000000000200000000000000000000000000000000000000000000000000000000002002200222
20000002222222222202220020222022222222222222000000022222220022222222000000000000222222222222000200222202222222222220000000000000000000000000000000000000000000000000000000000000000000000000002000022000
22222222222222222202222222220022222222222222000200002222002220020200000200000000000022022222222200222000022222222002200000000000000000000000000000000000000000000000000000000000000000000000000000000000
22222222222220222200222222222022222222222202000000000222002222000200000200000000000222022222222200200000022222222002200000000000000000000000000000000000000000000000000000000000000000000000000000000000
00022200222222220220002000022222222222222202000000022222000220000222000000022222220000000002222022002222222222220000000000000000000000000000000000000000000000000000000000000000000000000000000002200000
00002200222222222000000000002222222222222202200000022222200020000222000000022220220000000002220022022222222222220000000000000000000000000000000000000000000000000000000000000000000000000000000002200000
00000000000000022222200002200002222222222022220000000200000000000022000000000220002222000000000000222222220002220000000000000000000000000000000000000000000000000000000000000000000000000000000000000022
00000000000002222222200002220000222222220222220002000200020000000222000020000222002222000000000002222222220000220000000000000000000000000000000000000000000000000000000000000000000000000000000000000022
00000000000000222222022222222000222222220200000220000000220000000020000020000222222222002220000002220220000000002000000000000000000000000000000000000000000000000000000000000000000000000000000000000022
00000000022000222222002220022222002222200000000220000000000000000022000000000222222000000000000000220000000000000000000000000000000000000000000000000000000000000000000000000000000000000000000000000000
00000000022000222220220222022222002222222000000220200000000000000022000000000220220000000000000000000000000000000000000000000000000000000000000000000000000000000000000000000000000000000000000000000000
00000000022222222222222222222000222222200000000222200000000000000000000000000022220200222222000000000000000000000000000000000000000000000000000000000000000000000000000000000000000000000000000000000000
00000000022222002222200022220000222222200000000222200000000000000000000000000002220000200002000000000000000000000000000000000000000000000000000000000000000000000000000000000000000000000000000000000000
00000000000000000000002222222222022222000000222220000000000000022000000000000000222200000000000000000000000000200000000000000000000000000000000000000000000000000000000000000000000000000000000000000000
00002200000222220000022222222200222222220000000002200000000000022000000000000000000000000000000000000000000000000000000000000000000000000000000000000000000000000000000000000000000000000000000000000000
00002200000222220000022222222000222222220020000002200000000000022000000000000000000000000000000000000000000000000000000000000000000000000000000000000000000000000000000000000000000000000000000000000000
00220000000022222222002222000022000200022200220222200000000000000000000000000000000000000002000000000000000000000000000000000000000000000000000000000000000000000000000000000000000000000000000000000000
00220000000002222222222220002200002002222200220222200000000000000000000000000000000000000002200000000000000000000000000000000000000000000000000000000000000000000000000000000000000000000000000000000000
00000022000022222222222222222200002222200000002000000000000000000000000000000000000000000000000000000000000000000000000000000000000000000000000000000000000000000000000000000000000000000000000000000000
00000022000002222222022222222220002220000200022000000000000000000000000000000000000000000000000000000000000000000000000000000000000000000000000000000000000000000000000000000000000000000000000000000000
00000000000000222200022222222200002200000000220002200000000000000000000000000000000000000000002200000000000000000000000000000000000000000000000000000000000000000000000000000000000000000000000000000000
00002000222000002222222202022200000200000000000000000000000000000000000000000000000000000000000000000000000000000000000000000000000000000000000000000000000000000000000000000000000000000000000000000000
00000002222000002222222000002200000020000000000000000000000000000000000000000000000000000000000000000000000000000000000000000000000000000000000000000000000000000000000000000000000000000000000000000000
00000002200000002220222200000000000220002200000220000000000002200000000000000000000000000000000000000000000000000000000000000000000000000000000000000000000000000000000000000000000000000000000000000000
00000000200000002222222000000000000220002200000220000000000002200000000000000000000000000000000000000000000000000000000000000000000000000000000000000000000000000000000000000000000000000000000000000000
00000000000000002222000000000002220220000000000000000000000000000000000000000000000000000000002222000000000000000000000000000000000000000000000000000000000000000000000000000000000000000000000000000000
00000202220000002222000000000222220222000000000000000000000000000000000000000000000000000000022222000000000000000000000000000000000000000000000000000000000000000000000000000000000000000000000000000000
00000002222000000000200000020222000002200020000020000000000000000000000000000000000000000000000000000000000000000000000000000000000000000000000000000000000000000000000000000000000000000000000000000000
00000000000000000000002000000000000002200022000000000022000000000000000000000000000000000000000000000000000000000000000000000000000000000000000000000000000000000000000000000000000000000000000000000000
00000000002000000000000000200000000002200022200000000022000000000000000000000000000000000000000000000000000000000000000000000000000000000000000000000000000000000000000000000000000000000000000000000000
00000000000000000000000022200000000000000000000220000000000000000000000000000000000000200000000000000000000000000000000000000000000000000000000000000000000000000000000000000000000000000000000000000000
00000000000000000000000022200000000000220000000220000000000000000000000000000000000000200002000000000000000000000000000000000000000000000000000000000000000000000000000000000000000000000000000000000000
00000000000000000000000000000000000000020000000002200000000000000000000000000000000000000220000000000000000000000000000000000000000000000000000000000000000000000000000000000000000000000000000000000000
00000000000000002200000000000000000000022002000000000000000000000000000000000000000000000220000000000000000000000000000000000000000000000000000000000000000000000000000000000000000000000000000000000000
00000000000002000000000000000002000000000202220000022200000000000000000000000000000000000000000000000000000000000000000000000000000000000000000000000000000000000000000000000000000000000000000000000000
00000000000222220000000000000022002002200022222000202000000000000000000000000000000000000000000000000000000000000000000000000000000000000000000000000000000000000000000000000000000000000000000000000000
00000000002222220000000000000022022202220002222000000000000000000000000000000000000000000000000000000000000000000000000000000000000000000000000000000000000000000000000000000000000000000000000000000000
00000000002002000000000000000020222222220022220000000222000000000000000000000000000000000000000000000000000000000000000000000000000000000000000000000000000000000000000000000000000000000000000000000000
00000000000022000000000000000222222222220022220000000222020000000000000000000000000000000000000000000000000000000000000000000000000000000000000000000000000000000000000000000000000000000000000000000000
00000000000000000000000000022200222222220000200222202200002220000000000000000000000000000000000000000000000000000000000000000000000000000000000000000000000000000000000000000000000000000000000000000000
00000000000000000000000220002202222222222022222220000000000020000000000000000000000000000000000000000000000000000000000000000000000000000000000000000000000000000000000000000000000000000000000000000000
00000000000000000000000220002222222222222022222220000000000220000000000000000000000000000000000000000000000000000000000000000000000000000000000000000000000000000000000000000000000000000000000000000000
00000000000000000000000000002222222222222222200220022222220220000000000000000000000000000000000000000000000000000000000000000000000000000000000000000000000000000000000000000000000000000000000000000000
00000000000000000000000000002222222222222222000222002222220220000000000000000000000000000000000000000000000000000000000000000000000000000000000000000000000000000000000000000000000000000000000000000000
00000000000000000000000000022222222222222222222000022022220222200000000000000000000000000000000000000000000000000000000000000000000000000000000000000000000000000000000000000000000000000000000000000000
00000000000000000000000000022222222222222222222000022222222222200000000000000000000000000000000000000000000000000000000000000000000000000000000000000000000000000000000000000000000000000000000000000000
00000000000000000000000000002202222222222220022000022200220020000022000000000000000000000000000000000000000000000000000000000000000000000000000000000000000000000000000000000000000000000000000000000000
00000000000000000000000000002000222222222222002220000222220002200220000000000000000000000000000000000000000000000000000000000000000000000000000000000000000000000000000000000000000000000000000000000000
00000000000000000000000000000000222222222022000220000222220002200200000000000000000000000000000000000000000000000000000000000000000000000000000000000000000000000000000000000000000000000000000000000000
00000000000000000000000000000000000000222222000022000220222200000022000022000000000000000000000000000000000000000000000000000000000000000000000000000000000000000000000000000000000000000000000000000000
00000000000000000000000000000000000000022222200002000000222200000022200020000000000000000000000000000000000000000000000000000000000000000000000000000000000000000000000000000000000000000000000000000000
00000000000000000000000000000000000000000022220000000000022200000022220000000000000000000000000000000000000000000000000000000000000000000000000000000000000000000000000000000000000000000000000000000000
00000000000000000000000000000000000000000000202000000000022200002022222000000000000000000000000000000000000000000000000000000000000000000000000000000000000000000000000000000000000000000000000000000000
00000000000000000022000000000000000000020022002200000000020202222000220200000000000000000000000000000000000000000000000000000000000000000000000000000000000000000000000000000000000000000000000000000000
00000000000000000000000002200000002000000020222200000000000002000000200220000000000000000000000000000000000000000000000000000000000000000000000000000000000000000000000000000000000000000000000000000000
00000000000000000000000002200000002000000000220200000000200000000002000020000000000000000000000000000000000000000000000000000000000000000000000000000000000000000000000000000000000000000000000000000000
00000000000000000000000000020000000000000000000000000000002000000000000000000000000000000000000000000000000000000000000000000000000000000000000000000000000000000000000000000000000000000000000000000000
00000000000000000000000000020000000000000000000000000000000200000000200000000000000000000000000000000000000000000000000000000000000000000000000000000000000000000000000000000000000000000000000000000000
00000000000000000000000000000000000000000000000000022000000200022022220000000000000000000000000000000000000000000000000000000000000000000000000000000000000000000000000000000000000000000000000000000000
00000000000000000000000000000000000000000000000000022000000000022222220000000000000000000000000000000000000000000000000000000000000000000000000000000000000000000000000000000000000000000000000000000000
00000000000000000000000000000000000000000000000000000000000000020000000000000000000000000000000000000000000000000000000000000000000000000000000000000000000000000000000000000000000000000000000000000000
00000000000000000000000000000000000000000000000000000000002200000222000000000000000000000000000000000000000000000000000000000000000000000000000000000000000000000000000000000000000000000000000000000000
00000000000000000000000000000000000000000000000000000000002200000222000000000000000000000000000000000000000000000000000000000000000000000000000000000000000000000000000000000000000000000000000000000000
00000000000000000000000000000000000000000000020000000000000000000200220000000000000000000000000000000000000000000000000000000000000000000000000000000000000000000000000000000000000000000000000000000000
00000000000000000000000000000000000000000000020000000000000000000200220000000000000000000000000000000000000000000000000000000000000000000000000000000000000000000000000000000000000000000000000000000000
00000000000000000000000000000000000000000000000000000000000000000200220000000000000000000000000000000000000000000000000000000000000000000000000000000000000000000000000000000000000000000000000000000000
00000000000000000000000000000000000000000000000000000000000000220200000000000000000000000000000000000000000000000000000000000000000000000000000000000000000000000000000000000000000000000000000000000000
00000000000000000000000000000000000000000000000000000000000000220200000000000000000000000000000000000000000000000000000000000000000000000000000000000000000000000000000000000000000000000000000000000000
00000000000000000000000000000000000000000000000000000000000000000000000000000000000000000000000000000000000000000000000000000000000000000000000000000000000000000000000000000000000000000000000000000000
00000000000000000000000000000000000000000000000000000000000000000000000000000000000000000000000000000000000000000000000000000000000000000000000000000000000000000000000000000000000000000000000000000000
00000000000000000000000000000000000000000000000000000000000000000000000000000000000000000000000000000000000000000000000000000000000000000000000000000000000000000000000000000000000000000000000000000000
00000000000000000000000000000000000000000000000000000000000000000000000000000000000000000000000000000000000000000000000000000000000000000000000000000000000000000000000000000000000000000000000000000000
00000000000000000000000000000000000000000000000000000000000000022000000000000000000000000000000000000000000000000000000000000000000000000000000000000000000000000000000000000000000000000000000000000000
00000000000000000000000000000000000000000000000000000000000000000000000000000000000000000000000000000000000000000000000000000000000000000000000000000000000000000000000000000000000000000000000000000000
00000000000000000000000000000000000000000000000000000000000000000000000000000000000000000000000000000000000000000000000000000000000000000000000000000000000000000000000000000000000000000000000000000000
00000000022000000000000000000000000000000000000000000000000000000000000000000000000000000000000000000000000000000000000000000000000000000000000000000000000000000000000000000000000000000000000000000000
00000002222000000000000000000000000000000000000002000000000000000000000000000000000000000000000000000000000000000000000000000000000000000000000000000000000000000000000000000000000000000000000000000000
00000000020000000000000000000000000000000000000220000000000000000000000000000000000000000000000000000000000000000000000000000000000000000000000000000000000000000000000000000000000000000000000000000000
00000000000000000000000000000000000000000000000220220000000000000000000000000000000000000000000000000000000000000000000000000000000000000000000000000000000000000000000000000000000000000000000000000000
00000000000000000000000000000000000000000000000222222000000000000000000000000000000000000000000000000000000000000000000000000000000000000000000000000000000000000000000000000000000000000000000000000000
00000000000200000000000000000000000000000000000002222200000000000000000000000000000000000000000000000000000000000000000000000000000000000000000000000000000000000000000000000000000000000000000000000000
00000000000000000000000000000000000000000000000002222200000000000000000000000000000000000000000000000000000000000000000000000000000000000000000000000000000000000000000000000000000000000000000000000000
00000000000020000000000000000000000000000000000000222220000000000000000000000000000000000000000000000000000000000000000000000000000000000000000000000000000000000000000000000000000000000000000000000000
00000000000000000000000000000000000000000000000000222020000000000000000000000000000000000000000000000000000000000000000000000000000000000000000000000000000000000000000000000000000000000000000000000000
00000000000222000000000000000000000000000000000000222220000000000000000000000000000000000000000000000000000000000000000000000000000000000000000000000000000000000000000000000000000000000000000000000000
00000000000222000000000000000000000000000000000000020200000000000000000000000000000000000000000000000000000000000000000000000000000000000000000000000000000000000000000000000000000000000000000000000000
00000000000000000000000000000000000000000000000000202000000000000000000000000000000000000000000000000000000000000000000000000000000000000000000000000000000000000000000000000000000000000000000000000000
00000000000000000000000000000000000000000000000000222000000000000000000000000000000000000000000000000000000000000000000000000000000000000000000000000000000000000000000000000000000000000000000000000000
00000000000000000000000000000000000000000000000000022000000000000000000000000000000000000000000000000000000000000000000000000000000000000000000000000000000000000000000000000000000000000000000000000000
00000000000002000000000000000000000000000000000000000000000000000000000000000000000000000000000000000000000000000000000000000000000000000000000000000000000000000000000000000000000000000000000000000000
00000000000002000000000000000000000000000000000000000000000000000000000000000000000000000000000000000000000000000000000000000000000000000000000000000000000000000000000000000000000000000000000000000000
00000000000002000000000000000002000000000000000000000000000000000000000000000000000000000000000000000000000000000000000000000000000000000000000000000000000000000000000000000000000000000000000000000000
00000000000222222220200000000022220000000000000000000000000000000000000000000000000000000000000000000000000000000000000000000000000000000000000000000000000000000000000000000000000000000000000000000000
00000000000222222202200000000022220000000000000000000000000000000000000000000000000000000000000000000000000000000000000000000000000000000000000000000000000000000000000000000000000000000000000000000000
00220000000222222202222002200000020000000000000000000000000000000000000000000000000000000000000000000000000000000000000000000000000000000000000000000000000000000000000000000000000000000000000000000000
00220000000220222222222022200000000000000000000000000000000000000000000000000000000000000000000000000000000000000000000000000000000000000000000000000000000000000000000000000000000000000000000000000000
20000022200022222222222220000000000000000000000000000000000000000000000000000000000000000000000000000000000000000000000000000000000000000000000000000000000000000000000000000000000000000000000000000000
20000022200222222222222220000000000000000000000000000000000000000000000000000000000000000000000000000000000000000000000000000000000000000000000000000000000000000000000000000000000000000000000000000000
00002222222222222222222222200000000000000000000000000000000000000000000000000000000000000000000000000000000000000000000000000000000000000000000000000000000000000000000000000000000000000000000000000000
00000002222222222222222222000000000000000000000000000000000000000000000000000000000000000000000000000000000000000000000000000000000000000000000000000000000000000000000000000000000000000000000000000000
00000002222222222222222220200000000000000000000000000000000000000000000000000000000000000000000000000000000000000000000000000000000000000000000000000000000000000000000000000000000000000000000000000000
00000022222222222222222222200000000000000000000000000000000000000000000000000000000000000000000000000000000000000000000000000000000000000000000000000000000000000000000000000000000000000000000000000000
00002022022222222222222222200000000000000000000000000000000000000000000000000000000000000000000000000000000000000000000000000000000000000000000000000000000000000000000000000000000000000000000000000000
20022002222222222222220022202200000000000000000000000000000000000000000000000000000000000000000000000000000000000000000000000000000000000000000000000000000000000000000000000000000000000000000000000000
20000000222222220222200022222200000000000000000000000000000000000000000000000000000000000000000000000000000000000000000000000000000000000000000000000000000000000000000000000000000000000000000000000000
20000000022222200222000220002200000000000000000000000000000000000000000000000000000000000000000000000000000000000000000000000000000000000000000000000000000000000000000000000000000000000000000000000000
20000000022222220202200202222000000000000000000000000000000000000000000000000000000000000000000000000000000000000000000000000000000000000000000000000000000000000000000000000000000000000000000000000000
00000000022222220200202202202000000000000000000000000000000000000000000000000000000000000000000000000000000000000000000000000000000000000000000000000000000000000000000000000000000000000000000000000000
00000000000222220200000002220000000000000000000000000000000000000000000000000000000000000000000000000000000000000000000000000000000000000000000000000000000000000000000000000000000000000000000000000000
00000000000222220000000002220000000000000000000000000000000000000000000000000000000000000000000000000000000000000000000000000000000000000000000000000000000000000000000000000000000000000000000000000000
00000000000000000000000002200000000000000020002000000000000000000000000000000000000000000000000000000000000000000000000000000000000000000000000000000000000000000000000000000000000000000000000000000000
00000000000000000000000002200000000000000020002000000000000000000000000000000000000000000000000000000000000000000000000000000000000000000000000000000000000000000000000000000000000000000000000000000000
00000000000000000200000022200000000000002222000002200000000000000000000000000000000000000000000000000000000000000000000000000000000000000000000000000000000000000000000000000000000000000000000000000000
00000000000000002200000022000000000000000000000000000000000000000000000000000000000000000000000000000000000000000000000000000000000000000000000000000000000000000000000000000000000000000000000000000000
00000000000000002200000000000000000000000000000000000000000000000000000000000000000000000000000000000000000000000000000000000000000000000000000000000000000000000000000000000000000000000000000000000000
00000000000000000000000000000000000000000000000000000000000000000000000000000000000000000000000000000000000000000000000000000000000000000000000000000000000000000000000000000000000000000000000000000000
00000000000000000000000000000000000000000000000000000000000000000000000000000000000000000000000000000000000000000000000000000000000000000000000000000000000000000000000000000000000000000000000000000000
00000000000000000000000000000000000000000000000000000000000000000000000000000000000000000000000000000000000000000000000000000000000000000000000000000000000000000000000000000000000000000000000000000000
00000000000000002200000000000000000000000000000000000000000000000000000000000000000000000000000000000000000000000000000000000000000000000000000000000000000000000000000000000000000000000000000000000000
00000000000000002200000000000000000000000000000000000000000000000000000000000000000000000000000000000000000000000000000000000000000000000000000000000000000000000000000000000000000000000000000000000000
00000000000000000000000000000000220000000000000000000000000000000000000000000000000000000000000000000000000000000000000000000000000000000000000000000000000000000000000000000000000000000000000000000000
00000000000000000000000000000000220000000000000000000000000000000000000000000000000000000000000000000000000000000000000000000000000000000000000000000000000000000000000000000000000000000000000000000000
00000000000000000000000000000022200000000000000000000000000000000000000000000000000000000000000000000000000000000000000000000000000000000000000000000000000000000000000000000000000000000000000000000000
00000000000000000000000000000022000000000000000000000000000000000000000000000000000000000000000000000000000000000000000000000000000000000000000000000000000000000000000000000000000000000000000000000000
00000000000000000000000000000000000000000000000000000000000000000000000000000000000000000000000000000000000000000000000000000000000000000000000000000000000000000000000000000000000000000000000000000000
00000000000000000000000000000000000000000000000000000000000000000000000000000000000000000000000000000000000000000000000000000000000000000000000000000000000000000000000000000000000000000000000000000000
00000000000000000000000000000000000000000000000000000000000000000000000000000000000000000000000000000000000000000000000000000000000000000000000000000000000000000000000000000000000000000000000000000000
00000000000000000000000000000000000000000000000000000000000000000000000000000000000000000000000000000000000000000000000000000000000000000000000000000000000000000000000000000000000000000000000000000000
00000000000000000000000000000000000000000000000000000000000000000000000000000000000000000000000000000000000000000000000000000000000000000000000000000000000000000000000000000000000000000000000000000000
00000000000000000000000000000000000000000000000000000000000000000000000000000000000000000000000000000000000000000000000000000000000000000000000000000000000000000000000000000000000000000000000000000000
00000000000000000000000000000000000000000000000000000000000000000000000000000000000000000000000000000000000000000000000000000000000000000000000000000000000000000000000000000000000000000000000000000000
00000000000000000000000000000000000000000000000000022000000000000000000000000000000000000000000000000000000000000000000000000000000000000000000000000000000000000000000000000000000000000000000000000000
00000000000000000000000000000000000002200000220220022000000000000000000000000000000000000000000000000000000000000000000000000000000000000000000000000000000000000000000000000000000000000000000000000000
00000000000000000000000000000000000002200000220220022000000000000000000000000000000000000000000000000000000000000000000000000000000000000000000000000000000000000000000000000000000000000000000000000000
00000000000000000000000002220000222002222222222200000000000000000000000000000000000000000000000000000000000000000000000000000000000000000000000000000000000000000000000000000000000000000000000000000000
00000000000000000000000002220200222002222222220000200000000000000000000000000000000000000000000000000000000000000000000000000000000000000000000000000000000000000000000000000000000000000000000000000000
00000000000000000000000000022222220222220000000000000000000000000000000000000000000000000000000000000000000000000000000000000000000000000000000000000000000000000000000000000000000000000000000000000000
00000000000000000000000000022222222222220000000000000000000000000000000000000000000000000000000000000000000000000000000000000000000000000000000000000000000000000000000000000000000000000000000000000000
00000000000000000000222220002222222220000000000000000000000000000000000000000000000000000000000000000000000000000000000000000000000000000000000000000000000000000000000000000000000000000000000000000000
00000000000000000000222222222222220000000000000000000000000000000000000000000000000000000000000000000000000000000000000000000000000000000000000000000000000000000000000000000000000000000000000000000000
00000000000000000000222222222222000000000000000000000000000000000000000000000000000000000000000000000000000000000000000000000000000000000000000000000000000000000000000000000000000000000000000000000000
00000000000000000000202222220200000000000000000000000000000000000000000000000000000000000000000000000000000000000000000000000000000000000000000000000000000000000000000000000000000000000000000000000000
00000000000000000000000220000000000000000000000000000000000000000000000000000000000000000000000000000000000000000000000000000000000000000000000000000000000000000000000000000000000000000000000000000000
00000000000000000000000000000000000000000000000000000000000000000000000000000000000000000000000000000000000000000000000000000000000000000000000000000000000000000000000000000000000000000000000000000000
00000000000000000000000000000000000000000000000000000000000000000000000000000000000000000000000000000000000000000000000000000000000000000000000000000000000000000000000000000000000000000000000000000000
00000000000000000000000000000000000000000000000000000000000000000000000000000000000000000000000000000000000000000000000000000000000000000000000000000000000000000000000000000000000000000000000000000000
00000000000000000000222222000000000000000000000000000000000000000000000000000000000000000000000000000000000000000000000000000000000000000000000000000000000000000000000000000000000000000000000000000000
00000000000000000000222220000000000000000000000000000000000000000000000000000000000000000000000000000000000000000000000000000000000200000000000000000000000000000000000000000000000000000000000000000000
00000000000000000022222000020000000000000000000000000000000000000000000000000000000000000000000000000000000000000000000000000000000222000000000000000000000000000000000000000000000000000000000000000000
00000000000000000022222000020000000000000000000000000000000000000000000000000000000000000000000000000000000000000000000000000000000222000000000000000000000000000000000000000000000000000000000000000000
00000000000000000022000000000000000000000000000000000000000000000000000000000000000000000000000000000000000000000000000000000000000000002222000220002200000000000000000000000000000000000000000000000000
00000000000000002222000000000000000000000000000000000000000000000000000000000000000000000000000000000000000000000000000000222000000000000000200222000020000000000000000000000000000000000000000000000000
00000000000000002200000000000000000000000000000000000000000000000000000000000000000000000000000000000000000000000000000000222200000000000000000222200220000000000000000000000000000000000000000000000000
00002200022002002200000000000000000000000000000000000000000000000000000000000000000000000000000000000000000000000000000022222000000000000000000000000222000220000000000000000000000000000000000000000000
00002200222022220200000000000000000000000000000000000000000000000000000000000000000000000000000000000000000000000000000022222000000000000000000000000020000220000000000000000000000000000000000000000000
00000222222222202222222000000000000000000000000000000000000000000000000000000000000000000000000000000000000000000000000000000000000000000000000000000002220020220000000000000000000000000000000000000000
00000222222222002022222000000000000000000000000000000000000000000000000000000000000000000000000000000000000000000000000000000000000000000000000000000002202002222000000000000000000000000000000000000000
00222222202220002200022000000000000000000000000000002222000000000000000000000000000000000000000000000000000000000000000000000000000000002200000000000000000000000000000000000000000000000000000000000000
00000022000200000000002000000000000000000000000000000002000000000000000000000000000000000000000000000000000000000000000000000000000000000000000000002200022220000000000000000000000000000000000000000000
00000022000000000000000000000000000000000000000000000000000000000000000000000000000000000000000000000000000000000000000000000000000000000000000000002200222220000000000000000000000000000000000000000000
00000000000000000000000000000000000000000000000000000000000000000000000000000000000000000000000000000000000000000000000000000000000022000000022022000220000222222222200000000000000000000000000000000000
00000000000000000000000000000000000000000000000000000000000000000000000000000000000000000000000000000000000000000000000000000000000022000000022022000220020222222200000000000000000000000000000000000000
00000000000000000000000000000000000000000000000000000000000000000000000000000000000000000000000000000000000000000000000000000000022000000000022002000220022020022000022000000000000000000000000000000000
00000000000000000000000000000000000000000000000000000000000000000000000000000000000000000000000000000000000000000000000000000000022000000000022002000220022000000000022000000000000000000000000000000000
00000000000000000000000000000000000000000000000000000000000000000000000000000000000000000000000000000000000000000000000022000000000000000000000000000200022000002200000000000000000000000000000000000000
00000002200000000000000000000000000000000000000000000000000000000000000000000000000000000000000000000000000000000000000000220000000022000002200000002200022002200200000000000000000000000000000000000000
00000000200000000000000000000000000000000000000000000000000000000000000000000000000000000000000000000000000000000000000000220000000022220002200000002202022000000000000000000000000000000000000000000000
00000022200000000000000000000000000000000000000000000000000000000000000000000000000000000000000000000000000000000000000022220000002000200000000000022200000002000000000000000000000000000000000000000000
00000022000000000000000000000000000000000000000000000000000000000000000000000000000000000000000000000000000000000000000022220000002200000000000000002200002002200000000000000000000000000000000000000000
00000000000000000000000000000000000000000000000000000000000000000000000000000000000000000000000000000000000000000000000000000000022200002200000000220002200000200000000000000000000000000000000000000000
00000000000000000000000000000000000000000000000000000000000000000000000000000000000000000000000000000000000002000000000000000002222000002220000000000002200000200000200000000000000000000000000000000000
00000000000000000000000000000000000000000000000000000000000000000000000000000000000000000000000000000000000000000000000000000002222000002220000000000002200000002000200000000000000000000000000000000000
00000022000000000000000000000000220000000000000020000000000000000000000000000000000000000000000000000000002200000000000000000002002200002222202220000000000002002200000000000000000000000000000000000000
00000022000000000000000000000000220000000000000000000000000000002200000000000000000000000000000000000000002200000000000000000000000200002222200220000000000002002202000000000000000000000000000000000000
00000000000000000000000000000000020000000000002000000000000000000000000000000000000000000000000000000000000000000220000000220002200222002222200000000002000000000020222000000000000000000000000000000000
00000002000000000000000022000000000000000000002000000000000000000000000000000000000000000000000000000000000000000220000000222022200222222222200000000000000000000000022000000000000000000000000000000000
00000000200000000000000202200000000000000000000000000000000002200000000000000000000000000000000000000220020000000200000000002000000022220220000000000000000000000022022200000000000000000000000000000000
00000000000000000000000002200000000000000000002000000000000000000022220000000000000000000000000000000000000000000000002220022002200022222222200000000000000000000000202220000000000000000000000000000000
00000000000000000000000002200000000000000000002000000000000000000022222000000000000000000000000000000000000000000000002220022002200022222222200000000000000000000000200220000000000000000000000000000000
00000000000000000000000000022200000000000000000000000000002200000000000000000000000000000000000000000000000000000000000022222200002222222220000000000000022002000000022222200000000000000000000000000000
00000000000000000000000200022200000000000000000000000000002200000000000000000000000000000000000000000000000000000000000222222200000222222222000000000000022002000000022222200000000000000000000000000000
00002222000000000000000220022220220000000000000000000000000000000000000000000000000000000000000000000000000000000020022222222000022222222222222000000000000002002222022222200000000000000000000000000000
00002222000022000000000222020200220000000000000000000000000000000000000000000000000000000000000000000000000000000222222222222000022022222222222000000000000002202222200222200000000000000000000000000000
00000000022220220000000002200000000000000000000000000000000000000000000000000000000000000000000000000000000000000022222222222000022222222222222220000000022222220000000002220000000000000000000000000000
02000000020000000000022000000000000000000000000000000000000000000000000000000000000000000000000000000002200000000222222222220000222222220000022000000000022222000000200020200000000000000000000000000000
00000000000000000000022000000000000000000000000000000000000000000000000000000000000000000000000000000002200000000222222222220000222222220000022000000020022220000000200020022000000000000000000000000000
22220000200000000000000220000000000000000000000000000000000000000000000000000000000000000000000000000220000000000222222222220000022222000000000000000000020000000000022222200000000000000000000000000000
20220000200000000000020220000000000000000000000000000000000000000000000000000000000000000000000000000220000000000022222222220000022222000000000000000000000000000000022222200000000000000000000000000000
20022222022220000000022000002200000000000000002000000000000000000000000000000000000000000000000000000020000000000002222222220000222220220000000000000000000002220000000002200000000000000000000000000000
22002222222222222000022000002200000000000000002000000000000000000000000000000000000000000000000000000020000000000222222222220002222200220000000000000000000002220000000022220000000000000000000000000000
20000002222222022200002220000000000000000000000000000000000000000000000000000000000000000000000000022000000000000222222222200002200000000000000000000000000000000000000222202000000000000000000000000000
22220000222222202222220222200022000000000000000000000000000000200000000000000000000000000000000000020000000000000222222222002200000000000000000000000000000000000000000220000000000000000000000000000000
22222000222220222222200022200022000000000000000000000000000000020000000000000000000000000000000000020000000000000222202222000000000000000000000000000000000000000000000220200000000000000000000000000000
22222222222222222222220022202222002000000000000000000000000000022000000000000000000000000000000000022000000000000022222222000000000000000000000222000000000000000000000000220000000000000000000000000000