00000000000000000000000000000000000000000000002222222202222222222222222222222222222222222222222222222222222222222222222222222222000000000000000000222000000002200000000000000000000000000000002222222222
00000000000000000000000000000000000000000000000022222222222222222222222222222222222222222222222222222222222222222222222222222200000000000000000000022000000002220000000000000000000200000000002222222222
00000000000000000000000000000000000000000000000002222222222222222222222222222222222222222222222222222222222222222222222222222200000000000000000000000000000000222000000000000000000000000000002222222222
00000000000000000000000000000000000000000000000002222222222222222222222222222222222222222222222222222222222222222222222222222220000000220000000000000000000000222000000000000000000000000000002222222222
00000000000000000000000000000000000000000000000000222222222222222222222222222222222222222222222222222222222222222222222222222222000002200000000000000000000000022220000000000000000000000000002222222222
00000000000000000000000000000000000000000000000000022222222222222222222222222222222222222222222222222222222222222222222222222222000002200000000000000000000000022220000000000000000000000000002222222222
00000000000000000000000000000000000000000000000000022222222222222222222222222222222222222222222222222222222222222222222222222222200000000000000000000000000000022200000000000000000000000000002222222222
00000000000000000000000000000000000000000000000000002222222222222222222222222222222222222222222222222222222222222222222222222222000220000000000000000000000000222222000000000000000000000000002222222222
00000000000000000000000000000000000000000000000000000222222222222222222222222222222222222222222222222222222222222222222222222222000220000000000000000000000000222222000000000000000000000000022222222222
00000000000000000000000000000000000000000000000000000222222222222222222222222222222222222222222202222222222222222222222222222222000000000000000000000000000000222222000000000000000000000000002222222222
00000000000000000000000000000000000000000000000000000222222222222222222222222222222222222222222222222222222222222222222222222222000000000000000000000000000000222222200000000000000000000000002222222222
00000000000000000000000000000000000000000000000000000002222222222222222222222222222222222222222222222222222222222222222222002200000000000000000000000000000000022222220000000000000000000000222222222222
00000000000000000000000000000000000000000000000000000002222222222222222222222222222222222222222222222222222222222222222022200000000000000000000000000000000000022222000000000000000000000000002222222222
00000000000000000000000000000000000000000000000000000000022222222222222222222222222222222222222222222222222222222222222022200000000000000000000000000000000000022222000000000000000000000000002222222222
00000000000000000000000000000000000000000000000000000000022222222222222222222222222222222222222222222222222222222222222000000000000000000000000000000000000000022022000000000000000000000000222022222222
00000000000000000000000000000000000000000000000000000000022222222222222222222222222222222222222222222222222222222222222220022000000000000000000000000000000000022022200000000000000000000000220022222222
00000000000000000000000000000000000000000000000000000000000222222222222222222222222222222222222222222222222222222222222222022200000000000000000000000000000000000222200000000000000000000000000022222222
00000000000000000000000000000000000000000000000000000000000022222222222222222222222222222222222222222222222222222222222222022200000000000000000000000000000000000022000000000000000000000000002222222222
00000000000000000000000000000000000000000000000000000000000022222222202222222222222222222222222222222222222222222222222222200000000000000000000000000000000002200000000000000000000020000000222202222222
00000000000000000000000000000000000000000000000000000000000002222222222222222222222222222222222222222222222222222222222222220000000000000000000000000000222000002000000000000000002200000000022000220222
00000000000000000000000000000000000000000000000000000000000000222222222222222222222222222222222222222222222222222222222220220000000000000000000000000000222000002000000000000000002200000000000000202222
00000000000000000000000000000000000000000000000000000000000000222222202222222222222222222222222222222222222222222222200000002000022000000000000000000000222000022000000000000000000022000000000000000022
00000000000000000000000000000000000000000000000000000000000000222222202222222222222222222222222222222222222222222222222222202200022000000000000000000000222002022000000000000000000020000000000000000022
00000000000000000000000000000000000000000000000000000000000000022220200002222222222222222222222222222222222222222222222222200000000220000000000000000000222222000000000000000000000000000000000000222220
00000000000000000000000000000000000000000000000000000000000000002222220000222222222222222222222222222222222222222222222222222000000220000000000000000000222220000000000000000000000000000000002000222220
00000000000000000000000000000000000000000000000000000000000000002222222002222222222222222222222222222222222222222222222222222200000002202222220000000200222000000000000000000000000000000000002200002200
00000000000000000000000000000000000000000000000000000000000000002222222200222222222222222222222222222222222222222222222222222200000000000022200000002020000000000000000000000000000000000000000000000222
00000000000000000000000000000000000000000000000000000000000000000222222200222220022222222222222222222222222222222222222222222200000000000002200000000000000000000000000000000000000000000000000000000222
00000000000000000000000000000000000000000000000000000000000000000002222200222022222222222222222222222222222222222222222222222200000000000000000000000000000000000000000000000000002200000000000000000220
00000000000000000000000000000000000000000000000000000000000000000000022220002222022222222222222222222222222222222222222222022200000000000000000000000000000000000000000000000000002220000000000000000220
00000000000000000000000000000000000000000000000000000000000000000000002222222222022222222222222222222222222222222222222222220000000000000000000000000000000000000000000000000000000000000000000000000020
00000000000000000000000000000000000000000000000000000000000000000000002222222222022222222222222222222222222222222222222222220000000000000000200000000000000000000000000000000000000000000000000000000000
00000000000000000000000000000000000000000000000000000000000000000000000022002220222000022222222222222222222222222222222222220000000000000000220000000000000000000000000000000000000000000000000000000000
00000000000000000000000000000000000000000000000000000000000000000000000022222002220000022222222222222222222222222222222222220000000000000022000000000000000000000000000000000000000000000000000000000000
00000000000000000000000000002000020000000000000000000000000000000000000022002002200000002222222222222222222222222222222222220000000000000022000000000000000000000000000000000000000000000000000000000000
00000000000000000000000002222222220000000000000000000000000000000000000022222220000000002222222222222222222222222222222222200022000000000000000000000000000000000000000000000000000000000000000000000000
00000000000000000000000000022222222222000000000000000000000000000000000022222220000000002222222222222222222222222222222222200022222000000000000000000000000000000000000000000000000000000000000000000000
00000000000000000000000000000022222222000000000000000000000022000000020022222220000000002202222222222222222222222222222222220000022222220022000000200000000000000000000000000000000000000000000000000000
00000000000000000000000000000002222222022002000000000000000000000000000022020000000022002200222222222222222222222222222222220000000022222222202002200000000000000200000000000000000000000000000000000000
00000000000000000000000000000000222222022002000000000000000000000000000022000000000022002200022222222222222222222222222222220000000000022000222002220000000000000200000000000000000000000000000000000000
00000000000000000000000000000000000220000222200000000000000022000000002200220000002200000020002222222222222222222222222222200000000000000002220000000200000000000022000000000000000000000000000000000222
00000000000000000000000000000000002200000222200000000000000022000000002220220000002220000020000222222222222222222222222222200000000000000000000000000200000000000022000000000000000000000000000000000222
00000000000000000000000000000222022200022222220000022000000000000000000000200000222222000000022222222222222220222222220000000000000000000000000002200000000000000000000000000000000000000000000000000002
00000000000000000000000000000222202202222222200000022000000000000000000000020000022222020002222222222222222220222222220000002000000000000000000002200002000000000000000000000000000000000000000000000002
00000000000000000000000000000222200200222200222200220000000000002000022000222000000000002222220022222222222002222222222220002000000000000000000000000022000000000000000002222000000000000000000000000000
00000000000000000000000000022222222222222200222222200000022222002002222200000000000000000222222222222222200220002200220000000000000000000000000000000000000000000000000000000000000000000000000000000000
00000000000000000000000000022222222222222002222222200000022220002000222200000000000000000022222222222222200220002220000000000000000000000000000000000000000000000000000000000000000000000000000000000000
00000000000000000000000000000222222222222222222222022222200000220000002222000000000000000000000022222222200202002222000000020000000000000000000000000000000000000000000000000000000000000000000000000000
00000000000000000000000000002222222222222222222222222222200000220002202222000000000000000000000002222202202002002222000020020000000000000000000000000000000000000000000000000000000000000000000000000000
00000000000000000000000000022222222222222222222200222222220000000002220200000220000200000000000002200222222000002200002000000000000000000000000000000000000000000000000000000000000000000000000000000000
00000000000000000000000000022222222222222222222200222222220022002002220200220220000200000000000022000222222000002220002000000000000000000000000000000000000000000000000000000000000000000000000000000000
00000000000000000000000000002222222222222222222200222222220022222002200022222000000000000000000000000000200000002222022200000000000000000000000000000000000000000000000000000000000000000000000000000000
00000000000000000000000000002222222222222222222002222222220022222202222200222000000002220000000000200000000000000000200000000000000000000000000000000000000000000000000000000000000000000000000000000000
00000000000000000000000000000222222222222222222222222222222222222222222200222200000000220000000000000000000000000000020000000000000000000000000000000000000000000000000000000000000000000000000000000000
00000000000000000000000000000022222222222222222222222222222222222222200000222200000000000000000000000000000002000000002220000000000000000000000000000000000000000000000000000000000000000000000000000000
00000000000000000000000000220022222222222222222222222222222222222222200020222200000000000000000000000000000022000000000220000000000000000000000000000000000000000000000000000000000000000000000000000000
00000000000000000000000002222222222222222222222222222222222222222220002200202220000000000000002000000020000220002200000000000000000000000000000000000000000000000000000000000000000000000000000000000000
00000000000000000000000002222222222222222222222222222222222222222220002202002220000000000000000200000020000220022200000000000000000000000000000000000000000000000000000000000000000000000000000000000000
00000000000000000000000022022222222222222222222222222222222222222222202200022000000000000002200000000000222222222200000000000000000000000000000000000000000000000000000000000000000000000000000000000000
00000000000000000000220022222002222222222222222222222222222222222200002222222000000000000000000000000002202222222200000000000000000000000000000000000000000000000000000000000000000000000000000000000000
00000000000000000000220022222002222222222222222222222222222222222200002222220000000000000000000000000002202222222200000000000000000000000000000000000000000000000000000000000000000000000000000000000000
00000000000000000000000000002000022222222222222222222222222222222200002220002002000000000000000000220002200020000022000002200000000000000000000000000000000000000000000000000000000000000000000000000000
00000000000000000000000000000000022222222222222222222222222222220000002220002000000000000000000000220002222220000022000222200000000000000000000000000000000000000000000000000000000000000000000000000000
00000000000000000022220000000000002222222222222222222222222222202222222220220000000000000000000000002220022222020000000220000000000000000000000000000000000000000000000000000000000000000000000000000000
00000000000000000022220000000000222222222222222222222222222222222222222222222000000000000000000002002220022222002002000220000000000000000000000000000000000000000000000000000000000000000000000000000000
00000000000000000000220000000222222222222222222222222222222222222220002220220000000000000000000000000020022002002222022000000000000000000000000000000000000000000000000000000000000000000000000000000000
00000000000000000000000020000002222222222222222222222222222222222222202222022220000000000000000000000022000002220000000000000000000000000000000000000000000000000000000000000000000000000000000000000000
00000000000000000000000020000002022222222222222222222222222222222222222222202220000000000000000000000022000002220000000000000000000000000000000000000000000000000000000000000000000000000000000000000000
00000000000000000000000000000000000022222222222222222222222222222222202222222220000000000000000000000000000000000000000000000000000000000000000000000000000000000000000000000000000000000000000000000000
00000000000000000000000000000000000222222222222222222222222222222222002222222222000000000000000000000000000200000000000000000000000000000000000000000000000000000000000000000000000000000000000000000000
00000000000000000000000000000000000022222222222222222222222222222222222220220202200000000000000000000000000000000000000000000000000000000000000000000000000000000000000000000000000000000000000000000000
00000000000000000000000000000000002220022222222222222222222222222222222222022220000000000000000000000000000000000000000000000000000000000000000000000000000000000000000000000000000000000000000000000000
00000000000000000000000000000000002200022202222222222222222222222222222222202200000000000000000000000000000000000000000000000000000000000000000000000000000000000000000000000000000000000000000000000000
00000000000000000000002200000000000000022222222222222222222222222222222222220220000000000000000000220000000000000000000000000000000000000000000000000000000000000000000000000000000000000000000000000000
00000000000000000000002200000000000000000220222222222222222222222222222222222220000000000000000000220000000000000000000000000000000000000000000000000000000000000000000000000000000000000000000000000000
00000000000000000000000000000000000000022222002222222222222222222222222200002000000000000000000000000000000000000000000000000000200000000000000000000000000000000000000000000000000000000000000000000000
00000000200000000000000000000000000000022222022222222222222222222222222200002200000000000000000000000000000000000000000000000000200000000000000000000000000000000000000000000000000000000000000000000000
00000000000000000000000000000000000000000220022222222222222222222222222222022200000000000000000000000000000000000000000000000000000000000000000000000000000000000000000000000000000000000000000000000000
00000000000000000000000000000000000000000022222222222222222222222222222202222000000000000000000000000000000000000000000000000000000000000000000000000000000000000000000000000000000000000000000000000000
00000000000000000000000000000000000000000002222222222222222222222222222200222020000000000000000000000000000000000000000000000000000000000000000000000000000000000000000000000000000000000000000000000000
00000000000000000000000000000000000000000002222222222222222222222222222222220200000000000000000000000000000000000000000000000000000000000000000000000000000000000000000000000000000000000000000000000000
00000000000000000000000000000000000000000002222222222222222222222222222222220000000000000000000000000000000000000000000000000000000000000000000000000000000000000000000000000000000000000000000000000000
00000000000000000000000000000000000000000000002222222222222222222222222222000000000000000000000000000000000000000000000000000000000000000000000000000000000000000000000000000000000000000000000000000000
00000000000000000000000000000000000000000000000222222222222222222222222222220000000000000000000000000000000000000000000000000000000000000000000000000000000000000000000000000000000000000000000000000000
00000000220000000000000000000000000000000000000022222222222222222222222222220000022000000000000000000000000000000000000000000000000000000000000000000000000000000000000000000000000000000000000000000000
00000000000000000000000200000000000000000000000002022222222222222222222222000000000200000000000000000000000000000000000000000000000000000000000000000000000000000000000000000000000000000000000000000000
00000000000000000000000000000000000000000000000000022222222222222222222222000220000200000000000000000000000000000000000000000000000000000000000000000000000000000000000000000000000000000000000000000000
00000000000000000000000022200000000000000000000000000222222222222222222222222220022000000000000000000000000000000000000000000000000000000000000000000000000000000000000000000000000000000000000000000000
00000000000000000000000002200000000000000000000000000222222222222222222222222222222000000000000000000000000000000000000000000000000000000000000000000000000000000000000000000000000000000000000000000000
00000000000000000000002200000000000000000000000000000222222222222222222222222000000000000000000000000000000000000000000000000000000000000000000000000000000000000000000000000000000000000000000000000000
00000000000000000000002200020000000000000000000000022222222222222222222222222000000000000000000000000000000000000000000000000000000000000000000000000000000000000000000000000000000000000000000000000000
00000000000000000000000000000220000000000000000000022222222222222222200000000002000000000000000000000000000000000000000000000000000000000000000000000000000000000000000000000000000000000000000000000000
00000000000000000000002220002200000000000000000000000000222222222222200022000220222220000000000000000000000000000000000000000000000000000000000000000000000000000000000000000000000000000000000000000000
00000000000000000000002220000000000000000000000000000002222222022202200022202220022220000000000000000000000000000000000000000000000000000000000000000000000000000000000000000000000000000000000000000000
00000000000000000000002200000000000022000000000000000000222222222220002220000222200222000000000000000000000000000000000000000000000000000000000000000000000000000000000000000000000000000000000000000000
00000000000000000000002200000000000022200000000000000020222222222222022200000002200022000000000000000000000000000000000000000000000000000000000000000000000000000000000000000000000000000000000000000000
00000000000000000022000000000000000000000000000000000220022222222222200200220000022200000000000000000000000000000000000000000000000000000000000000000000000000000000000000000000000000000000000000000000
00000000000000000000000000000022000000022000000000000220022222222220002220220000000200000000000000000000000000000000000000000000000000000000000000000000000000000000000000000000000000000000000000000000
00000000000000000000000000000002000000022000000000000220022222000000002200220000000220000000000000000000000000000000000000000000000000000000000000000000000000000000000000000000000000000000000000000000
00000000000000000200000000000220002200000000000000000222222200222222202222220000000222002200000000000000000000000000000000000000000000000000000000000000000000000000000000000000000000000000000000000000
00000000000000000200000000002220002200000000000000000222222200222222222222220000000022002200000000000000000000000000000000000000000000000000000000000000000000000000000000000000000000000000000000000000
00000000000000000000000000022222202002200000000000000000002222002000000000222002200000000000000000000000000000000000000000000000000000000000000000000000000000000000000000000000000000000000000000000000
00000000000000000000002000022222222002200000002000000000002222202000000000222202200000000000000000000000000000000000000000000000000000000000000000000000000000000000000000000000000000000000000000000000
00000000000000000000002222222222022202022000222200000000002220220000000000002002000000000000000000000000000000000000000000000000000000000000000000000000000000000000000000000000000000000000000002222222
00020000000000000200000002222222002222000222220022200000000222020000000000000222000000220000000000000000000000000000000000000000000000000000000000000000000000000000000000000000000000000000000000200000
00000000000000000200000002222222222222022222222222220000000022020000000000000000000000220000000000000000000000000000000000000000000000000000000000000000000000000000000000000000000000000000000000200000
20000000000000000000220022222220022202202222222222220000000000000220000000000000000000020000000000000000000000000000000000000000000000000000000000000000000000000000000000000000000000000000000000000002
20000000000000000000222222222222002200200222222222200000000000000220000000000000020000000000000000000000000000000000000000000000000000000000000000000000000000000000000000000000000000000000000000002222
22222220000022200022222222222222222200000222222222200000000000000220000000000000000000220000000000000002200000000000000000000000000000000000000000000000000000000000000000000000000000000000000000022000
22222200000022200022222222222202222220000222222222200000000000000220000000000000002000220000000000000002200000000000000000000000000000000000000000000000000000000000000000000000000000000000000000022000
20220200000000200000222222222222222222200002222222222000002200000000000000002000022000000000000000000000000000000000000000000000000000000000000000000000000000000000000000000000000000000000000000000000
22222000002222222222222222222222222222222222222222220000000000000000020000002002222022000000000000000000000000000000000000000000000000000000000000000000000000000000000000000000000000000000000000022222
22222000002222222222222222222222222222222220002222220000000000000000020000002002222022000000000000000000000000000000000000000000000000000000000000000000000000000000000000000000000000000000000000022220
22222222002220022222222222222222222222222002220202220000000000000000000000002002200000220000000000000000000000000000000000000000000000000000000000000000000000000000000000000000000000000000000000022220
22222222202220022022222222222222222222222002220002220000000000000000000000002002200200220000000000000000000000002200000000000000000000000000000000000000000000000000000000000000000000000000000000022000
22222222222200022222222222222222222222222200220000222000000000000220000000000000000022200000000000000000000200002200000000000000000000000000000000000000000000000000000000000000000000000000000000000002
22222222222222222222222222222222222222222220220000222000000000200220000000002000000022000000000000000000000022222200000000000000000000000000000000000000000000000000000000000000000000000000000000000222
22222222022222022222222222222222222222222220000022022002200000222220002222222002022000000000000000222200022002222000000000000000000000000000000000000000000000000000000000000000000000000000000000022222
22222222222222222222222222222222222222222222000222222222222200222220002200220222000000000000000000020022200000022000000000000000000000000000000000000000000000000000002200000000000000000000000000022220
22222222222222202222222222222222222222222222220222222220222200222220002200222222200000200000000000200002200000200000000000000000000000000000000000000000000000000000002200000000000000000000000000022000
22222222222220002222222222222222222222222222222222222222222222222000002222220002220000000000000022220002220000220000000000000000000000000000000000000000000000000000000000000000000000000220000000000000
22222222222222202222222222222222222222222222222222222222222222222200002222220022200000000000000022002002220000222200000000000000000000000000000000000000000000000000000000000000000000000220000000000000
22222222222222222222222222222222222222222222222222222222222220222200022200220222200000000020000020002200022220002000000000000000000000000000000220000000000000000000000000000000000000000000000000000220
22222222222222222222222222222222222222222222222222222222222202222000000002202222200200000000000220000020222222220000000000000000000000000000000002200000000002200000220020022000000020000220000000000222
22222222222222222222222222222222222222222222222222222222222200000000000000020222202000000000000220000000022220220000000000000000000000000000000002200000000000220000220020022200000020000220000000000222
22222222222222222222222222222222222222222222222222222222222222000000000022220000022000000000000000222202220000000000000000000000000000000000000002222000000000002000000220000000220000000000000000000022
22222222222222222222222222222222222222222222222222222222222222000000000022220000002000000000002220222222200000000020000000000000000000000000000002222000000000002200000020000000220000022000000000000022
22222222222222222222222222222222222222222222222222222222222222222022222222220000022200000002222222222222200220002220200000000000000000000000000002222000000000000022222200000000220022220002000000000222
22222222222222222222222222222222222222222222222222222222222222222200022222220020022200000002222222222222222220002200200000000022200000000000000002222000000000000022002200020000220222220022222220000222
22222222222222222222222222222222222222222222222222222222222222222222220000220002200022000000000022222222222220000000200000000002220000000000000022222000000002222222000000000000000020000000222222000002
22222222222222222222222222222222222222222222222222222222222222222222220000000002022000002200200222222222000000000000222220222200200000000000000222222200000002202220000020000000000020022000000000220222
22222222222222222222222222222222222222222222222222222222222202222222200020000000022000002200000222000000000000000000022222222200000000000000000222202200000000000000000022002000000020022000000000000022
22222222222222222222222222222222222222222222222222222222222000000000220000220002222000000000000222002200000002220000022222022200222000000000000222002220000000000000000000022002000000022000220000000020
22222222222222222222222222222222222222222222222222222222222000000000020000220002222000000000000222222200000002220000222222222202222000000000000220002200000000000000000000022222200002022222222220000020
00222222222222222222222222222222222222222222222222222222222222002000000000000000200000000000000000222222222200222000002222220002222000000000000220022200000000000000222222000000020002222222222222000222
00022222222222222222222222222222222222222222222222222222222222002000002000000000000000000000000000222222222222222200020222222002222000000000000220022222000000000000220022220222022222222222222222220222
00002222222222222222222222222222222222222222222222222222222202002000002200220000000022000000000000000000000002222222220222222222222000000000000000222222000000000000022202222222202222222222222222200222
00002222222222222222222222222222222222222222222222222222222222222202200000220000000200000000000000000020000000002222222222222222222222200000002002222200000000000000222220002222222000022202222222220022
00000222022222222222222222222222222222222222222222222222222220222222200000222000000200000000000000000020000000000022222222222222222222200000022002222200000000000000222222220222222000222002222222000022
02200022002222222222222222222222222222222222222222222222222222222222200000000000000000000000000000002222220002222222222222222222222220000000220002222220000000000000002222222222222222222222222222022002
02202022022222222222222222222222222222222222222222222222222222202222200000000000000000000000000000022222222222222222222222222222222000000000220022222220000000000000002222222222222222222222222222222002
02022222222222222222222222222222222222222222222222222222222222220222200000220220000000002200000000222000222200000222222222222222222220000000220222022220220000000000000222222222222222222222222222000002
02222222222222222222222222222222222222222222222222222222222222222222200000222220000000002200000002220022222222222222222222222222222220200000222220022202220000000000002222222222222222222222222222000002
22200222222220022222222222222222222222222222222222222222222222222220022200000020000000000000000000000002222222222222222222222222222222220000022222222200000000000000222222222222222222222222222222222202
00002200022200222222222222222222222222222222222222222222222222222222222200000220000000000000000000220000022222222222222222222222222222222000222222222220000000022022222222222222222222222222222222002002
00000200000220022222222222222222222222222222222222222222222222222222222222000220000000000000000002220000222222222222222222222222222222222002222222222222200000022022222222222222222222222222222220022002
22000000000022222222222222222222222222222222222222222222222222222222222222222200022000000000000000000002222222222222222222222222200222222222222222222022220000020222022000222222222222222220222222222002
22000000000002222222222222222222222222222222222222222222222222222222220222222222222000000000000000000002222222222222222222222222220002222222222222222200220022220222022220022222002202200220002222222220
00000000000000000222222222222222222222222222222222222222222222222222222222222220222000000000000000000022222222222222222222222222220000200022222222222222000222220022022222222200000202222222222222222222
00022022002200000222222222222222222222222222222222222222222222222222222222222222222000000020000022222222222222222222222222222222222222200022222222222222200222202202202220022222222222222222222222222222
00022022002220000222002222222222222222222222222222222222222222222222222222222222222000000220000022222222222222222222222222222222222222222002222222222222200222200200022200022222222222222222222222222202
00022000002200000222000002222022222222222222222222222222222222222222222200222002222200000002222022222222222222222222222222222222200022222202222222222222222002222200222202222222222222222222222222222222
00222000002200000022000002222002222222222222222222222222222222222222222200222222222200000022222222222222222222222222222222222222200222222222222222222222222002222000222222222222222222222222222222222222
00000000000000000000002222202000222222222222222222222222222222222222222222222222222222000002222222222222222222222222222222222222222222222222222222222222222002220022222222222222222222222222222222222222
20000000000000000000002222202200222222222220222222222222222222222222222222022002222222000002222222222222222222222222222222222222222222222222222222222222222002220222222202222222222222222222222222222222
20000000002220000000000002000220002222222222200222000222222222222222222002202002222222000002220222222222222222222222222222222222200222222222222222222222222222222222222222002222222222222222222222222222
22200000000222222220000000000220200200022220222222222222222222222222222200222220002220220000022022222222222222222222222222222222200222222222222222222222222222222022222202202222222222222222222222222222
02200000000022222200000000000220200000222220222222222002222220222222222222222220000200220000022022002222222222222222222222222222000222222222222222222222222222220022222202222222222222222222222222222222
00000000000000222220000000022022022200222220022222222220022220222200222222002200022000220022222222222222222222222222222222222222200222222222222222222222222222222222222222222222222222222222222222222222
00000000000000022220000000022002222202222220020022202200020200222000022200222222222000222022222222222222222222222222222222222222200222222222222222222222222222222222222222222222222222222222222222222222
00000000000000022220000000022202220022022222222202222000020000222200002000222002202200022222202002222222222222222222222222222222222222222222222222222222222022222220222222222222222222222222222222222222
00000000000000222220000000022202220022222022222200222000020200222200002200222002220200022222200002222222222222222222222222222222222222222222222222222222222222222220222222222222222222222222222222222222
00022000000200222220000000002222220022000000000000022200200000222200022222000000000200002222222222222222222222222222222222222222222222222222222222222222222222222222222222222222222222222222222222222222
00022000000000022220000000222222000022000000000000022000020022002000022220220000000200000022222222222222222222222222222222222222222222222222222222222222222202220222222222222222222222222222222222222222
00022020000020022220000000022000000022002000000000022000020022002000022202220000000200000022222222222222222222222222222222222222222222222222222222222222222202200022222222222222222222222222222222222222
22222222000202220220220000000220220200000000220000022002222220000000022200020000000000000000222222222222222222222222222222222222222222222222222222222222222220000002222222222222222222222222222222222222
22222222000022200022222000000220220002002200220000222022222200000000222200000000000000022220022222222222222222222222222222222222222222222222222222222222222220000002222222222222222222222222222222222222
00002222200020000002222200000020000022222222000000000000000000022002222000000220000000222222222222222222222222222222222222222222222222222222222222222222222200000000222222222222222222222222222222222222
00000222202220002222222222000000000022222222000000000000000000002002220000000220022002222222222222222222222222222222222222222222222222222222222222222222222200000000222222222222222222222222222222222222
00000022002220000222222222200000000000222220000000000222200000222002000022222222222200202222222222222222222222222222222222222222222222202222222222222222222200000000222222222222222222222222222222222222
22000000000220222222222222222220000000222200000000000000000000022222000000000022222222220222222222222222222222222222222222222222222220000022222222222222222222000000022222200222222222222222222222222222
22000000000020022022222222222220000000222200000000000000000000002220000000000002222222222222222222222222222222222222222222222222222220000022222222222222222220000000000022200222222202222222222222222222
02200000000000000222222222022000220000022220000000000000000000020000000000022200000222222222222222222222222222222222222222222222222220000000022222222222220000000000000222202222222000022222222222222222
02200000000200002222222222222222220000022220000000000000000000200000000000002022002222222222222222222222222222222222222222222222222222000000002222222222220000000000000222222222222200022222222222222222
00000000002200022222222222220220200022000220000022000000002222220000000000000000002222222222222222222222222222222222222222222222222222200000002222222222222000000000002222222222222220002222222222222222
20000000000200002222222222222222220000000002220000000000000000000000000000000000022222222222222222222222222222222222222222222222222222000000000022222222222000000000000222222202222222222222222222222222
20000000000200000022222222222222220000000202220000000000000000000000000000000000222222222222222222222222222222222222222222222222222022000000000002200022220000000000000022222000222222222222222222222222
20000000000020000222222222222222220000000000000002200000000000000000000000000000022222222222222222222222222222222222222222222222220022200000000000000000000000000000000000220000022222222222222222022222
00000000000020000222222222222222220000000000000000220000000000000000000000000020022222222222222222222222222222222222222222222222200222200000000000000000000000000000000000000000002222222222222222022222
02200000000000002222222222222222220000000000002000022000000022000220000000000220022222222222222222222222222222222222222222222222220220020000000000000000000000000000000000000000222222222222222222222222
22200000000000000222222222222222220000000000000000022000000022000220000000000220222222222222222222222222222222222222222222222222220220020000000000000000000000000000000000000000222222222222222222222222
20000000000000000022222222222222200200000000000000220002220000220000000000000220222222222222222222222222222222222222222222222222220220000000000000000000000000000000000000000002222222222222222222222222
00000000000000000000222222222222222200000220000022022002200000000000000022000002222222222222222222222222222222222222222222222222220200000000000000000200000000000000000000000002222222222222222222222222
00000000000000000002222222222222222200000220000022022002200000000000000022000002222222222222222222222222222222222222222222222222200200000000000000002220000000000000000000000000222222222222222222222222
00000200000000000022222222222222222200000000220000000000000000000000000000000000002222222222222222222222222222222222222222222222222000000000000000002220000000000000000000000000222222222222222222222222
00000200000000000022222222222222222200000000220000000000000000000000000000000000200222222222222222222222222222222222222222222222222000000000000000002200000000000000000000000000222222222222222222222222
00000000000000000000022222222222222222200222000000000002200000000000000000000222220222222222222222222222222222222222222222222222220000000000000000002000000000000000000000000000222222222222222222222222
00000022000000000002222222222222222222220222000000000002200000000000000000002222220222222222222222222222222222222222222222222222200000000000000000002000000000000000000000000002222222222222222222222222
20000022000000000222222222222222222222222220000022000000020000000000000000002222222222222222222222222222222222222222222222222222200000000000000000022000000000000000000000000002222222222222222222222222
00000022220000000222222222222222222222222220222200022000022200022000000200222222222222222222222222222222222222222222222222222222200000000000000002222000000000000000000000000000222222222222222222222222
00200022220000000222222222222222222222222222222200222000022200002000000200220222222222222222222222222222222222222222222222222222200000000000000002222000000000000000000000000000222222200222222222222002
00000022200002222222222222222222222222222222202000222000200000002000000222002222222222222222222222222222222222222222222222222222000000000000000222222000000000000000000000000000222222222222222222222000
00000022000002222222222222222222222222222222002000222000000000002000000022002222222222222222222222222222222222222222222222222222000000000000000222222000000000000000000000000000222202222222222222222222
00000002200000222222222222222222222222222222222022222200000022000200002200000222222222222222222222222222222222222222222222222222200000000000000002200000000000000000000000000000222000222002222220222222
00000000200000222222222222222222222222222222222022222022000022200200002200000222222222222222222222222222222222222222222222222222222000000000000002220000000000000000000000000000222200222222222220022222
02220000220000022200022222222222222222222220222022222222000000000222202200222222222222222222222222222222222222222222222222222222222200000000000002222000000000000000000000000000220022222222222222000222
00000000000000000222002222222222222222222222200022220222200020000222220022222222222222222222222222222222222222222222222222222200222220000000000022222200000000000000000000000000000022222222222222222222
00000000000000002222202222222222222222222222200222222222200000020222220022220222222222222222222222222222222222222222222222222200000000000000000022222200000000000000000000000000000002222220222222222222
00000000000020002222222222222222222222222222222222222222200000000000000022200222222222222222222222222222222222222222222222222220000000000000000222222220000000000000000000000000000000022220022222002222
00000000000020002222222222222222222222222220222222222222200000000000000022222222222222222222222222222222222222222222222222222220000000000000000222222000000000000000000000000000000000022222202222002222