55544444444443333333333333333333333333333333323333333333333233330233330000000000000000000220000002200000002222002200000002222222200000000000000000000000000000000000020000220000000000000002202000000000
55444444444443333333333333333333333333333333223333333333333332200332220000000000000020000220000002200000002222002220000202222222000000000000000000000000000000000000020020220000000000002202200000000000
55444444444444333333333333333233333333333333223333333333333333333300000000000000000002000222200000000000000000000222220222222222000220000000000000000000000000000000000022000000000000000000000000000000
44444433344444443333333333333323333333333333223333333333333333332000000000000000000000000222200000222000000200222222222222222222222220000000000000000000000000000000000022000000000000000000000000000000
33444433333344443333333333333322333333333333223333333333333333000003000000000000000000000000000000222220002200022222222222222222222220000022000000000000000000000000000000000000000022000000000000000000
33444444333344433333333333333333333333333333223333333333333330000002000000000000000000000000000000022200002222222222222222222222222220002222000000000000000000000000000000000000000022000000020000000000
33344444333333343333333333333333333333333333223333333333333330032000000023220000000000000000000000002222000022222222222222222222222002222200000000220000000000000000000000000000000002000000022000000000
34344444444433334333333333333333333333333322223333333333333300023320000032200000000000000000000002222202220022222222222222222222222222222200000000220000000000000000000000000000000022022000222000000000
44434444444343333333333333333333333333333322223333333333223300033220000023200000000000000000000002220000222222222222222222222222222002222200000000220000000000000000000000000000000022022000022000000000
44444444444443333334333333333333333333333332223333333332233300322000000000220000000000000000000000002222222222222222222222222222200022222220000022000000000000000000000000002200000000000002222220000000
44444444443333333333333333333333333333333332223333333322333200022000000000220000000000000000000000002222222222222222222222222222200222222220000022000000000000000000000000002200000000000002202220000000
44444444433343333333333333333333333333333322233333322223333322300000000000220000000000000000000220000222222222222222222222222222200222222222000000000000000000000220000000000000000000200222200220000000
34444444433333333333333333333333333333333332333332233333332322200000000000222020000000000000000220200022222222222222222222222222222222222222000000000000000000000220000000200000000000200222200220000000
33333444333333333444433333333333333333333333222332233332322222322000000000222220000000000000000222220022222222222222222222222222222022222222200000000220000000000220000000220000220000000002200220000000
33333333333333444444443333333333333333333332222322233333333222322200000000222220000000000000000222220022222222222222222222222222222222222222200000000220000002000220000000220200220000000002200220000000
33333333333334444444443333333333333332333332222222323233332222222220222200222220000000000000000022222222222222222222222222222222222222222220220000220200000002200000000000202222020000000000000000222000
33333333333334444444444433333333333322223332222223333233322222222220222222222222000000000000000022222222222222222222222222222222222222222200220220222220000002200000000000202222000000000000000000022000
33333333333344444444444433333333333332222222222222222222222222222222002222222222220000000000000222222222222222222222222222222222222222222200002220000200000000030000020200223222222222200000000000000000
33333333333444444444444433333333333333322222222222222222222222222222222222222222220000000000000222222222222222222222222222222222222222222022022200000000000030030000020233323323222222200000000000000000
33333333333444444454444433333333333333322222222222222222222222222222222222222222220000000000000022222222222222222222222222222222222222220022222200220220000220332223220023333332223333000000000000000000
33333333333444444555544443333333333333332222222222222222222222222222222222222222220000000000000022222222222222222222222222222222222222220222222222220220000330333333202333333333222233330000022000000000
33333333333444445555544444433333333333333222222222222222222222222322222222222222000000000000000002222222222222222222222222222222222222222222022222220002223330333333332333333333223333333000002220000000
33333333333344445555554444444333333333332222222222222222222222222222222222222222000000000000000222222222222222222222222222222222222222222222022222220022333330333333333333333333223333230000000220000000
33333333333333334555555444444433333333332222222222222222222222222222222222222222002220022000000222222222222222222222222222222222222222222222222022200223333333333333333333333333220033000000000000000200
33333333333333335555555544444443333333323222222222222222222222222222222222222222000022222220002222222222222222222222222222222222222222222222222022222233333333333333333333333333333323022002200000002000
33333333333333355555555544444443333333332222222222222222222222222222222222222222200002222220002222222222222222222222222222222222222222222222220222222233333333333344443333333333323332022033300000000000
33333333333444455555555544444443333333332223222222222222222222222222222222222222222220222222222222222222222222222222222222222222222222222222222200222233333333444444444433333333322332200000000000000000
33333333344444444444444444444444333333332233222222222222222222222222222222222222222220222222222222222222222222222222222222222222222222222222222202222233333334444444444433333333333333300000000020000000
33333333444444444444444444444443333333332332222222222222222222222222222222222222222222222222222222222222222222222222222222222222222222222222222222222333344334444444444333333333333222332002222220000000
33333333344444444444444444444443333333332233222222222222222222222222222222222222222222222222222222222222222222222222222222222222222222222222222222333333444444444444444333333333320033022002222220000000
33333333344444444444444444444333333333322333222222222222222222222222222222222222222222222222222222222222222222222222222222222222222222222223222233333333444444444444444443333333320000000000000220000000
33333333334444444433333444433333333333322323222222222222222222222222222222222222222222222222222222222222222222222222222222220222222222222322233333333333444455444444444443333333330000000000002220000000
43334443333333433333333333333333333333222222222222222222222222222222222222222222222222222222222222222222222222222222222222222222222222222233333333333334455555544444444443333323220000022002202220000000
44444444443333333333333333333333333333222232222222222222222222222222222222222222222222222222222222222222222222222222222222222222222322222333333333344444455555544444444443333222220000022332222222000000
55444444444333333333333333333333333333222332222222222222222222222222222222222222222222222222222222222222222222222222222222222000022322322333333333444444455555544444444433323332000000000222220222200000
55554444444433333333333333333333333333232223322222222222222222222222222222222222222222222222222222222222222222222222222222222000023333322333333334444455555555554444444333322222000000000222202222220000
55555555444443333333333333333333333333322233222222222222222222222222222222222222222222222222222222222222222222222222222222200002233333323333333334444455555555554444444333333222000000200002022202222200
55555555544444333333333333333333333333322332222222222222222222222222222222222222222222222222222222222222222222222222222222200222233333323333333344444455555555555444444333333332000000200000022022222200
55555555544444433333333333333333333333333322222222222222222222222222222222222222222222222222222222222222222222222222222222222222333333233333333444444555555555544444444433333332000022200000000222222000
55555555555544443333333333333333333333333232332322222222222222222222222222222222222222222222222222222222222222222222222222222223333333333333334444444555555554444444444433333332000022200002002222222000
55555555455554444333333333333344344333333333333333332222222222222222222222222222222222222222222222222222222222222222222222222223333333333333334444444444444444444444444333333332222222222222222222222000
55555554455555444333333333333344444433333333333333333322222222222222222222222222222222222222222222222222222222222222222222222233333332333333334444444444444444444444433333333332222222222222222222222000
55555444555554444333333333334444444444333333333333333333222222222222222222222222222222222222222222222222222222222222222222222333333332333333334444444444444334444444444333333332222222222222222222222000
55555554455444443333333333334444444444433333333333333333332222222222222222222222222222222222222222222222222222222222222222222333333333333333334444444444443334443334444333333222222222222222222222220222
55555554444444333333333333334444444444444443333333333333332222222222222222222222222222222222222222222222222222222222222222222333333333333333334444444444443332203333443333333332222222222222222322200222
55555555444433333333333333334444445555444444433333333333333222222222222222222222222222222222222222222222222222222222222222222333333333333333333344444444443322222233343333333333332222222222223222200002
55555555444333333333333333333444445555554444443333333333333322222222222222222222222222222222222222222222222222222222222222222333333323333333333334444444443322000233333333333333333322223322222222200002
55554444444333333333333333333444445555555444443333333333333332222222332222222222222222222222222222222222222222222222222222222333333333333333333333344444333333200223333333333333333322322232332222200022
55554444444333333333333333333334445555555544443333333333333333333333333222222222222222222222222222222222222222222222222222322333333333333333333333333333333333302223333333333333322233222222222222200022
55554444444444433333333333333334444555555444444443444443333333333333333332233222222222222222222222222222222222222223333322333333333333333344343333333333333233302222333333333333333322222222222222202222
55554445555544433333333333333344445555554444444444444444433333333333333333333322222222222222222222222222222222222223333322333333333333334444443333333333333223222222223333333333332222222222222222002222
44444445555544433333333333333344444554444444444444444444443333333333333333333323222222222222222222222222222222222223333333333333333333344444444333333333333333232202223223333332222222222222222222222022
44444444555544433333322233333344444444444444444444444444443333333333333333333333333322222222222222222222222222223222333333333333333333444444444433333333333333232222222222222222222222222222222220022022
43333444444444333333322333333344444444444444444444444444444444444433333333333333333333222222222222222222222222233233333323333333333334444444444443333333333333222222222200223222222222222222222000000222
33333444444433333333333333333344444444433333444444444555444444444444333333333333333333222222222222222222222222233233332333333344433444444444444444333333333233222222222200222222222222222222222200000222
33333344443333333333333333333334444443333333444444445555544444444444333333333333333333322222222222222222222222333333333333333444444444444444444443333333332232200000222222222222222222222222222000000022
33333333333333333322233333333333334433333333444444455555555554444444443333333333333333332222222222222222222222333333333333334444444444445555444444333333322222200002222000222222222222220222222222200000
33333333333333333222223322333333333333333333444444445555555555444444443333333333333333332222222222222222222222332333333333334444444445555555444444333333222222220002220000000222222222222202222222200020
33333333333322222222223232233333333333333333344444445555555555544444444333333333333333332222222222222222222222233323333333333444444455555555444443333333222222222220000000222222222200222000022220222222
33333333333222222222222233233333333333333333344444444555555555544444444433333333333333333222222222222222222222233322333333334444444555555555444433333332222222222220000002222222222000222002022220222222
33333333222222222222222223333333333333333333333444444555555555444444444433444444433333333222222222222222222223332333333333334444444555555555444443333332222222222220002222222222220000222222222222222222
33332222222222222222222222333333333333333333333444444555555554444444444444444444443333333222222222222222222222233333333333334444444455555555444443333332222222222220022222222222220002222022222222222222
33332222222222222222222222333323333333333333334444444455544444444444444444444444444333333222222222222222222222233333333333334444444444455555444444333333322222222222222222222222222200000022222222222222
33322222222222222222222222333323333333333333333444444444444444444444444444444444444333333323322222222222222222223333333333333334444444444444444444333333322222222222222222222222222200000222222222222222
33322222222222222222222222223322333333333333333444444444444444444444444444444444444433333322322222222222223323322333333333333333444444444444444444333332322222222222222222222222222222222222222222222222
33233332222222222222222222222222232333333333333444444444444444444444444444445554444433333323233222222222223333322333333333333333333333444444444444333333222222222222222222222222222222222222222222222222
33333332222222222222222222222222223333333333333444444444444444444444444445555554444443333333333222222222223223333333333333334333333333344444444444333333332222222222222222222222222222222222222222222222
33333332222222222222222222222222323333333333333444444444444433333334444445555555444444333333333333222223322333333333333443444443333333334444444433333333332222222222222222222222222222222222222222222222
33333333222222222222222222222222223333333333333344444444444333333334444445555555444444433333333333322233333333333333334444444443333333333344434443333333332222222222222222222222222222222222222222222222
33333333333332222222222222222222233333333333333334444444433333333333444445555555544444443333333322222223333333333333344444444443333333333333344433333333333222222222222222222222222222222222222222222222
33333333333333322222222222222222222333333333333333333344333333333333344444455555554444443333333332222223333333333344444444544444333333333333333333333333333222222222222222222222222222222222222222222222
33333333333333322222222222222222222333333333333333333333333333333333334444445555544444444333333332233223333333343344444455554444333333333333333333333333232222222222222222222222222222222222222222222222
33333333333333322222222222222222222223333333333333333333333333333333333333444555544444444333333332333333333333344444444455554444333333333333333333333333222222222222222222222222222222222222222222222222
33333333333333322222222222222222222333333333333333333333333333333333333333344444444444443333333333333233333333444444445555554443333333333333333333333332232222222222222222222222222222222222222222222222
33333333333333322222222222222222222323333333333333333333333333333333333333344444444444443333333333333333333333444444455555554443333223333333333333333332222222222222222222222222222222222222222222222222
33333333333333332222222222222222222233333333333333333333333333333333333333334444444444433333333333333333333333344444455555554443333322333323333333333322222222222222222222222222222222222222222222222222
44433333333332222222222222222222222223333333333333333333333333333332333333333444444444433333333333333333333334444444445555554443333332222333333332332222222222222222222222222222222222222222222222222222
44443332222222222222222222222222222233233333333333333333333333333222222233333334444443333333333333333334333344444444444455554444333332232323333223332222322222222222222222222222222222222222222222222222
44444333322222222222222222222222222223333333333333333333333333322222222233333333443333333333333333333444444444444444444444544444333333222223333223322223222222222222222222222222222222222222222222222222
44443333333332222222222222222222222223333233333333333333333332222222222223333333333333333333333333344444444455544433334444444444333332222222332222222232222222222222222222222222222222222222222222222222
44444333322332222222222222222222222222332223322333333333333322222222222223333333333333333333333333344455544555544333333444444444333333222222222222222222222222222222222222222222222222222222222222222222
44444333222222222222222222222222222222222322322222233333333322222222222223333333333333333333333333344555555555543333333444444444333333222222222222222222222222222222222222222222222222222222222222222222
44444332222222222222222222222222222222222333233223333333322222222222222222333333333333333333333333344455555554443333333343444443333332232222222222222222222222222222222222222222222222222222222222222222
44443322222222222222222222222222222222222233232223333323222222222222222222333333333333333333333333334445555554444333333333333333333332222222222222222222222222222222222222222222222222222222222222222222
44444322222222222222222222222222222222222223332233333222222222222222222222233333333333333333333333334444555554544433333333333333333332222222222222222222222222222222222222222222222222222222222222222222
44444433222222222222222222222222222222222223332222332222222222222222222222223333333333333333233333444445555555554433333333333333333333232222222222222222222222222222222222222222222222222222222222222222
33224433322222222222222222222222222222222222332222222222222222222222222222222232333333333333333333444445555555554433333333333333333333333322222222222222222222222222222222222222222222222222222222222222
33332233322222222222222222222222222222222222322222222222222222222222222222222222232322223323333334444555555555444433333333333333333333333333222222222222222222222222222222222222222222222222222222222222
33223222322222222222222222222222222222222222222222222222222222222222222222222222222222223333333334445555555554444333333333333333333333333333322222222222222222222222222222222222222222222222222222222222
23222332322222222222222222222222222222222222222222222222222222222222222222222222222222233333333334444555555554443333333333333333333333333333332233333222222222222222222222222222222222222222222222222222
22332233002222222222222222222222222222222222222222222222222222222222222222222222222222332333333334444555555554443333333333333333333333333333333333333333333222222222222222222222222222222222222222222222
22233222000222222222222222222222222222222222222222222222222222222222222222222222222222333333333444445555555544443333333333333333333333333333333333333333333332222222222222222222222222222222222222222222
20223300220222222222222222222222222222222222222222222222222222222222222222222222222323333333333444455555555444433333333333333333333334443333333333333333333332232222233222222222222222222222222222222222
20222300222222222222222222222222222222222222222222222222222222222222222222222222222333333333344444455555555444433333333333333333344444444443333333333333333333333333322222322222222233222222222222222222
22222233002222222222222222222222222222222222222222222222222222222222222222222222222233333333444444455554444444433333333333333334444444444444333333333333333333333332222223322222223333222333322222222222
22222022302222022222222222222222222222222222222222222222222222222222222222222222223333333334444445555554444444433333333333333334444444444444434444443333333333333332222222222222223333332333322222222222
02220022320020002222222222222222222222222222222222222222222222222222222222222222222333333333444455555555444444333333333333333334444444444444444444444443333333333333333333233323333333333333333332222222
00220022220000000022222222222222222222222222222222222222222222222222222222222222223333333334444445555555444433333333333333444444444444445544444444444444333333333333333333333333333333333333333332222222
00200000220022222222222222222222222222222222222222222222222222222222222222222222223333333333444444445554444433333333333333444444444444555555444444444444333333333333333333333333333333333333333333222222
00200000220022202222222222222222222222222222222222222222222222222222222222222222222333333333344444444444444433333333333334444444444444455555555554444444443333333333333333333333333344433333333333332222
22220000000022222222022222200022222222222222222222222222222222222222222222222222222333333333344445544444444333333333333334445544444444455555555555444444443333333333343333333333334444444333333333332222
22220000000022222222222222022002222222222222222222222222222222222222222222222222222333333334444555544444443333333333333334455554444444455555555555444444443333334444444333333333344444444434433333333222
22220000000000000002222222222022200222222222222222222222222222222222222222222222333333333444444555554444333333333333333344455554444444445555555554444444444444444444444333333333344444544444443333333223
22222200000000000002222222222222222222222222222222222222222222222222222222222233333333333444455555554444333333333333333444455555444444445555555544444444444444444444444433333333444445554444443333333223
22222000000000000002222202222222222222222222222222222222222222222222222222223333333333334444455555554444333333333333333444455555444444445555544444444444444444444444444433333334444555555444444333444234
22222000000000022222222202222222222222222222222222222222222222222222222222333333333333344444445555544444333333333333333444444554444444444555444444444444444444444444444443333344445555555545444334555455
22222000000000002222222222222222222222222222222222222222222222222222222222333333333344444445544444444444433333323333333444444444444444444444444444444444444444444554444433333344455555555555544444555555
22222000000000002222222222222222222222222222222222222222222222222222222222333333333444444455554444444444333333333333333344444444444444444444444444443334444455555555444433333444445555555555544445555555
22220000000000002222222222222222222222222222222222222222222222222222222222333333334444445555554444444443333333233333333333333444443444444444444443333334444455555555444433333444444455555555554445555555
22220000000000002222222222222222222222222222222222222202222222222222222223233333334444455555554443333333333333233333333333333333333444444444444433333334444455555555444433333344444445555555554444443344
22220000000000022222222222222222222222222222200022022202222222222222222223333333344444555555554444333333333333333333333333333333333444444444444433333333444445555555444433333333444445555555544444433322
22220000000000222222222222222222222222222222202222002200222222222222222223333333344444455555554444333333333333333333333333333333333344444444444333333333334444455555444433333333344445555555544444333222
02220000000000220002222222222222222222222222022222002200222222222222222333333333344444444455554444333333333333333333333333333333333334444444433333333333333444445555444433333333344455555555544444333332
00000000000000000000000222222222222222222222022220000220002222222222222333333333334444444445554444433333333333333333334333333333333333444433333333333333333333444554444443333333344455555555554443333333
00000000000000000000000222222222222222222222022220000222000222222222222223333333333444444444444444433334444443334444344443333333333333333433333333333333333333444444444433333333344444445455554443333333
00000000000000000000000022222222222222222222222200200000000222222222222223333333333333334444444444433344444444444444444443333333333333333333333333333333333333444444444333333333334444444455554444333332
00000000000000000000000002200222222222222222222200200000000222222222222222233333333333333444444444433444444444444444444443333333333333333333333333333222223333344444444433333333333333443444444444333222
00000000000000000000000000000000022222222222222222000000002220002222222222223333333333333334444444433444444444444444444443333333333333333333333333332222222333334444444333344433333333333344444443333332
00000000000000000000000000000000000222222222222222000000000220000222222222222333333333333334434444333444444445545555444443333333333333333333333333222222222333333333333334444444433333333334444444332333
00000000000000000000000000000000000022222222222222200000022002222220222222222222333333333333333333333444444555555555444443333333333333333333333333332222222333333333333344444444443333333333333333322322
00000000000000000000000000000000000022222222222222200000222222222220222222222222233322333333333333333344444455555555444433333333333333333333333333322223223333333333333444444444444333333333333333333322
00000000000000000000000000000000000000222222000000002002222222222220002222222222222222333333333333333344444455555554444433333333333323333333333333322223323333333333334444444444443333333333333333333322
00000000000000000000000000000000000000222200000000002222222222222220002222222222222222233333333333333333444444555554444333333333333333333333333333222223333333333334444444455544444333333333333333333333
00000000000000000000000000000000000000222200000000000022222222222220022222222222222222233333333333333333344444455554444333333333333333333333333222222322333333333344444444555544444333333333333333223233
00000000000000000000000000000000000000022200222222222222222222222222222222222222222222223333333233333333333334445554444333333333333333333333322222222222333333333444444445555554444333333332333332223323
00000000000000000000000000000000000000002200222222222222222222222222222200222222222222222233322233333333333334444444444333333333333233333322222222222223333333334444444455555554444433333322333332223222
00000000000000000000000000000000000000000000000000000000020222222222220000222222222222222232222233333333333333444444443333333323333233333222222222332333333333344444444555555554444433343333333333222222
00000000000000000000000000000000000000000000000000000000000222222220222002222222222222222222222333333333333333444444443333333323232233333322222222233333333333334444444555555555444444443333333333322332
00000000000000000000000000000000000000000000000000000000000000000000000022002222222222222222233333333333333333334344433333333222222332333322222222333333333333334444444455555555444444333333333333333333
00000000000000000000000000000000000000000000000000000000000000000000000022000022222222233332233333333333333333333333333333333322222222233222222222223333333333334444444444455555444444333333443333333322
00000000000000000000000000000000000000000000000000000000000000000000220000000000022202233333333333333333333333333333333333333332222222223222222222333333333333334444444444444444444444444334443343333322
00000000000000000000000000000000000000000000000000000000000000000000220000000000000002233333333333333333333333333333333333333332222222222222222222333333333333333334444444444444444444444434443333333443
00000000000000000000000000000000000000000000000000000000000000000000000000220000000023333333333333344444433333333333333333323332222222222222222222223333333333333334444343444444444444444444444433333333
00000000000000000000000000000000000000000000000000000000000000000000000000220000000033333333333334344444443333333333333333333333222222222222222222333333333333333333333333444444444444444444444443333244
00000000000000000000000000000000000000000000000000000000000000000000000000000000220333333333333344444444443333333333333333333223222222222222222222322333333333333333333333344444444444444444444444322233
00000000000000000000000000000000000000000000000000000000000000000000000000000000220333333333344444444444444333333333323333333322222222222222222222322333333333333333333333344444444444444433444444442223
00000000000000000000000000000000000000000000000000000000000000000000000000000000000003333333444444444444444333333333333332233222222222222222222222222333333333333333333334444434444444444444444444443332
00000000000000000000000000000000000000000000000000000000000000000000000000000000000000033344444444555544444333333333333322222222222222222222222222222222333333333333333333344444444444444444444444444333
00000000000000000000000000000000000000000000000000000000000000000000000000000000000000000244444455555544444333333333222322222222222222222222222222222222333333333333333344444444444444444444444444444443
00000000000000000000000000000000000000000000000000000000000000000000000000000000000000000000444555555544443333333322222222222222222222222222222222222222322223333333333444444444444444444444444444444444
00000000000000000000000000000000000000000000000000000000000000000000000000000000000000000000045555555444433333333322222222200222222222222222222222222222222222332333333444444444444444444444444444444444
00000000000000000000000000000000000000000000000000000000000000000000000000000000000000000000000555555444443333333322222222200222222222222222222222222222222222223333334444444444444444444444444444444444
00000000000000000000000000000000000000000000000000000000000000000000000000000000000000000000000000055444443333333322200222000020022222222222222222222222222222222333333444444444444444444444444444444444
00000000000000000000000000000000000000000000000000000000000000000000000000000000000000000000000000000444444333333322200002200000222222222222222222222222222222222343334444444444444444444444444444444444
00000000000000000000000000000000000000000000000000000000000000000000000000000000000000000000000000000044444332323320000002200000022222222222222222222222222222222444344444444444444444444444444444444444
00000000000000000000000000000000000000000000000000000000000000000000000000000000000000000000000000000000043333222200000000000000022222222222222222222222222222222444444444444444444444444444444444444444
00000000000000000000000000000000000000000000000000000000000000000000000000000000000000000000000000000000003333322200000000000000022222222222222222222222222222222433444444444444444444444444444444444444
00000000000000000000000000000000000000000000000000000000000000000000000000000000000000000000000000000000000033222222000000000222200222222222222222222222222222222433444444444444444444444444444443344444
00000000000000000000000000000000000000000000000000000000000000000000000000000000000000000000000000000000000022222222000000000222202222222222222222222222222222222444444444444444444444444444444443444444
00000000000000000000000000000000000000000000000000000000000000000000000000000000000000000000000000000000000000022200000000000222222222222222222222222222222222222244444444444444444444444444444444444444
00000000000000000000000000000000000000000000000000000000000000000000000000000000000000000000000000000000000000002200000000000222222222222222222222222222222222222244444444444444444444444444444444444444
00000000000000000000000000000000000000000000000000000000000000000000000000000000000000000000000000000000000000000000000000000222222222222222222222222222222222222234444444444444444444444444444444444444
00000000000000000000000000000000000000000000000000000000000000000000000000000000000000000000000000000000000000000000000000022222222222222222222222222222222222222233333334444444444444444444444444344444
00000000000000000000000000000000000000000000000000000000000000000000000000000000000000000000000000000000000000000000000000022222222222222222222222222222222222222233333333333343444444433334434433334444
00000000000000000000000000000000000000000000000000000000000000000000000000000000000000000000000000000000000000000000000002222222222222222222222222222222222222222233333333333333333333344433333333333344
00000000000000000000000000000000000000000000000000000000000000000000000000000000000000000000000000000000000000000000000002202222222222222000222222222222222222222233333333333333333333333333333333333344
00000000000000000000000000000000000000000000000000000000000000000000000000000000000000000000000000000000000000000000022002200222222222222000222222222222222222222233333333333333333333333222233333332344
00000000000000000000000000000000000000000000000000000000000000000000000000000000000000000000000000000000000000000000022002222222222222222000202222222222222222222233333333333333333333333222233233332244
00000000000000000000000000000000000000000000000000000000000000000000000000000000000000000000000000000000000000000000000000022222222222200000222222222222222222222243333333333333333333333222243333330034
00000000000000000000000000000000000000000000000000000000000000000000000000000000000000000000000000000000000000000000000000022222202222200000222222222222222222222243344443333333333333333222244333300034
00000000000000000000000000000000000000000000000000000000000000000000000000000000000000000000000000000000000000000000000000022222022222202222222222222222222222222233334444444433333333333222244333222244
00000000000000000000000000000000000000000000000000000000000000000000000000000000000000000000000000000000000000000000000000022220022000002222222222222202222222222243434444444444443333333222244433322244
00000000000000000000000000000000000000000000000000000000000000000000000000000000000000000000000000000000000000000000000000022000022000000022222222222222222222222234444444444444444444333332244433332224
00000000000000000000000000000000000000000000000000000000000000000000000000000000000000000000000000000000000000000000000000000000022000000022222222222222222222222224444444444444444444444433333433332224
00000000000000000000000000000000000000000000000000000000000000000000000000000000000000000000000000000000000000000000000000020000000220000022222222222200022222222233443444444444444444444443333333332224
00000000000000000000000000000000000000000000000000000000000000000000000000000000000000000000000000000000000000000000000000000000000220000022222222222000022222222223443344444444444444444444443333333223
00000000000000000000000000000000000000000000000000000000000000000000000000000000000000000000000000000000000000000000000000000000000000000002222220002222222222222223444344444444444444444444444433333223
00000000000000000000000000000000000000000000000000000000000000000000000000000000000000000000000000000000000000000000000000000000000000000000222220002222222222222223344444444444444444444444444444433323
00000000000000000000000000000000000000000000000000000000000000000000000000000000000000000000000000000000000000000000000000000000000000220000020022222222222222222223344444444444444444444444444444444333
00000000000000000000000000000000000000000000000000000000000000000000000000000000000000000000000000000000000000000000000000000000000002222220000022222222222222222223333444444444444444444444444444444434
00000000000000000000000000000000000000000000000000000000000000000000000000000000000000000000000000000000000000000000000000000000000022222222222002222222222222222223333444444444444444444444444444444444
00000000000000000000000000000000000000000000000000000000000000000000000000000000000000000000000000000000000000000000000000000000000022222222222222222222222222222223333344444444444444444444444444444444
00000000000000000000000000000000000000000000000000000000000000000000000000000000000000000000000000000000000000000000000000000000000022222222222222222222222222222223333344443344444444444444444444444444
00000000000000000000000000000000000000000000000000000000000000000000000000000000000000000000000000000000000000000000000000000000000022222222222222222222222222222223333334334343444444444444444444444444
00000000000000000000000000000000000000000000000000000000000000000000000000000000000000000000000000000000000000000000000000000000000002222222222222222222222222222223333333433444443444444444444444444444
00000000000000000000000000000000000000000000000000000000000000000000000000000000000000000000000000000000000000000000000000000000000002222222222222222222222222222223333333443344443444444444444444444444
00000000000000000000000000000000000000000000000000000000000000000000000000000000000000000000000000000000000000000000000000000000000000222222222222222222222222222222333333344444444444444444444444444444
00000000000000000000000000000000000000000000000000000000000000000000000000000000000000000000000000000000000000000000000000000000000000222222222222222222222222222224433333334444444444444444444444444444
00000000000000000000000000000000000000000000000000000000000000000000000000000000000000000000000000000000000000000000000000000000000000222222222222222222222222222222444333333444444444444444444444444444
00000000000000000000000000000000000000000000000000000000000000000000000000000000000000000000000000000000000000000000000000000000000000000000222222222222222222222222444444333344444444444444444444444444
00000000000000000000000000000000000000000000000000000000000000000000000000000000000000000000000000000000000000000000000000000000000000000000022222222222222222222222444444444444444444444444444444444444
00000000000000000000000000000000000000000000000000000000000000000000000000000000000000000000000000000000000000000000000000000000000000000000002222220022222222222222444444444444444444444444444444444444
00000000000000000000000000000000000000000000000000000000000000000000000000000000000000000000000000000000000000000000000000000000000000000000002222222222222222222222444444444444444444444444444444444444
00000000000000000000000000000000000000000000000000000000000000000000000000000000000000000000000000000000000000000000000000000000000000000000000000222222222222222222334444444444444444444444444444444444
00000000000000000000000000000000000000000000000000000000000000000000000000000000000000000000000000000000000000000000000000000000000000000000000000222222222222222222333344444444444444444444444444444444
00000000000000000000000000000000000000000000000000000000000000000000000000000000000000000000000000000000000000000000000000000000000000000000000000022222222222222222333333444444444444444444444444444444
00000000000000000000000000000000000000000000000000000000000000000000000000000000000000000000000000000000000000000000000000000000000000000000000000222222222222222222333333344444444444444444444444444444
00000000000000000000000000000000000000000000000000000000000000000000000000000000000000000000000000000000000000000000000000000000000000000000000000222222222222222222333333344444444444444444444444444444
00000000000000000000000000000000000000000000000000000000000000000000000000000000000000000000000000000000000000000000000000000000000000000000000000002222222222222222333333344444444444444444444444444444
00000000000000000000000000000000000000000000000000000000000000000000000000000000000000000000000000000000000000000000000000000000000000000000000000002002222222222222333333344444444444444444444444444444
00000000000000000000000000000000000000000000000000000000000000000000000000000000000000000000000000000000000000000000000000000000000000000000000000000000222222222222333333333444444444444444444444444444
00000000000000000000000000000000000000000000000000000000000000000000000000000000000000000000000000000000000000000000000000000000000000000000000000000000222222222222333333333344444444444444444444444444
00000000000000000000000000000000000000000000000000000000000000000000000000000000000000000000000000000000000000000000000000000000000000000000000000000000022222222222233333333344444444444444444444444444
00000000000000000000000000000000000000000000000000000000000000000000000000000000000000000000000000000000000000000000000000000000000000000000000000000000022222222222233333333334444444444444444444444444
00000000000000000000000000000000000000000000000000000000000000000000000000000000000000000000000000000000000000000000000000000000000000000000000000000000002222222222233333333333444444444444444433344444
00000000000000000000000000000000000000000000000000000000000000000000000000000000000000000000000000000000000000000000000000000000000000000000000000000000000222222222233333333333444444444444444443344444
00000000000000000000000000000000000000000000000000000000000000000000000000000000000000000000000000000000000000000000000000000000000000000000000000000000000022222222233333333333344444444444444444333444
00000000000000000000000000000000000000000000000000000000000000000000000000000000000000000000000000000000000000000000000000000000000000000000000000000000000002222222233333333333333444444444444444333344
00000000000000000000000000000000000000000000000000000000000000000000000000000000000000000000000000000000000000000000000000000000000000000000000000000000000000022222233333333333333344444444444444433344
00000000000000000000000000000000000000000000000000000000000000000000000000000000000000000000000000000000000000000000000000000000000000000000000000000000000000022222233333333333333334434444444444444444