22222222222222222222222222222220000200000000000000000000000000000000000000000000000000000000000000000000000000000000000000000000000000000000000000000000000000000000000000000000000000000000000000000000
22222222222222222222222222222000000000000000000000000000000000000000000000000000000000000000000000000000000000000000000000000000000000000000000000000000000000000000000000000000000000000000000000000000
22222222222222222222222222222000000000000000000000000000000000000000000000000000000000000000000000000000000000000000000000000000000000000000000000000000000000000000000000000000000000000000000000000000
22222222222222222222222222220000000000000000000000000000000000000000000000000000000000000000000000000000000000000000000000000000000000000000000000000000000000000000000000000000000000000000000000000000
22222222222222222222222222220000000000000000000000000000000000000000000000000000000000000000000000000000000000000000000000000000000000000000000000000000000000000000000000000000000000000000000000000000
22222222222222222222222222222000000000000000000000000000000000000000000000000000000000000000000000000000000000000000000000000000000000000000000000000000000000000000000000000000000000000000000000000000
22222222222222222222222222200000000000000000000000000000000000000000000000000000000000000000000000000000000000000000000000000000000000000000000000000000000000000000000000000000000000000000000000000000
22222222222222222222222222200000000000000000000000000000000000000000000000000000000000000000000000000000000000000000000000000000000000000000000000000000000000000000000000000000000000000000000000000000
22222222222222222222222222200000000000000000000000000000000000000000000000000000000000000000000000000000000000000000000000000000000000000000000000000000000000000000000000000000000000000000000000000000
22222222222222222222222222220000000000000000000000000000000000000000000000000000000000000000000000000000000000000000000000000000000000000000000000000000000000000000000000000000000000000000000000000000
22222222222222222222222222200000000000000000000000000000000000000000000000000000000000000000000000000000000000000000000000000000000000000000000000000000000000000000000000000000000000000000000000000000
22222222222222222222222222200000000000000000000000000000000000000000000000000000000000000000000000000000000000000000000000000000000000000000000000000000000000000000000000000000000000000000000000000000
22222222222222222222222222222000000000000000000000000000000000000000000000000000000000000000000000000000000000000000000000000000000000000000000000000000000000000000000000000000000000000000000000000000
22222222222222222222222222220000000000000000000000000000000000000000000000000000000000000000000000000000000000000000000000000000000000000000000000000000000000000000000000000000000000000000000000000000
22222222222222222222222222222000000000000000000000000000000000000000000000000000000000000000000000000000000000000000000000000000000000000000000000000000000000000000000000000000000000000000000000000000
22222222222222222222222222222000000000000000000000000000000000000000000000000000000000000000000000000000000000000000000000000000000000000000000000000000000000000000000000000000000000000000000000000000
22222222222222222222222222222000000000000000000000000000000000000000000000000000000000000000000000000000000000000000000000000000000000000000000000000000000000000000000000000000000000000000000000000000
22222222222222222222222222222000000000000000000000000000000000000000000000000000000000000000000000000000000000000000000000000000000000000000000000000000000000000000000000000000000000000000000000000000
22222222222222222222222222222000000000000000000000000000000000000000000000000000000000000000000000000000000000000000000000000000000000000000000000000000000000000000000000000000000000000000000000000000
22222222222222222222222222222000000000000000000000000000000000000000000000000000000000000000000000000000000000000000000000000000000000000000000000000000000000000000000000000000000000000000000000000000
22222222222222222222222222222000000000000000000000000000000000000000000000000000000000000000000000000000000000000000000000000000000000000000000000000000000000000000000000000000000000000000000000000000
22222222222222222222222222222000000000000000000000000000000000000000000000000000000000000000000000000000000000000000000000000000000000000000000000000000000000000000000000000000000000000000000000000000
22223223222222222222222222222000000000000000000000000000000000000000000000000000000000000000000000000000000000000000000000000000000000000000000000000000000000000000000000000000000000000000000000000000
22333322222222222222222222222200000000000000000000000000000000000000000000000000000000000000000000000000000000000000000000000000000000000000000000000000000000000000000000000000000000000000000000000000
23333332222222222222220222222000000000000000000000000000000000000000000000000000000000000000000000000000000000000000000000000000000000000000000000000000000000000000000000000000000000000000000000000000
33323222222222222222220222222000000000000000000000000000000000000000000000000000000000000000000000000000000000000000000000000000000000000000000000000000000000000000000000000000000000000000000000000000
22222222222222222222220022222000000000000000000000000000000000000000000000000000000000000000000000000000000000000000000000000000000000000000000000000000000000000000000000000000000000000000000000000000
22222222222222222222220002222000000000000000000000000000000000000000000000000000000000000000000000000000000000000000000000000000000000000000000000000000000000000000000000000000000000000000000000000000
22222222022222222222222222022200000000000000000000000000000000000000000000000000000000000000000000000000000000000000000000000000000000000000000000000000000000000000000000000000000000000000000000000000
22222222222222222222222200222000000000000000000000000000000000000000000000000000000000000000000000000000000000000000000000000000000000000000000000000000000000000000000000000000000000000000000000000000
22222222222222222222222222222000000000000000000000000000000000000000000000000000000000000000000000000000000000000000000000000000000000000000000000000000000000000000000000000000000000000000000000000000
22222222222222222222222222220000000000000000000000002200000000000000000000000000000000000000000000000000000000000000000000000000000000000000000000000000000000000000000000000000000000000000000000000000
22222222222222222222222222220000000000000000000002002200000000000000000000000000000000000000000000000000000000000000000000000000000000000000000000000000000000000000000000000000000000000000000000000000
22222222222222222222222222222000000000000000000020220000000000000000000000000000000000000000000000000000000000000000000000000000000000000000000000000000000000000000000000000000000000000000000000000000
22222222222222222222222222222200000000000000000002222200000000000000000000000000000000000000000000000000000000000000000000000000000000000000000000000000000000000000000000000000000000000000000000000000
22222222222222222222222222200000000000000022000222020000000000000000000000000000000000000000000000000000000000000000000000000000000000000000000000000000000000000000000000000000000000000000000000000000
22222222222222222222222222200000000000000022200022220000000000000000000000000000000000000000000000000000000000000000000000000000000000000000000000000000000000000000000000000000000000000000000000000000
22222222222222022222222222200000000000020200000022200000000000000000000000000000000000000000000000000000000000000000000000000000000000000000000000000000000000000000000000000000000000000000000000000000
22022222222200022222232222200000000000000000000222000200000000000000000000000000000000000000000000000000000000000000000000000000000000000000000000000000000000000000000000000000000000000000000000000000
22222222222200022222220322202220000002000000002220000000000000000000000000000000000000000000000000000000000000000000000000000000000000000000000000000000000000000000000000000000000000000000000000000000
22222222222200022222220222202220000002022000002200002000300000000000000000000000000000000000000000000000000000000000000000000000000000000000000000000000000000000000000000000000000000000000000000000000
22222222022220222222222220222232322222002202022200002322322300000000000000000000000000000000000000000000000000000000000000000000000000000000000000000000000000000000000000000000000000000000000000000000
22222222222202022222222223202333332222002200022222000022223200000000000000000000000000000000000000000000000000000000000000000000000000000000000000000000000000000000000000000000000000000000000000000000
22222222222220022222022332222222233330220002222200222222220000000000000000000000000000000000000000000000000000000000000000000000000000000000000000000000000000000000000000000000000000000000000000000000
22222222222220222222222333222222222330220002322222222222230000000000000000000000000000000000000000000000000000000000000000000000000000000000000000000000000000000000000000000000000000000000000000000000
22222222222200222222222002222232223333202222322222222222220000000000000000000000000000000000000000000000000000000000000000000000000000000000000000000000000000000000000000000000000000000000000000000000
22222222222200022222322202332222332332322232332222222222230000000000000000000000000000000000000000000000000000000000000000000000000000000000000000000000000000000000000000000000000000000000000000000000
22022222222222222222222222222222344332322223022222222222230000000000000000000000000000000000000000000000000000000000000000000000000000000000000000000000000000000000000000000000000000000000000000000000
22222222222222222233222222223222224343342222222222222222230000000000000000000000000000000000000000000000000000000000000000000000000000000000000000000000000000000000000000000000000000000000000000000000
22222222000022222222322222233332333244444322022222222222200000000000000000000000000000000000000000000000000000000000000000000000000000000000000000000000000000000000000000000000000000000000000000000000
22222222000000222223333322233324444354444322220222222222030000000000000000000000000000000000000000000000000000000000000000000000000000000000000000000000000000000000000000000000000000000000000000000000
22222222220022222222333333233445544554344333333222233222330000000000000000000000000000000000000000000000000000000000000000000000000000000000000000000000000000000000000000000000000000000000000000000000
22222222220222222232222233334455435443222333332333322223320000000000000000000000000000000000000000000000000000000000000000000000000000000000000000000000000000000000000000000000000000000000000000000000
22220222222322222322223332323454455422222222333232233333220000000000000000000000000000000000000000000000000000000000000000000000000000000000000000000000000000000000000000000000000000000000000000000000
22220222222222222322222233333455444543233444333332222233330000000000000000000000000000000000000000000000000000000000000000000000000000000000000000000000000000000000000000000000000000000000000000000000
22222222222222223222223323334455555555433343333322222223340000000000000000000000000000000000000000000000000000000000000000000000000000000000000000000000000000000000000000000000000000000000000000000000
22222222222222220222333233334445454434442332333332222222444200000000000000000000000000000000000000000000000000000000000000000000000000000000000000000000000000000000000000000000000000000000000000000000
22002222222222200222232333333444443334323222223332222222344400000000000000000000000000000000000000000000000000000000000000000000000000000000000000000000000000000000000000000000000000000000000000000000
02222222002222000222322333333442222233322222223223222222344400000000000000000000000000000000000000000000000000000000000000000000000000000000000000000000000000000000000000000000000000000000000000000000
00222022200222000222223223333332322232323223222222222342234550000000000000000000000000000000000000000000000000000000000000000000000000000000000000000000000000000000000000000000000000000000000000000000
00022223200200000222222223333323222232222222222222332333444550000000000000000000000000000000000000000000000000000000000000000000000000000000000000000000000000000000000000000000000000000000000000000000
00002202300200000022222322332322222223333222223343433344545550000000000000000000000000000000000000000000000000000000000000000000000000000000000000000000000000000000000000000000000000000000000000000000
00000022202200000000002220323222322003303032222234444444555550000000000000000000000000000000000000000000000000000000000000000000000000000000000000000000000000000000000000000000000000000000000000000000
00000222222200000000000220022222232023330032223222334444455550000000000000000000000000000000000000000000000000000000000000000000000000000000000000000000000000000000000000000000000000000000000000000000
00300202220000000000000000000000300030300030330023344434455550000000000000000000000000000000000000000000000000000000000000000000000000000000000000000000000000000000000000000000000000000000000000000000
00300000200000000003300000000000000000000000220222333234445550000000000000000000000000000000000000000000000000000000000000000000000000000000000000000000000000000000000000000000000000000000000000000000
00000000000000000003000030000000000000003003332223332445434550000000000000000000000000000000000000000000000000000000000000000000000000000000000000000000000000000000000000000000000000000000000000000000
00000000000000000000033330030000000000003003423233444445455455000000000000000000000000000000000000000000000000000000000000000000000000000000000000000000000000000000000000000000000000000000000000000000
00000000000000000000000000033000000000002333222223444444455555000000000000000000000000000000000000000000000000000000000000000000000000000000000000000000000000000000000000000000000000000000000000000000
00000000000000000000000000022000000000003200223343444444444555550000000000000000000000000000000000000000000000000000000000000000000000000000000000000000000000000000000000000000000000000000000000000000
00000000000000000000000000000000000000030022234334444443345455450000000000000000000000000000000000000000000000000000000000000000000000000000000000000000000000000000000000000000000000000000000000000000
00000000000000000000000000000000000000300023343444444344455555555555000000000000000000000000000000000000000000000000000000000000000000000000000000000000000000000000000000000000000000000000000000000000
00000000000000000000000000000000000000000033224444344344555555555554400000000000000000000000000000000000000000000000000000000000000000000000000000000000000000000000000000000000000000000000000000000000
00000000000000000000000000000022020000000032332233243444445555555555444400000000000000000000000000000000000000000000000000000000000000000000000000000000000000000000000000000000000000000000000000000000
00000000000000000000022200022222222000002323333434323434444555555554444420000000000000000000000000000000000000000000000000000000000000000000000000000000000000000000000000000000000000000000000000000000
00000003030000000002022200022222222220003333320344344333444445555554444443440000000000000000000000000000000000000000000000000000000000000000000000000000000000000000000000000000000000000000000000000000
00002230000000022222222220222022022222303333233333433333344455555554444443444444200000000000000000000000000000000000000000000000000000000000000000000000000000000000000000000000000000000000000000000000
00002333300003022222222222222000222222302232333322333334444444455444444333333444330000000000000000000000000000000000000000000000000000000000000000000000000000000000000000000000000000000000000000000000
30003233030002300000000222222220202233032300222222233344444444444444444322343344443000000000000000000000000000000000000000000000000000000000000000000000000000000000000000000000000000000000000000000000
03033222000002200000000222222222202222002220222332233344444444444444443332333434444200000000000000000000000000000000000000000000000000000000000000000000000000000000000000000000000000000000000000000000
00003000000000000000000000022022200223003223233323322344444444444444444333334334344343300000000000000000000000000000000000000000000000000000000000000000000000000000000000000000000000000000000000000000
00000000000000000000000000022023002233232223333333333333344444444444444433343334443333333222220000000000000000000000000000000000000000000000000000000000000000000000000000000000000000000000000000000000
00000000000000000000000000022000000333222222332333333233334444444444444443334444334432333333230000000000000000000000000000000000000000000000000000000000000000000000000000000000000000000000000000000000
00000000000000000000000000200000000333232222223333333333334444444444444334344333344332333333233200000000000000000000000000000000000000000000000000000000000000000000000000000000000000000000000000000000
00000000000000000000000000200000002230220033333333333333334434444444444444444333343222233332223300000000000000000000000000000000000000000000000000000000000000000000000000000000000000000000000000000000
00000000000000000000000000020000002030233233333333333333334344444444444444434433242232333332223300000000000000000000000000000000000000000000000000000000000000000000000000000000000000000000000000000000
00000000000000000000000000000000002020223232223333333333334344444544444444433423232222333332223230000000000000000000000000000000000000000000000000000000000000000000000000000000000000000000000000000000
00000000000000000000000000000000002220022222233333333333334444455555444444444333232222233323333333302322220000000000000000000000000000000000000000000000000000000000000000000000000000000000000000000000
00000000000000000000000000000000000020202332333333333223333344555555444444444322232222223333323223202233320000000000000000000000000000000000000000000000000000000000000000000000000000000000000000000000
00000000000000000000000000000000000000022233333332222233333444555555544444444332232222222333332032222223330000000000000000000000000000000000000000000000000000000000000000000000000000000000000000000000
00000000000000000000000000000000000000002223333332222333333344555555554444443333232222222233330032002222220000000000000000000000000000000000000000000000000000000000000000000000000000000000000000000000
00000000000000000000000000000000000220222202202333333333334444555555544444444433232022222333320000002222200000000000000000000000000000000000000000000000000000000000000000000000000000000000000000000000
00000000000000000000000000000000002220222200002222233334344444555555544444443443222222022333320000022222000000000000000000000000000000000000000000000000000000000000000000000000000000000000000000000000
00000000000000000000000000000000000222220023200000020222334445555555544444443434023222203333220000002222000000000000000000000000000000000000000000000000000000000000000000000000000000000000000000000000
00000000000000000020222000000003202322223333220022002022223345555555533444433433232332303333320000003222000000000000000000000000000000000000000000000000000000000000000000000000000000000000000000000000
00000000000000000002222222200222223323322233333333333332223334554454433344343433033033332333000222002222000000000000000000000000000000000000000000000000000000000000000000000000000000000000000000000000
00000000000000000002223222220232222222222333333333333333344344554554433344344332043033333322022022002322000000000000000000000000000000000000000000000000000000000000000000000000000000000000000000000000
00000000000000000000022000222222222222222333333333333344343444444444332343344233332033333322202200000022220000000000000000000000000000000000000000000000000000000000000000000000000000000000000000000000
00000000000000000000022000000022222222222323333333333333344444444444233333343223233023233322000300000022220000000000000000000000000000000000000000000000000000000000000000000000000000000000000000000000
00000000000000000000000000000000200020002333323333333333334334444443333333323233233223323300002300200022320000000000000000000000000000000000000000000000000000000000000000000000000000000000000000000000
00000000000000000000002002000000000020022223333333333333344334444443223333322233332333323333202200300022222000000000000000000000000000000000000000000000000000000000000000000000000000000000000000000000
00000000000000000000000233322222202232232332333443333332444334444443233333222233333323332330320022300032002200000000000000000000000000000000000000000000000000000000000000000000000000000000000000000000
20000000000000000000023322222222232322333333223332233333444444343333343333232332333333323233330022200022002200000000000000000000000000000000000000000000000000000000000000000000000000000000000000000000
22220000000000000000002223220220022222233333222222233333332334433333333332223333333333333323303223000000022222000000000000000000000000000000000000000000000000000000000000000000000000000000000000000000
22220000000000000000000222222222222222233222222222234444333434444344333332232333333323232233303232000000002222200000000000000000000000000000000000000000000000000000000000000000000000000000000000000000
22000000000000000000000002222222222002223222220033344443324434433342333333332233333332332323033033000000032222220000000000000000000000000000000000000000000000000000000000000000000000000000000000000000
22000000000000000003300222220202200222222222203333344433344434343433233322323223333332323330223332000000222222220000000000000000000000000000000000000000000000000000000000000000000000000000000000000000
22000000000000000000000222202002202232322332003333333433334343344433323222223323333332322300332322000002222222220000000000000000000000000000000000000000000000000000000000000000000000000000000000000000
22200000000000000000000222222222223333222233333334333433434444344333333223222323333333223323323322000000222222222220000000000000000000000000000000000000000000000000000000000000000000000000000000000000
02200000000000000000000222222222223222222233233443333444343344333333333323222223333323232333333332000000222222222220000000000000000000000000000000000000000000000000000000000000000000000000000000000000
22220000000000000000000000022022222222220233333333334344334444443333223333332333333333003330022320000000222222222220000000000000000000000000000000000000000000000000000000000000000000000000000000000000
22220000000000030000000000022002200232200222233233333344434434433333223333322332233320202220302320000002222222222220000000000000000000000000000000000000000000000000000000000000000000000000000000000000
22222000000000000000300002222222222002222222332333333444444444433333322233320220222223200022223200000022222222222220000000000000000000000000000000000000000000000000000000000000000000000000000000000000
22220200000000000003000033233222222022222223222333444444444443344433222232320220022222200222222200000202222202222220000000000000000000000000000000000000000000000000000000000000000000000000000000000000
00020000000000000000023232222222232222222222332343444454444344433333322233200023002223202222322200000022222022222200000000000000000000000000000000000000000000000000000000000000000000000000000000000000
00000000000000000000033233332332323233333323322344445544444434443333322223300032002222202220222200000002220222222200000000000000000000000000000000000000000000000000000000000000000000000000000000000000
00000000000000000000000333322322223222333222333344455554444443333333222233333223200222222020002220202222022222222000000000000000000000000000000000000000000000000000000000000000000000000000000000000000
00000000000000000000000303323323323222333223323333555554444444333333333222333322200222222020002200022222022222222200000000000000000000000000000000000000000000000000000000000000000000000000000000000000
00000000000000000000000002222333333232223233323444555554444343333333222222223233200222222222202200222200222222222220000000000000000000000000000000000000000000000000000000000000000000000000000000000000
00000000000000000000000022222222332332233334444455555544443333332333332232232222200222222222202220222200222222222222200000000000000000000000000000000000000000000000000000000000000000000000000000000000
00000000000000000000000002220222233333333333444455555444344333233333332223332322200000222222000022002000222222222222000000000000000000000000000000000000000000000000000000000000000000000000000000000000
00000000000000000000000000000222222333333434444455555444333333323333322222233323202000022220022022000000222222222222000000000000000000000000000000000000000000000000000000000000000000000000000000000000
00000000000000000000000000000002220333333344444455454443333333333333332223322232222220022000222022222202222222222222200000000000000000000000000000000000000000000000000000000000000000000000000000000000
00000000300000000000030030000002333333332334444444554433333333332333333322222222222222200000220022002220222222222220000000000000000000000000000000000000000000000000000000000000000000000000000000000000
00000000000000000000030232222222333333334444444444444433333333233333333333322222222222202022200022000022000222222000000000000000000000000000000000000000000000000000000000000000000000000000000000000000
00000000000000000000030223322222222333333334444444444343333333332223333222222222220222200022020022000222020022222000000000000000000000000000000000000000000000000000000000000000000000000000000000000000
00000000000000000000300333303232233333333333433444444333333333333333332222222222222202200002000000202200000020022200000000000000000000000000000000000000000000000000000000000000000000000000000000000000
00000000000000000000000003303333333333344334444444443343333333332232322222222222222202200222000000222220000000222220000000000000000000000000000000000000000000000000000000000000000000000000000000000000
00000000000000000000000032300233333333443334444444444333434333333222222222222222222220000222000200000000000002222220000000000000000000000000000000000000000000000000000000000000000000000000000000000000
00000000000000000000000002200333333333333344344434444433333333222232333222222222222222000222020000000000000000222220000000000000000000000000000000000000000000000000000000000000000000000000000000000000
00000000000000000000000000000333333333333434332333443444333333233333222222222222222222222222202000002200000000222200000000000000000000000000000000000000000000000000000000000000000000000000000000000000
00000000000000000000000000000333333333343344434444443333433232222322222222222222222222022220000000220000000022002220000000000000000000000000000000000000000000000000000000000000000000000000000000000000
00000000000000000000000000000222333333344444443344433333333333333222222222222222222220200000000000220000000022000220000000000000000000000000000000000000000000000000000000000000000000000000000000000000
00000000000000000000000000022222223333333444333333333333322322323222222222222222222222220000000000000000000000002200000000000000000000000000000000000000000000000000000000000000000000000000000000000000
00000000000000000000000000033233332232334333333433333333332233322222222222222222222222200000000000000000000000000200000000000000000000000000000000000000000000000000000000000000000000000000000000000000
00000000000000000000000222222232333322223333334444443332332333322222222222222222222222200000000000000000000000002000000000000000000000000000000000000000000000000000000000000000000000000000000000000000
00000000000000000000000222333332333333334333445544444333323333222222222222222222222222200000000000000000000000000000000000000000000000000000000000000000000000000000000000000000000000000000000000000000
00000000000000000000000222303323233333322343445544444333332223222222222222222222222222200000002000000000000000000220000000000000000000000000000000000000000000000000000000000000000000000000000000000000
00000000000000000000000233332333323332223444455555444333333332222222222222222222222222200000000000000000000000000200000000000000000000000000000000000000000000000000000000000000000000000000000000000000
00000000000002300000000022222222222322334444455555443333332223222222222222222222222222222000000000000000000000000020000000000000000000000000000000000000000000000000000000000000000000000000000000000000
00000000000002300000000022222222223222333344455554443333223223222223223223222222222222222000000000000000000000000000000000000000000000000000000000000000000000000000000000000000000000000000000000000000
00000000000002300000000222222222222222333344455554442233322222222222322222222222222222220020000000000000000000000000000000000000000000000000000000000000000000000000000000000000000000000000000000000000
00000000000002300000000000002220223333333334444555443333332222222332222222222222222222222200000000000000000000000000000000000000000000000000000000000000000000000000000000000000000000000000000000000000
00000000000000032000000002022222233333222334445555432234333033223222223333222222222222202200000000000000000000000000000000000000000000000000000000000000000000000000000000000000000000000000000000000000
00000000000000022000000322222222323322223333355555433333333333222233332332202222222222202200000000000000000000000000000000000000000000000000000000000000000000000000000000000000000000000000000000000000
00000000000000000000000200022223223333323333334454333333343333333323322220222222222222200000000000000000000000000000000000000000000000000000000000000000000000000000000000000000000000000000000000000000
00000000000000000000000000022220022223322334445555444444443333333322222222222222222222200000000000000000000000000000000000000000000000000000000000000000000000000000000000000000000000000000000000000000
00000000000000000000000000000020002223333334444555443434433233333223332323232222220222200000000000000000000000000000000000000000000000000000000000000000000000000000000000000000000000000000000000000000
00000000000000000000000000000000002003333344444555443333333203343333333323222222202222200020000000000000000000000000000000000000000000000000000000000000000000000000000000000000000000000000000000000000
00000000000000000000000000000000000320222444444454443443333222433333333323230222202222020020000000000000000000000000000000000000000000000000000000000000000000000000000000000000000000000000000000000000
00000000000000000000000300000000233233333444444444444444332233333333333222220222203220022200000000000000000000000000000000000000000000000000000000000000000000000000000000000000000000000000000000000000
00000000000000000000000000000002223222343444444444444443333333433333332323220000002222202200000000000000000000000000000000000000000000000000000000000000000000000000000000000000000000000000000000000000
00000000000000000000000000000002223332234434444444444444444334433333333330000000000222202200000000000000000000000000000000000000000000000000000000000000000000000000000000000000000000000000000000000000
00000000000000000000000000000222332233333334444444444444433333443333333332233002200220002000000000000000000000000000000000000000000000000000000000000000000000000000000000000000000000000000000000000000
00000000000000000000000000000223222222224334444444444444444323433333333322222002200222202000000000000000000000000000000000000000000000000000000000000000000000000000000000000000000000000000000000000000
00000000000000000000000000020002222222223323334444444444434333433333332232300002020022200000000000000000000000000000000000000000000000000000000000000000000000000000000000000000000000000000000000000000
00000000000000000000022002220200022002223322333444444444334333343333222233202220202002000000000000000000000000000000000000000000000000000000000000000000000000000000000000000000000000000000000000000000
00000000000000000000222002202202222022333302333344444444443333343333333333220222022000000000000000000000000000000000000000000000000000000000000000000000000000000000000000000000000000000000000000000000
00000000000000000002233222233302222033333332224333444444444334343333333333220222200002002222000000000000000000000000000000000000000000000000000000000000000000000000000000000000000000000000000000000000
20000000000000000002223323333002233023322332033333444444444434344333333332222222200000002222000000000000000000000000000000000000000000000000000000000000000000000000000000000000000000000000000000000000
20000000000000000220002333323333333323333343323333344444444344444333333332220000220200020000000000000000000000000000000000000000000000000000000000000000000000000000000000000000000000000000000000000000
20000000000000000330002222223222323333332333232333444445555444443333333332202220220000000000000000000000000000000000000000000000000000000000000000000000000000000000000000000000000000000000000000000000
20000000000000000030022222022223203223333333322333334444555444434333333322222020000000000000000000000000000000000000000000000000000000000000000000000000000000000000000000000000000000000000000000000000
00000000000033000000022220022223202223333333333323333445555554444333333322222220220000000000000000000000000000000000000000000000000000000000000000000000000000000000000000000000000000000000000000000000
00000000000000000020322200222222222222233333333333444445555554444333333322222200222000002200000000000000000000000000000000000000000000000000000000000000000000000000000000000000000000000000000000000000
00000000000000000002223300022222222220222233332333444444555554444433323333222200222000020000000000000000000000000000000000000000000000000000000000000000000000000000000000000000000000000000000000000000
00000000000000000000200032200000000222222223323334444445555544444433223322232202202002200020000000000000000000000000000000000000000000000000000000000000000000000000000000000000000000000000000000000000
00000000000000000000000003200003003000000023333334344455555554444443322322222002200002220020000000000000000000000000000000000000000000000000000000000000000000000000000000000000000000000000000000000000
00000000000000000000000000003002233002220002233333344455555554433333223322200222202222022200000000000000000000000000000000000000000000000000000000000000000000000000000000000000000000000000000000000000
00000000000000000000000000000002332003330003002334444445555544433333333322200222220222202200000000000000000000000000000000000000000000000000000000000000000000000000000000000000000000000000000000000000
00000000000000000000000000000000022003033023333333444444455544443343233220002200000222220000000000000000000000000000000000000000000000000000000000000000000000000000000000000000000000000000000000000000
00000000000000000000000000000000023330000223222233334444445544443333322233302000000002220000000000000000000000000000000000000000000000000000000000000000000000000000000000000000000000000000000000000000
00000000000000000000000000000000003000002222223323344443344444334334430202200000022220000000000000000000000000000000000000000000000000000000000000000000000000000000000000000000000000000000000000000000
00000000000000000000000000000000000000002233333333444444444444333333300022200000022220000000000000000000000000000000000000000000000000000000000000000000000000000000000000000000000000000000000000000000
00000000000000000000000000000000000000002233333333444444444444433333223000222000000020002000000000000000000000000000000000000000000000000000000000000000000000000000000000000000000000000000000000000000
00000000000000000000000000000000000000023332222333444455554433333333222000022000200000000000000000000000000000000000000000000000000000000000000000000000000000000000000000000000000000000000000000000000
00000000000000000000000000000000000000222222222233454455544443333332200333000000000000000022000000000000000000000000000000000000000000000000000000000000000000000000000000000000000000000000000000000000
00000000000000000000000000000000000000222222323333455555555443333333303330000000000200000222200000000000000000000000000000000000000000000000000000000000000000000000000000000000000000000000000000000000
00000000000000000000000000000000000000222022222333455555555433333333323323330000002222202222000000000000000000000000000000000000000000000000000000000000000000000000000000000000000000000000000000000000
00000000000000000000000000000000000000222022222233555555555444333333333333333000022222222200000000000000000000000000000000000000000000000000000000000000000000000000000000000000000000000000000000000000
00000000000000000000000000000000000000220022220223554444555444333333333333333200202222200000000000000000000000000000000000000000000000000000000000000000000000000000000000000000000000000000000000000000
00000000000000000000000000000220000022220022222333454445555444333333333333332222222220000000000000000000000000000000000000000000000000000000000000000000000000000000000000000000000000000000000000000000
00000000000000000000000000000220000023220022233333544445555444444444444433333322222020000000000000000000000000000000000000000000000000000000000000000000000000000000000000000000000000000000000000000000
00000000000000000000000000002222222222200020233333444455555544444455554443333333333000000000000000000000000000000000000000000000000000000000000000000000000000000000000000000000000000000000000000000000
00000000000000000000000000000222222222000022223333444455555544444555554443332000000000000000000000000000000000000000000000000000000000000000000000000000000000000000000000000000000000000000000000000000
00000000000000000000000000000000002202222222220334444445555544444555544444300000000000000000000000000000000000000000000000000000000000000000000000000000000000000000000000000000000000000000000000000000
00000000000000000000000000000000000002222222222023433344445545544444444000000000000000000000000000000000000000000000000000000000000000000000000000000000000000000000000000000000000000000000000000000000
00000000000000000000000000000000000022022202222323333434445555554440000000000000000000000000000000000000000000000000000000000000000000000000000000000000000000000000000000000000000000000000000000000000
00000000000000000000000000000000000000022222223320333334445555554000000000000000000000000000000000000000000000000000000000000000000000000000000000000000000000000000000000000000000000000000000000000000
00000000000000000000000220000000002222222222233233334444445554440000000000000000000000000000000000000000000000000000000000000000000000000000000000000000000000000000000000000000000000000000000000000000
00000000000000000000002220000000002222222222233333344444445555500000000000000000000000000000000000000000000000000000000000000000000000000000000000000000000000000000000000000000000000000000000000000000
22222222000000000000022220000000022222022222223334444555545550000000000000000000000000000000000000000000000000000000000000000000000000000000000000000000000000000000000000000000000000000000000000000000
22222222000000000000022220000000222222002000233333445555555000000000000000000000000000000000000000000000000000000000000000000000000000000000000000000000000000000000000000000000000000000000000000000000
22220022000000000000022222200000222222222222223333455555550000000000000000000000000000000000000000000000000000000000000000000000000000000000000000000000000000000000000000000000000000000000000000000000
20000022000000002222222222200000022222222222223333455555500000000000000000000000000000000000000000000000000000000000000000000000000000000000000000000000000000000000000000000000000000000000000000000000
22202222002200000022222222222202222222222022223333445555520000000000000000000000000000000000000000000000000000000000000000000000000000000000000000000000000000000000000000000000000000000000000000000000
22002222002200000022222222222022222222232222223333334555420000000000000000000000000000000000000000000000000000000000000000000000000000000000000000000000000000000000000000000000000000000000000000000000
22222222222200000222222222222222222222323322223233344445220000000000000000000000000000000000000000000000000000000000000000000000000000000000000000000000000000000000000000000000000000000000000000000000
22222222222200020222222222222222222222233332222233433455420000000000000000000000000000000000000000000000000000000000000000000000000000000000000000000000000000000000000000000000000000000000000000000000
22222002220220023222332222022222222222233333232223443355000000000000000000000000000000000000000000000000000000000000000000000000000000000000000000000000000000000000000000000000000000000000000000000000