00000000002333333333333333333333333333333333333333333333344444444445544554444444433333333333333332333333333344444544433332222222222222200000202222220222200000000000000000000000000000000000000000000000
00000000002232333333333333333333333333333333333333333333334444444455555555444444433333333333333333323333333333444444333322222222222222200000222222200222220000000000000000000000000000000000000000000000
00000000000022333333333333333333333333333333333333333333333334444455555555444444333333333333333333223333333333344443333222222222222222000000222222222222222000000000000000000000000000000000000000022000
00000000000022233333333333333333333333333333333333333333333334444455555555444444333333333333333332222233333333333333333222222222220000000000222222222222222200000000000000000000000000000000000000022000
00000000000000233333232333333333333333333333333333333333333333444445555544444443333333333333333333222223333333333333333332222222222222222200022222222222222220000000000000000000000000000000000000022220
00000000000000233333222333333333333333333333333333333333333333444445555444444433333333333333333333322223333333333333333322222222222222222200002222222222222222000000000000000000000000000000000000222220
00000000000000003333322333323333333333333333333333333333333333444445554444443333333333333333333333222223333333333333333333222222222222222222002222222222222222200000000000000000000000000000000002200000
00000000000000002333322233222233333333333333333333333333333333444444444443333333333333333333333332222222233333333333333223222222222222222222002222222222222222220000000000000000000000000000000000000220
00000000000000000233322222222223233333333333333333333333333333344444444443333333333333333333333333332222233333333333333332222222222222222220002222222222222200020000000000000000002200000000000000000220
00000000000000000023322222222223223333333333333333333333333333344444444433333333333333333333333333333333333333333333333323222222222222222200002222222222002202000000000000000000222200000000000000002220
00000000000000000002222222222233323333333233333333333333333333333444444333333333333333333333333333333333333333333333333333322322222222222200222222222222000002200000000000000000200000000000000000022220
00000000000000000002222222222223223333322222333333333333333333333444443333333333333333333333333333333333333333333333333333333222222222222022222222222222222000000000000000000022200000000000000000020000
00000000000000000000222222233223222332222222323333333333333333333333333333333333333333333333333333333333333333333333344444333333322222222022222222220022222000000000000000000022000000000000000000000000
00000000000000000000022222222222222222223322223333333333333333333333333333333333333333333333333333333333333333333334444444433333322222222222002222200022200000000000000000000000000000000000000000000220
00000000000000000000022222222222222222233222223333333333333333333333333333333333333333333333333333333333333333333334444444443333232222222220002222200222020000000000000000000000000000000000000000000220
00000000000000000000002222222222222222223222333333333333333333333333333333333333333333333333333333333333333333333344444444444333322222222200222222222222000000000000000000000000000000000000000000022002
00000000000000000000002222222222222222222222333333333333333333333333333333333333333333333333333333333333333333334444444444444333222222222200222222222200000000000000000000000000000000000000000000022022
00000000000000000000000222222222222222222222333333333333333333333333333333333333333333333333333333333333333333334444445555444333222222222202222222222200000000000000022220220000000000000000000000022222
00000000000000000000000222222222222222222222333333333333333333333333333333333333333333333333333333333333333443444444445555444333333222222222222222222220000000000000022000220000000000000000000000222222
00000000000000000000000222222222222222222222333333333333333333333333333333333333333333333333333333333333334444444444555555444433333322222222222222222222000000000000000000000000000000000000000000000002
00000000000000000000000222222222222222222222333333333333333333333333333334444443333333333333333333333333344444444445555555544443333222222222222222222222200000000000220000000000000000000000000000000000
00000000000000000000000022222222222222222222333333333333333333333333333444444444333333333333333333333334444444444445555555554443333322222222222222222200200000000000000000000000000000000000000000020000
00000000000000000000000002222222222222222222223333333333333333333333334444444444333333333333333333333334444444444445555555554443333322222222222222222200000000000000000000000000000000000000000000000000
00000000000000000000000002222222222222222222223333333233333333333333344444444444333333333333333333333334444444444444555555544443333332222222222232222022000000000000000000000000000000000000000000000000
00000000000000000000000002222222222222222222222233332233333333333333444444444444333333333333333333333334444444444444444444444443333332322222333322222222000033220000000000000000000000000000000020000000
00000000000000000000000002222222222222222222222232233333333333333334444444444444433333333333333333333334444444444444444444444444333332332223333322222202222332220000000000000000000000000020022220000220
00000000000000000000000002222222222222222222222222333333333333333334444444444444443333333333333333333344444444444444444444444444333333333333233322222202222220222000000000000000000000000020022220000220
00000000000000000000000002222222222222222222222222333333333333333334444445444444443333333333333333333333444444444444444444444443333333333333333332222222022000022000000000000000000000000000000000000000
00000000000000000000000000222222222222222222222223333333333333333334444555544444443333333333333333333333344444443344444333443433333333333333333332223222333222222000000000000000220000000000000222220000
00000000000000000000000000222222222222222222222223333333333333344444445555554444443333333333333333333333334444444333333333343333333333333333333333223333333002222000000000000000220000000000000222200000
00000000000000000000000000022222222222222222222223333333333333444444445555554444433333333333333333333333333344343333333333333333333333333333333333333333333220000000000000002222320000000000000000000000
00000000000000000000000000022222222222222222223233333333333344444444455555554444433333333333333333333333333333333333333333333333333333333333333333333333333200000000000000003323320000000000000000000000
00000000000000000000000000022222222222222222233333333333333444444445555555554444433333333333333333333333333333333333333333333433433344443333333333333333333300000220000000233333300003000022200002200220
00000000000000000000000000022222222222222222333333333333334444444455555555554444443333333333333333333333333333333333333334444444443344433333333333333333333300000220000333333333330003000002200022200220
00000000000000000000000000022222222222222223333333333333334444444455555555555444443333333333333333333333333333333333333334444444444444443333333333333333333320000202233333333322233332220000022222000002
00000000000000000000000000022222222222222223333333333333334444444455555555555444444333333333333333333333333333333333334444444444444444444333433333333333333332202033333333333333333333320002022220000002
00000000000000000000000000002222222222222223333333333333344444444445554555555444444333333333333333333333333333333333334444444444444444443334433333333333333322223333333333333333333333333230022220000002
00000000000000000000000000002222222222222222333333333333344444444444444455554444444433333333333333333333333333333333334444444444444444443333443334443433333322333333333333333233333323333330022220000002
00000000000000000000000000000222222222222223333333333333344444444444444444444444444433333333333333333333333333333333334444444444444444443322443344444444422233333433333333333333333332333333320000000002
00000000000000000000000000000222222222222233333333333333334444444444444444444444444433333333333333333333333333333333334444444444444444443322333344444444444333444433333332333333333333303332200000000002
00000000000000000000000000000222222222222233233333333333333444444444444444444444444433333333333333333333333333333333334444444444444445444333333344444444444444444333333333333333330030000002200000000002
00000000000000000000000000000222222222222223233333333333333343444444444444444444444433333333333333333333333333333333334444444444444455554343322334444444444444444443333333333333330000333332200000000002
00000000000000000000000000000022222222222223333333333333333333333343333444444444444433333333333333333333333333333333333444444444444455554455323334554444444444444444333333333333333333333333000000000000
00000000000000000000000000000002222222222223333333333333333333333333333344444444444333333333333333333333333333333333333444444444444455554555544555555544444444444444433333333333333333333330000000000000
00000000000000000000000000000002222222222223333333333333333333333333333333444444443333333333333333333333333333333333333343444444444445555555545555555554444444444444433333333333333333333332200000000002
00000000000000000000000000000000222222222223333333333333333333333333333333333433333333333333333333333333333333333333333333444444444445555544555555555554444444444444444433333333333333000022300000200222
00000000000000000000000000000000022222222223333333333333333333333333333333333333333333333333333333333333333333333333333333444444444444445555555555555554444444444444333433333333320032000033300000000222
00000000000000000000000000000000002222222222333333333333333333333333333333333333333333333333333333333333333333333333333333444444444444445555555555555544444444444444333333333333300022000033000000000000
00000000000000000000000000000000000222222222333333333333333333333333333333333333333333333333333033333333333333333333333333333444444444445555555555555444444444444444433333333333300022000000000000000000
00000000000000000000000000000000000022222222233233333333333333332333333333333333333333333333330003323233333333333333333333333444444444455555555555554444444444444444443333333333333300000000000000000000
00000000000000000000000000000000000002222222222233333333333333332233333333333333333333333333300002333333333333333333333333333333444444445555555544444444444444444444433333333333333200000000000000000000
00000000000000000000000000000000000000220022222222233333333333332233333333333333333333333333000000333333333333333333333333333333444444444555555544444444444444444444333333333333033000000020000000000000
00000000000000000000000000000000000000220022222222233323333333322222233333333333333333333330000000333000333333333333333333333333444444444555555544444444444444444444333333333332333000000020000000000000
00000000000000000000000000000000000000000022000222222222233332332222233333333333333333333300000000330000333333333333333333333333444444444455554444444444444444444443333333333333332223320000000000000000
00000000000000000000000000000000000000000022000222222222222222222222223322233223333333333000000000000000333333333333333333333333444444444444444444444444444444444443333333333333332333320000000000000000
00000000000000000000000000000000000000000000002222222222222222222222222222333333333333333000000000000000333333333333333333333333444444444444444444444444444444444433333333333300333333330000022000000000
00000000000000000000000000000000000000000000022222222222222222222222222233323333223333333000000000000000223332332333333333333333444444444444444444444444444444443333333333333233333333032000022000000000
00000000000000000000000000000000000000000000022222222222222222222222222232222232223333333000000000000000000000002333333333333333444444444444444444444444444444333333333333333330000330000000000000000000
00000000000000000000000000000000000000000000002222222222222222222222222223322222222223332220022200000000000000002333333333333333444444444444444444444444433333333333333333333330000300000000000000000000
00000000000000000000000000000000000000000000000000022222222222222222222222222222222222222222222220000000000000002333333333333333333444444444444444444443333333333333333333333300320000000000000000000000
00000000000000000000000000000000000000000000000000000222222222222222222222222222222222222222200000000000000000003333333333333333334444444444444444444433333333333333333333330022220030000000000000000000
00000000000000000000000000000000000000000000000000000022222222222222200000000000000222222222000000000000000000003333333333333333333344444444444444444333333333333333333333300032220000000000000000000000
00000000000000000000000000000000000000000000000000000000022222222222000000000000000000000022222220000002000000000033333333333333333344444444444444444333333333333333333333333300300000000000000000000000
00000000000000000000000000000000000000000000000000000000000222222220000000000000000000000000022220000002200000000033333333333333333334444444444444443333333333333333332333323200000300000000000000000000
00000000000000000000000000000000000000000000000000000000000000222220000000000000000000000000000000022000022222220033333333333333333333444444444444333333333333333333323333332222222000000000000000000000
00000000000000000000000000000000000000000000000000000000000000000000000000000000000000000000000000022000000022220033333333333333333333344444444443333333333333333333233330332333220000000000000000000000
00000000000000000000000000000000000000000000000000000000000000000000000000000000000000000000000000000000000000000033333333333333333333333443334333333333333333333333333233323333300000000000022000022000
00000000000000000000000000000000000000000000000000000000000000000000000000000000000000000000000000000000000000000000333333333333333333333333333333333333333333333333333333233022000000000000022000022000
00000000000000000000000000000000000000000000000000000000000000000000000000000000000000000000000000000000000000000000003333333333333333333333333333333333333333333333333333333333332200000000000000022220
00000000000000000000000000000000000000000000000000000000000000000000000000000000000000000000000000000000000000000000000033333333333333333333333333333333333333333333323323333222322200000000000000022220
00000000000000000000000000000000000000000000000000000000000000000000000000000000000000000000000000000000000000000000000003333333333333333333333333333333333333333333333223332222020022000022200000000000
00000000000000000000000000000000000000000000000000000000000000000000000000000000000000000000000000000000000000000000000002333333333333333333333333333333333333333333333232222222000022000022200000000000
00000000000000000000000000000000000000000000000000000000000000000000000000000000000000000000000000000000000000000000000000033333333333333333333333333333333333333333332332322220000000000000000002200000
00000000000000000000000000000000000000000000000000000000000000000000000000000000000000000000000000000000000000000000000000023333333333333333333333333333333333333333333333322200222222000000000002200000
00000000000000000000000000000000000000000000000000000000000000000000000000000000000000000000000000000000000000000000000000003333333333333333333333333333333333333333333333322200222200022000000000002000
00000000000000000000000000000000000000000000000000000000000000000000000000000000000000000000000000000000000000000000000000000333333333333333333333333333333333333333333333332222222200000000000000022000
00000000000000000000000000000000000000000000000000000000000000000000000000000000000000000000000000000000000000000000000000000233333333333333333333333333333333333333333333333222222222200020000000222000
00000000000000000000000000000000000000000000000000000000000000000000000000000000000000000000000000000000000000000000000000000033333333333333333333333333333333333333333333333322222222202200000222222000
00000000000000000000000000000000000000000000000000000000000000000000000000000000000000000000000000000000000000000000000000000003333333333333333333333333333333333333333333333333222222222200000222200000
00000000000000000000000000000000000000000000000000000000000000000000000000000000000000000000000000000000000000000000000000000000333333333333333333333333333333333333433344333333222222200222202000022000
00000000000000000000000000000000000000000000000000000000000000000000000000000000000000000000000000000000000000000000000000000000033333333333333333333333333333333334444444444333322222220222000000022000
00000000000000000000000000000000000000000000000000000000000000000000000000000000000000000000000000000000000000000000000000000000000333333333333333333333333333333334444444444333322222222222200000000000
00000000000000000000000000000000000000000000000000000000000000000000000000000000000000000000000000000000000000000000000000000000000033333333333333333333333333333344444444444333322222222222200000000000
00000000000000000000000000000000000000000000000000000000000000000000000000000000000000000000000000000000000000000000000000000000000000333333333333333333333333333344444444444433332222222222220000000000
00000000000000000000000000000000000000000000000000000000000000000000000000000000000000000000000000000000000000000000000000000000000000033333333333333333333333333344444455544433333222222222200000000000
00000000000000000000000000000000000000000000000000000000000000000000000000000000000000000000000000000000000000000000000000000000000000002333333333333333333333333344444555554433333322222222200220022000
00000000000000000000000000000000000000000000000000000000000000000000000000000000000000000000000000000000000000000000000000000000000000002233333333333333333333333334444555554443333332222222220220222000
00000000000000000000000000000000000000000000000000000000000000000000000000000000000000000000000000000000000000000000000000000000000000000023333333333333333333333334444555555444433332222222220022222000
00000000000000000000000000000000000000000000000000000000000000000000000000000000000000000000000000000000000000000000000000000000000000000023333333333333333333333333444555555544443333322222222222222000
00000000000000000000000000000000000000000000000000000000000000000000000000000000000000000000000000000000000000000000000000000000000000000000332222222222233333333334444555555544443333322222222222202222
00000000000000000000000000000000000000000000000000000000000000000000000000000000000000000000000000000000000000000000000000000000000000000000222222222222333333333334444455555544443333332222222222202222
00000000000000000000000000000000000000000000000000000000000000000000000000000000000000000000000000000000000000000000000000000000000000000000002222222222333333333334444444555444444333332222222222222222
00000000000000000000000000000000000000000000000000000000000000000000000000000000000000000000000000000000000000000000000000000000000000000000002222222222333333333333344444444444443333333222222222222002
00000000000000000000000000000000000000000000000000000000000000000000000000000000000000000000000000000000000000000000000000000000000000000000000222222222333333333333334444444444443333333222222222222002
00000000000000000000000000000000000000000000000000000000000000000000000000000000000000000000000000000000000000000000000000000000000000000000000022222222233333333333333344444444443333333222222222220020
00000000000000000000000000000000000000000000000000000000000000000000000000000000000000000000000000000000000000000000000000000000000000000000000022222232233333333333333334444423433333333222222222220002
00000000000000000000000000000000000000000000000000000000000000000000000000000000000000000000000000000000000000000000000000000000000000000000000002222223333333333333333333444222333333332222222222200222
00000000000000000000000000000000000000000000000000000000000000000000000000000000000000000000000000000000000000000000000000000000000000000000000000222222232333333333333333333222233333333222222222022222
00000000000000000000000000000000000000000000000000000000000000000000000000000000000000000000000000000000000000000000000000000000000000000000000000222222232333333333333333323222223333332222222222222222
00000000000000000000000000000000000000000000000000000000000000000000000000000000000000000000000000000000000000000000000000000000000000000000000000222222223333333333333333322222223333332222222222222222
00000000000000000000000000000000000000000000000000000000000000000000000000000000000000000000000000000000000000000000000000000000000000000000000000022222223323333333333333322222222333332222223333222222
00000000000000000000000000000000000000000000000000000000000000000000000000000000000000000000000000000000000000000000000000000000000000000000000000022222222322233333333333322202222233322222333333333222
00000000000000000000000000000000000000000000000000000000000000000000000000000000000000000000000000000000000000000000000000000000000000000000000000022222200223233333333333322220222223322233333333333222
00000000000000000000000000000000000000000000000000000000000000000000000000000000000000000000000000000000000000000000000000000000000000000000000000002222200222223223333333322222222223322332333333332222
00000000000000000000000000000000000000000000000000000000000000000000000000000000000000000000000000000000000000000000000000000000000000000000000000002222220000022222233333322322222222222223333333333332
00000000000000000000000000000000000000000000000000000000000000000000000000000000000000000000000000000000000000000000000000000000000000000000000000002222220000022222323333322322222222222333333333333333
00000000000000000000000000000000000000000000000000000000000000000000000000000000000000000000000000000000000000000000000000000000000000000000000000003322200000022222333333322232222222233333333333333333
00000000000000000000000000000000000000000000000000000000000000000000000000000000000000000000000000000000000000000000000000000000000000000000000000002222200000022222233333322232222223333333333333333333
00000000000000000000000000000000000000000000000000000000000000000000000000000000000000000000000000000000000000000000000000000000000000000000000000000022200002222222223333322232222222323333334444333333
00000000000000000000000000000000000000000000000000000000000000000000000000000000000000000000000000000000000000000000000000000000000000000000000000000222222000220222222333222222222223233333344444443333
00000000000000000000000000000000000000000000000000000000000000000000000000000000000000000000000000000000000000000000000000000000000000000000000000000222220000000222222323222222222222333333344444444333
00000000000000000000000000000000000000000000000000000000000000000000000000000000000000000000000000000000000000000000000000000000000000000000000000000222000000000222222222222222222222333333344444444333
00000000000000000000000000000000000000000000000000000000000000000000000000000000000000000000000000000000000000000000000000000000000000000000000000000222000000000222222222222222222223333333344455544333
00000000000000000000000000000000000000000000000000000000000000000000000000000000000000000000000000000000000000000000000000000000000000000000000000000222200000002222222222000222222232333333444455554333
00000000000000000000000000000000000000000000000000000000000000000000000000000000000000000000000000000000000000000000000000000000000000000000000000000222200000000222222222002222222223333334444555554433
00000000000000000000000000000000000000000000000000000000000000000000000000000000000000000000000000000000000000000000000000000000000000000000000000000222200002200222222222222222222233333334444555554443
00000000000000000000000000000000000000000000000000000000000000000000000000000000000000000000000000000000000000000000000000000000000000000000000000000022000002202222022222222222222233333344444555555444
00000000000000000000000000000000000000000000000000000000000000000000000000000000000000000000000000000000000000000000000000000000000000000000000000000022000002222220022222222222222333333344444555555444
00000000000000000000000000000000000000000000000000000000000000000000000000000000000000000000000000000000000000000000000000000000000000000000000000000022000002222222222222222222222223333344444444444444
00000000000000000000000000000000000000000000000000000000000000000000000000000000000000000000000000000000000000000000000000000000000000000000000000000000000002222222222222222222232233333344444444444444
00000000000000000000000000000000000000000000000000000000000000000000000000000000000000000000000000000000000000000000000000000000000000000000000000000000000002222222222222222222233333333344444444444444
00000000000000000000000000000000000000000000000000000000000000000000000000000000000000000000000000000000000000000000000000000000000000000000000000000000220222222222222222222222223233333333333344444444
00000000000000000000000000000000000000000000000000000000000000000000000000000000000000000000000000000000000000000000000000000000000000000000000000000200222222222222222222222222222333333333333334444433
00000000000000000000000000000000000000000000000000000000000000000000000000000000000000000000000000000000000000000000000000000000000000000000000000000202222222222222222222222222233333333333333333333333
00000000000000000000000000000000000000000000000000000000000000000000000000000000000000000000000000000000000000000000000000000000000000000000000000000220222222222222222222222222233333333333333333333333
00000000000000000000000000000000000000000000000000000000000000000000000000000000000000000000000000000000000000000000000000000000000000000000000000000220222222222222222222222222233333333333333333333333
00000000000000000000000000000000000000000000000000000000000000000000000000000000000000000000000000000000000000000000000000000000000000000000000000000220222222222222222222222222222223333333333333333333
00000000000000000000000000000000000000000000000000000000000000000000000000000000000000000000000000000000000000000000000000000000000000000000000000000200022222222222222222222222222222333333333333333333
00000000000000000000000000000000000000000000000000000000000000000000000000000000000000000000000000000000000000000000000000000000000000000000000000000000022222222222222222222222222222233333333333333333
00000000000000000000000000000000000000000000000000000000000000000000000000000000000000000000000000000000000000000000000000000000000000000000000000000000222222222222222222222222222222233333333333333333
00000000000000000000000000000000000000000000000000000000000000000000000000000000000000000000000000000000000000000000000000000000000000000000000000000000222222222222222222222222222222333333333333333333
00000000000000000000000000000000000000000000000000000000000000000000000000000000000000000000000000000000000000000000000000000000000000000000000000000022222222222222222222222222222222333333333333333333
00000000000000000000000000000000000000000000000000000000000000000000000000000000000000000000000000000000000000000000000000000000000000000000000000002222222220022222222222222222222222333333333333333333
00000000000000000000000000000000000000000000000000000000000000000000000000000000000000000000000000000000000000000000000000000000000000000000000000002222222220022222222222222222222223333333333333333333
00000000000000000000000000000000000000000000000000000000000000000000000000000000000000000000000000000000000000000000000000000000000000000000000000002222222222222222222222222222222333333333333333333333
00000000000000000000000000000000000000000000000000000000000000000000000000000000000000000000000000000000000000000000000000000000000000000000000000002222222222222222222222222222222322333333333333333333
00000000000000000000000000000000000000000000000000000000000000000000000000000000000000000000000000000000000000000000000000000000000000000000000000000222222222222222222222222222233333233333333333333333
00000000000000000000000000000000000000000000000000000000000000000000000000000000000000000000000000000000000000000000000000000000000000000000000000000222222222222222222222222233333333333333333333333333
00000000000000000000000000000000000000000000000000000000000000000000000000000000000000000000000000000000000000000000000000000000000000000000000000000220222222222222222222222333333333333333333333333333
00000000000000000000000000000000000000000000000000000000000000000000000000000000000000000000000000000000000000000000000000000000000000000000000000002200222222222222222222222333233333333333333333333333
00000000000000000000000000000000000000000000000000000000000000000000000000000000000000000000000000000000000000000000000000000000000000000000000000222200222222222222222222222333333333333333333333333333
00000000000000000000000000000000000000000000000000000000000000000000000000000000000000000000000000000000000000000000000000000000000000000000000000222202222222222222222222222333333333333333333333333333
00000000000000000000000000000000000000000000000000000000000000000000000000000000000000000000000000000000000000000000000000000000000000000000000022222222222222222222222222222233333333333333333333333333
00000000000000000000000000000000000000000000000000000000000000000000000000000000000000000000000000000000000000000000000000000000000000000000000022222222222222022222222222222233333333333333333333333333
00000000000000000000000000000000000000000000000000000000000000000000000000000000000000000000000000000000000000000000000000000000000000000000000222222222222220000222222222222233333333333333333333333333
00000000000000000000000000000000000000000000000000000000000000000000000000000000000000000000000000000000000000000000000000000000000000000000002222222222222220000222222222222233333333333333333333333333
00000000000000000000000000000000000000000000000000000000000000000000000000000000000000000000000000000000000000000000000000000000000000000000002222222222222222000222222222222233333333333333333333333333
00000000000000000000000000000000000000000000000000000000000000000000000000000000000000000000000000000000000000000000000000000000000000000000002222222222222222222202222222222233333333333333333333333333
00000000000000000000000000000000000000000000000000000000000000000000000000000000000000000000000000000000000000000000000000000000000000000000002222222222222222222022222222222233333333333333333333333333
00000000000000000000000000000000000000000000000000000000000000000000000000000000000000000000000000000000000000000000000000000000000000000000022222222222222222220222222222222233333333333333333333333333
00000000000000000000000000000000000000000000000000000000000000000000000000000000000000000000000000000000000000000000000000000000000000000000022222222222222222200222222222222233333333333333333333333333
00000000000000000000000000000000000000000000000000000000000000000000000000000000000000000000000000000000000000000000000000000000000000000000222222222222222222222000222222222233333333333333333333333333
00000000000000000000000000000000000000000000000000000000000000000000000000000000000000000000000000000000000000000000000000000000000000000000222222222222222222222002222222222233333333333333333333333333
00000000000000000000000000000000000000000000000000000000000000000000000000000000000000000000000000000000000000000000000000000000000000000000222222222222222222222222222222222223333333333333333333333333
00000000000000000000000000000000000000000000000000000000000000000000000000000000000000000000000000000000000000000000000000000000000000000000222222222222222222222222222222222223333333333333333333333333
00000000000000000000000000000000000000000000000000000000000000000000000000000000000000000000000000000000000000000000000000000000000000000000222222222222222222222222222222222223333333333333333333333333
00000000000000000000000000000000000000000000000000000000000000000000000000000000000000000000000000000000000000000000000000000000000000000002222222222222222222222222222222222223333333333333333333333333
00000000000000000000000000000000000000000000000000000000000000000000000000000000000000000000000000000000000000000000000000000000000000000022222222222222222222222222222220002222333333333333333333333333
00000000000000000000000000000000000000000000000000000000000000000000000000000000000000000000000000000000000000000000000000000000000000000022222222222222222222222222222202233323333333333334444443333333
00000000000000000000000000000000000000000000000000000000000000000000000000000000000000000000000000000000000000000000000000000000000000000022222222222222222222222222222222233333333333333344444444433333
00000000000000000000000000000000000000000000000000000000000000000000000000000000000000000000000000000000000000000000000000000000000000002222222222222222222222222222222233333333333333333444444444443333
00000000000000000000000000000000000000000000000000000000000000000000000000000000000000000000000000000000000000000000000000000000000000002222222222222222222222222222222233333333333333333444444444443333
00000000000000000000000000000000000000000000000000000000000000000000000000000000000000000000000000000000000000000000000000000000000000002222222222222222222222222222222233333333333333334444444444443333
00000000000000000000000000000000000000000000000000000000000000000000000000000000000000000000000000000000000000000000000000000000000000002222222222222222222222222222222233322333333333334444444444443333
00000000000000000000000000000000000000000000000000000000000000000000000000000000000000000000000000000000000000000000000000000000000000022222222222222222222222222222222233333333333433444445555444443333
00000000000000000000000000000000000000000000000000000000000000000000000000000000000000000000000000000000000000000000000000000000000000022222222222222222222222222222222233333333333444444445555544443333
00000000000000000000000000000000000000000000000000000000000000000000000000000000000000000000000000000000000000000000000000000000000002222222222222222222222222222222233233333333333444444555555544443333
00000000000000000000000000000000000000000000000000000000000000000000000000000000000000000000000000000000000000000000000000000000000002222222222222222222222222222222233333333333444444445555555444433333
00000000000000000000000000000000000000000000000000000000000000000000000000000000000000000000000000000000000000000000000000000000000000222220222222222222222222222222233333333333334444455555555444333333
00000000000000000000000000000000000000000000000000000000000000000000000000000000000000000000000000000000000000000000000000000000000002222220222222222222222222222222233333333333344444455555555444333333
00000000000000000000000000000000000000000000000000000000000000000000000000000000000000000000000000000000000000000000000000000000000002222200022222220022222222222322223333333333344444445555555444333333
00000000000000000000000000000000000000000000000000000000000000000000000000000000000000000000000000000000000000000000000000000000000022222200002222222222222222222222222333333333444444444445555444433333
00000000000000000000000000000000000000000000000000000000000000000000000000000000000000000000000000000000000000000000000000000000000222222000000222222222222222222222222333333333444444444444544444433333
00000000000000000000000000000000000000000000000000000000000000000000000000000000000000000000000000000000000000000000000000000000002222222022222222222222222222222222222333333333334444444444444444333333
00000000000000000000000000000000000000000000000000000000000000000000000000000000000000000000000000000000000000000000000000000000002222220022222222222222222222222233222233333333333334444444444442333333
00000000000000000000000000000000000000000000000000000000000000000000000000000000000000000000000000000000000000000000000000000000022222220222222222222223222222222223222233233333333333334444444423333333
00000000000000000000000000000000000000000000000000000000000000000000000000000000000000000000000000000000000000000000000000000000022222222222222222222222222222222223323333333333333333333444444433333333
00000000000000000000000000000000000000000000000000000000000000000000000000000000000000000000000000000000000000000000000000000000000022222222222222222322222222222222333333333333333333333333444433333333
00000000000000000000000000000000000000000000000000000000000000000000000000000000000000000000000000000000000000000000000000000000002022222222222222222322222222222222322233223333333333333333333333333333
00000000000000000000000000000000000000000000000000000000000000000000000000000000000000000000000000000000000000000000000000000002222002222222222222222222222222222222222222223333333333333333333333323333
00000000000000000000000000000000000000000000000000000000000000000000000000000000000000000000000000000000000000000000000000000000222022233000222222233322222222222222222222333333333333333333333333222222
00000000000000000000000000000000000000000000000000000000000000000000000000000000000000000000000000000000000000000000000000022002222222230000222222233222222222222222222222333332232332333333333333222222
00000000000000000000000000000000000000000000000000000000000000000000000000000000000000000000000000000000000000000000000000022002222223330000222222232222222222222222222222222222222222233333333333222222
00000000000000000000000000000000000000000000000000000000000000000000000000000000000000000000000000000000000000000000000002220222222333330000232232232222222222222222222222222222222222233222333333222222
00000000000000000000000000000000000000000000000000000000000000000000000000000000000000000000000000000000000000000000000002222222223332333022233322332222222222222222222222222222222022232222222333322222
00000000000000000000000000000000000000000000000000000000000000000000000000000000000000000000000000000000000000000000000002222222223322333223332222332222222222222222222222222222222222222222222233322222
00000000000000000000000000000000000000000000000000000000000000000000000000000000000000000000000000000000000000000000000002220222223333333333332222322222222222222222222222222222222222220022222222222222
00000000000000000000000000000000000000000000000000000000000000000000000000000000000000000000000000000000000000000000000002220022223333333333333222222222222222222222222222222222222000000022222222222222
00000000000000000000000000000000000000000000000000000000000000000000000000000000000000000000000000000000000000000000000002200222233333333333323323222222222222222222222222222222220220022222222222222222
00000000000000000000000000000000000000000000000000000000000000000000000000000000000000000000000000000000000000000000002222222003333333333333333333222222222222222222222222222222222200022000020222222222
00000000000000000000000000000000000000000000000000000000000000000000000000000000000000000000000000000000000000000000002222222223333333333333333332222222222222222222222222222222222200020000000223322222
00000000000000000000000000000000000000000000000000000000000000000000000000000000000000000000000000000000000000000000000022222222333333333333333332222222222222222202222002222222222202222200000003332222
00000000000000000000000000000000000000000000000000000000000000000000000000000000000000000000000000000000000000000000222222222220033333333333333322222322222222020000000002222000033022000000000000333322
00000000000000000000000000000000000000000000000000000000000000000000000000000000000000000000000000000000000000000000222222222000233333333333333322222223222220000000000000000000000322000000000000233443
00000000000000000000000000000000000000000000000000000000000000000000000000000000000000000000000000000000000000000000222222333222333333333423333322222232222200000000000000000000000000000000000002343444
00000000000000000000000000000000000000000000000000000000000000000000000000000000000000000000000000000000000000000000222333333333333333334442233222222322222000000000000000000000000000000000000003345554
00000000000000000000000000000000000000000000000000000000000000000000000000000000000000000000000000000000000000000022023333333333333333344444443333332222002220000002222000000000002200000000000003335554
00000000000000000000000000000000000000000000000000000000000000000000000000000000000000000000000000000000000000000022033333333333333333444444443333432220000222000222222020000000002222000000000002355554
00000000000000000000000000000000000000000000000000000000000000000000000000000000000000000000000000000000000000000032033333333333333333444444443334433322022222222222332222220000003222222200022223455554
00000000000000000000000000000000000000000000000000000000000000000000000000000000000000000000000000000000000000000033333333333333333334444444433344433223222222222222322222223000023333322200222222235555