00000022222222234443444444444444444444443442333322002202222222220000022002222222222222220000220000022222222222222200002222202222222222222222222222222222222222222222222222220222222222222222222002220000
02202023202220002433454445444444444334433444444333000222222002222000002220222222222220220002000000022220022200000000000002222222222222222222222222222222222222222222222222222222222222222000222200000000
02200002200200022334443554554444444244334223434332000022222202222000200220222222222202220000000000022220222200000000000002222222222222222222222222222222222222222222222222222222222222220022222002200000
20222220000022222323344455554444434433333333032333302202022202000202222022222222222222220000000000002222200000000000000022022222222222222222222222222222222222222222222222222222222222202222222220022000
02222220202022222223444345555554454322343433442333302202022220000002222202222222222222222220000200022222200000200000000022202222222222222222222222222222222222222222222222222202222222022222222220022000
22220000022220222324444434555554544454433304000022000002022202200220002222022222222200222222222000022222200000000000000002220222200222222222222222222222222222222222222222022222222200222222222222220222
22220222222223222223444454555555554344443203303333000000222002200220000222202222222222002222200000022222200000000000000000220222200222022222222222222222222222222222220222222222220022222222022222222220
02220222222022322223333355455555555544443342430033002022222002222222222222222222222222202202222000022022222200000000000000222220000220222222222222222222222222222222222222222222220222222222022222222220
02202222220022222222222445434555554455444234434333000022222002222222222222222222222222022222222220222202222000000000000000222220002220222222222222222222222222222222222222222222222000222222022222222220
22222222222222302222222344444455455554333300233433320022220002222220022220222222222222222202200202222222200000000000000000220200000222220222222222222222222222222222222222202222222022222200022222200020
22222222222322330222222233554455545444332200234443320022222002222220222220222222222222222202202202220222200000000000000000220000000222222222222222222222222222222222222222222222220222222200222222200200
22222222222002233233232434532455555554303400400043320000220002222222222000002222222222222222200222222000000000000000000000000000000000200222222222222222222222222222022220022022220222220022000222202220
22222222222022222233244333334554444432334303440022320000220002222222222000202222222222222200000222222002000000000000000000000002000000022222222222222222222222222220222202022222220222220200002222202220
02220222222222222244334333445555554444433433443222000002022220020202222202222222222222220222202000200000000000000000000000000002000002220222222222222222222222222022222220222222222222200222222222200020
20222222222222222224334244555555444433444344343330000000022222222222202222222222222222222222222022200000000000000000000000000000000000022202222222222222222222222202222020022222222222022222220000000020
20002222222222222223334444555555554244443344443300000000002222222002200222222222222222222222222002200000000000000000000000000000000000022222222222222222222222222022222200022222002222022222200020000002
02222222222222222234444334555555544443434344333332000000002222222222222222222222222222000000222222000000000000000000000000000000000000002222022222222222222222220220200000002222002222202222222020200220
02222222220022223223334433545555544334322243333333000000002222222222222222222222222222000202222220000000000000000000000000000000000000000222202222222222222222200200000000002022002222222222222202000220
22220222222022233332333444555555544432334433333223220000020222222200022022222222222222220022220220000000000000000000000000000000000000000002220222202202222222222000000000000000002022222222020220000002
02202222222023332234343333455544344444434433322322320000000222022200022200222222222222222202220220000000000000000000000000000000000000000002222022022222222202200000000000000000000022220022000220000002
00222000022222323433334334445544444444443343332200333200002002022222200002222222222222222220022200000000000000000000000000000000000000000000022022222222000000020000000000000000000020222222020000000002
00222002222222233334333443344444444444333333323322222222000222000222220002222222222022222222022200000000000000000000000000000000000000000000002022222222000000000200000000000000000222222222200000000002
02230002222222223232233324444444444443444433332332022322222222200222220222222200220022202200022220000000000000000000000000000000000000000000020000222200000000000000000220000000000222222200220000000000
03300232222222202333223434344444444444434333232222202222220222220222220222222220220022022200022220000000000000000000000000000000000000000000000202222200202000000000000220000000000022222202200000000000
03302222203322220042344234444444444434443223223320222200000002222002202222222222202200200000000000000000000000000000000000000000000000000000002022000022220200000000000000000000000000222222000000000000
03203223322322222022433444344444444334444434333333322300000222222002220222222222022200000000000000000000000000000000000000000000000000000000000022002222222200000000000000000000000000222222000000000000
03022332223222222022243334444444343444444334323332222222000222022222200220222220022222220000000000000000000000000000000000000000000000000000022000002022222202000000000000000000000000002222000000000000
00232232232222220223233434344444433344443333322232222222020222002220020222222202222222220000000220000000000000000000000000000000000000000000000002222222222200000000000000000000000000002222000000020000
02033033332222222222233444444444434434433333222202222200000220200202222002202222220022220000022222200000000000000000000000000000000000000002200022202222200000002002200000000000000000000000000000000000
00023023332332322222223334344444444334334433202232222020220222222002202222220200002200022220000002200000000000000000000000000000000000000002000000222200000000000000000000000000002000020000000000000002
20023223233222332432234443444444443334434333003322222002222222222002200222200002002200022220020002200000000000000000000000000000000000000002200002222200000000000000000000000000000000200000000000200002
22002332223222222222223443444444433444444332322322002222220002202222200222200200000222000000022000000000000000000000000000000000000000000002002220022200022200022000000000000000002222200000000000000222
00002322223222222222222234444444443444443323322222223022222222200222202222020022000222000000000000000000000000000000000000000000000000000002002200220002002200000000000000000000002222000000000000000222
22200222322222332222222334444444444444343333322222222222220220022002222222222000222202000000200000000000000000000000000000000000000000000220002000000000020020020000000000000000000000000000000000000222
22200322222223232222232243444444433334444433222222222222220020222002222222222002002200000002202020000000000000000000000000000000000000000220020000000000000222000000000000000000000000000000000000002202
20020232222222233232233234344444334333343222222222222222022002002222022222222022220220000000000000000000000000000000000000000000000000000002220200000000000000000000000000000000000000000000000000002220
22000222222222223232333234444444444434332222222222222222002202000220022222222222220000000000000000000000000000000000000000000000000000002002220002220000000000000000000000000000000000000000000000002220
22220333222222223332333224444444444333433332222222222002022000000222222000000220222200000000000000000000000000000000000000000000000000000020000022000000220000000000000000000000000000000000000000000202
22200233233222223223233334445555443443333222222222222000000202022222222222000022222220220000000000000000000000000000000000000000000000000200000222000000220200000000000000000000000000000000000000000222
22222223233222222222333334455555434433333322222222222200002020020222222202220000002222220000000000022000000000000000000000000000000000000000020000000000000000000000000000000000000000000000000002000020
22222223232222322222333344455555444433332222223222222300002000200222222022222200002222222200000000022000000000000000000000000000000000000000220000000000000000000000000000000000000000000000000000000020
22222003222333232233333344445555554444333333333343323322000000002222220202222222220022022220000000000000000000000000000000000000000000200000200000000000000000000000000000000000000000000000000002000002
22222022222222222322333444455555554433333443333333233322020022200222202002222222220022002200000000000000000000000000000000000000000000002000000000000000000000000000000000000000000000000000000000000002
22220222222222222333323444555555544334434333323233333222002222222202200220002022222200000202000000000000000000000000000000000000000000000220000000000000000000000000000000000000000000000000000000000000
22200222222223222322334444555544444444443333333333332222002222222222202222200022222200000000200000000000000000000000000000000000000000022220000000000000000000000000000000000000000000000000000000000200
22000222203222223222344444455554444444333333333333333222002222222222222222220020222200000000000000000000000000000000000000000000000002200000000000002200000000000000000000000000000022000220000000000220
20022222222322233322443444455444434343334333333333332202202222223222222222220000222222002200000000000000000200000000000000000000000002000000000000000000000000000000000000000000000000000000000002220000
00222222222222333333334444344444444434433333323333332202222222222222220222220000220022002200000000000000000000000000000000000000000020000000000000000000000000000000000000000000000000000000000022220000
02202222222323222333444334444444334343343333333333322222222222222222222002222022020222002000000000000000000000000000000000000000000000000000000000000000000000000000000000000000000000000200000020020222
22202220323232332233333333444443443333323333333333222222222222222323222222222022020222000000000000000000000000000000000000000000200000000000000000000000000000000000000000000000000000000000000000000220
22022223222232332333423234424444434333333333333332222222222222222222232222222222222222200000000000000000000000000000000000000000000222200000000000000000000000000000000000000022000000000000000000000202
20002222222032323333322344334444433333323333333322322222222222222222222222222222222222220000000000000000000000000000000000000000000202200000000000000000000000000000000000000022000000000000000000000000
00022222223222333333332322234443433333332233333222222222220222222222222222220222222222020000000000000000000000002200000000000000000002222000000000000000000000000000000000000000000000000000000000000000
00222222202203332333323332444443332333333333322222222222222222222222222222220022222222000000000000000000000000000000000000000000000002222000000000000000000000000000000000000000000000000000000000000000
22222222022222322333233444444444433223332223322222222222222222222222222000222022220000000000000000000000000000002200000000000000000000000000000000000000000000000000000000000000000000000000000220000000
22222220322222223322344443444444433333333223322222222222222222222222220200222020220200000000000000000000020000002200000000000000000000000000000000000000000000000000000000000000000000000000000220000000
22222222222032222232344455334444433000332000323222222222222222222222222220222222220000000000000000000000022200000000000000000000000000000200000000000000000000000000000000000000000022000000000000000000
22222222222222222232444555544444433200223020223222222222222222022222222220220020200000000000000000000000022200000000200000000000000000000000000000000000000000000000000000000000000022000000000000200000
32222022222222222333445555544443322000222022222222220222222202222222200222222222220000000000000000000002222000000022000000000000000000000000000000000000000000000000000000000000000000000020002022022002
33222222222222222234235555544443222000022022222222220222220202222222200222222222220000000000000000000002222002000022000000000000000000000000000000000000000000000000000000200000000000000000000022222200
33222222222222223333545554434332200202222022222222222202000222222202222222220222000000000000000000000000022000000000000022200200000000000000000000000000000000000000000000000000220000000000000000022000
33222222222222233223444554433332220202222222222022220202002222222220222222220200000000000000000000000000022000000000022022000002000000000000000000000000000000000000000000000000220000000000000000022202
33332222222222333323445544333332220022222222222200222002002002222022022222020202000000000000000000000000000000000000000000000220000000000000000000000220000000000000000000000220000000000000000000000222
32322222222223333333455444333222220222222222222200220000000222222222002220222200000000000000000000000000000000000000000000000000000000000000000000002000000000000000000220000202000000000000000000002222
22332222222233333334444443433222220222222222222220220000000222222220020222202200000000000000000000000000000000000000000000000000020000000000000000220000000000000000000220000000000000000000000000000022
33332222222333333444444444433222022222202222222200222022000000020022222222222000000000000000000000000220000000000000000000000000200000000000002200022200000000000000000020000000000000000000000000000002
33333222223443334444444333333202020222222222222202220022000000020222222020222000000000000000000000000220200000000000000000000000000000000000202200002200000000000000000000000000000000000000000000000002
33333322234444344444444443332222222022223222222222220200000000022220000220000000000000000000000000000222000000000000000000000000000000000220222200002200000000000002000000000000000000000000000000000002
32333333344433433343444433332332222222222222222222220000000000022220200222000000000000000002020000022220220000000000000000000000000000022220222222002202002000000220000000000000000000000000000000000000
23333333444444444344443333333232222022222200222222200000000000002022220220000000000000000000222000002220000000000000000000000000000000020220002202222020000000000000200002000000000000000000000000002022
22332334444443343344443333333223222202222222222222000000000000022002200220000000000000000022022000000222220000000000000000000000000000000222002222220202022000000000000000200020000000000000000000002002
32333345543433433333333333333332000222222222222222000000000000002222000000000000000000020002000002000002222000000000000000000000000000000002222220220000022200000220000022222000000000000000022000002022
44235555444443333323333333333223200222222222002222000000000000000220000000000000000000002220000200002002222000000000000000000000000000000002222200020002022200000220000022222000000000000000022002000002
44555555444443433333333333333333222222222222202220000000000000000222200000000000000022000022000220000220200000000000000000000000000000000000222222220002000000000020022220002000000000000000022220000002
45555555444443433332332233332222222222222222002220000000000000000222220000000000000022020020020220200220000000000000000000000000020000000000022222220000220000000002222220000200000000000000022222022222
55555555544444333333222222223322222222222200002200000000000000000020000000000000000022002200000020200000000000000000000000000000000020000000002222220000020020000022220000022000000000000000000000022022
54455555444443332332322322223323222222200200002200000000000000000002200000000000000022002200020000000000000000000000000000000000000000000000002222222002000022020020220200222000000000000000000000022022
44444554444433233322222223222222222222200000222200000000000000000000000000000000000000000000000000022000000000000000000000000000000000200002000002222220000202222000022000220000000000000000000000000222
44334444444433233333332333222222222222022222200220000000000000000000000000000000000000000000000000000000000000000000000000000000000000000000000000222220002222222220022000222000000000000000000000000000
44334444444433222332223223222002222222222222002200000000000000000000000000000002000000000000000000022000000000000000000000000000000000000000000000222220202222222220022002022000020000000000000000002200
44334444433443232322222222202222222222222222222220000000000000000000000000000000000020000000000000002000000000000000000000000000000000000000000000000220000222222220002222222200002000220000000000202002
33344444344333333222222222000222222222222222220220000000000000000000000000000000000000000000000000200000000020000000000000000000000000002220000000000000002222222220000222222220022000220000000000202000
33334344333433332222222222222222222222222002022222000000000000000000000000000022000000000000000002200000020000000000000000000000000000000022000000000000000022202202222222222022002000000000000000022000
33333343423433333232222222222222222222222020000222000000000000000000000000000022200200000000000002200000000000000000000000000000000000000000000000000022220022222202022222222222022000000000000000022000
33333333333433333222232222222222222022202200000022200000000000000000000000000000000000000000000000000000000000000000000000000000000000000000220000000000000002222222022220022200002200000000000000002220
33333333332333322223222223222222222022200200000022200000000000000000000000000000000000000000000000000000000000000000000000000000000000000000220022000000000002222220022220222202002220000000000000222220
33333333333233333322232222222222222222200000000002200000000000000000000000000022220000002000000000000000000000000000000000000000000000000000000022222000202220022002222222222222000000000000000000022222
23322233323233333323232222222222222222202000002022000000000000000000000000000022220000000000000000000000000000000000000000000000000000000000000022002000002220022222222222222222020000000000000000022222
22222333233322333223233222222220222220000020222022220000000000000000000000022222220000000000000000000000000000000000000000000000000000000000000000000000020000000222022222222020000200000000000000022000
22222222323222223322223322222222222220000022222222220000000000000000000000022222220000000002000000000000000000000000000000000000000000000000200000000002000020000022022222222200200000000000000000022200
00022222333222222222223222222222222222000022202200000000000000000000000000002222020000000002000000000000000000000000000000000000000000000000000022000020200000000220002222220000000000002000000000022000
22000222222222222222232222222222222220002022202200000000000000000000000000002222000000000000000000000000000000000000000000000000000000000000000002000220000000000220200222220022220202020000000000022000
20020222222222222222222222222222222220000222000000000000000000000000000000000000002200000000000000000000000000000000000000000000000000000020220000000000000000000002000222222222220022220022202000022020
00200222222222222222222222222222222220002222000000000000000000000000000000000002002200000000000000000000000000000000000000000000000000220000220000000000000000022000002222222222220222000022222000022000
02222002222022222222222222222222222000000200000020000000220000000000000000000000222200000000000000000000000000000000000000000000000002200000220000002200000000020020022222202222002222000002000002222002
20222220002222222222222222322222222200200022220222000222000000000000000002000200000000000000000000000000000000000000000000000000000000002000022000220000000002222002000222200022220000222022020000022220
22022222002222222222222222222222022000200022220022000222000000000000000002000000000000000002000000000000000000000000000000000000000000000000000002220000000002022200220222200022000020220022000000022220
02200022200222222222222222222222200202220020222222220000000000000000002000000000000000000200000000000000000000000000000000000000000000000000000000000000000022200002222222222002222200220000200200022222
02200002200222222222222222222222200002220000222222220000000000000000000000000000000000000000000000000000000000000000000000000000000000200000000000000000000020000002022222222022222222220022200002222222
00000000202222222222222222222222222222222222022222002222000000000000000020000000000200000002200000000000000000000000000000000000022000222000000000200000000000022000200022202020220222200022022222222222
00000000002222222222222222222222222222222222002222022222000000000000000000000000200000000002200000000000000000000000000000000000022000022000200002220000000200022020002202220020220022020022022222222222
22200002002200222220222222222222222200220220200020002000000000000000000000000000000000000000000000000000000000000000000000000000000000000000222222002222222200000000222000222000202222222222022222222202
02200000022202222202222222222222222002222222220000002000000000000000000000000000000000000000000000000000000000000000000000000000000000000000222222022222220000000000222000222000002222222222222222222222
20020002220000222202222220000022222200022222222002222200000000000000000000000000000000000000000000000000000000000000000000000022220000000000000222222222022200000002222002222200002222220022002222222222
22202002222202222222222220202002222200222222022200222200000000000000000000000000000000000000000000000000000000000000000000000002220000200000000022222200000000000002220200222220000022220222202222222222
00000220222222202200222222222222222222222222220020022000000000000000000000000000000000000000000000000000000000000000000000000002200000200000000000000202220002200000022000222222220222222220222222222222
22000022022222202222222222222222222222222222220220000000000000000000000000000000000000000000000000000000000000000000000000000002200000200000000000022220220222200000222200222222222222222222222222222222
02200000022222022222222222222222222022222220220222000000000000020000000000000000200000000000000000000000000000000000000000220002200000200000000000222000022222200000222220222222222222220002222222222222
02220000022222022222222222222222222222222222222222002000000000000000200000000020000000000000000000000000000000000000000000220022200000200000000002222000002222200000202220022222222222222202222222222222
00000022202200000222222202222222222222222222222222000000000000200220000000020020000022000000000000000000000000000000000000000022000000200000000000222222002202200022200222202222222222222222222222222222
02200002222200000022222222222222222222222222222222020000000000000220020000222002202022200000000000000000000000000000000000000020002200220020000002222222022202222002202222200222222222222222222222222220
20200000000000002002220002220222222002222222220000000022000222200222022002000200000200220000000000000000000000000000000000000000022020000000000000020000000002222020022222222002222222222222222222222222
22200000002000002222220002200200022002222222222220002022000222222222200000220220002200220000000000000000000000000000000000000000222220000000000000000000022222222222220220000002222222222222222222222222
22200000200220002222220002220200000002222222222200000022000222222222200200220020002200220000000000000000000000000000000000020000022220022002000202000000202222222222202222000000222222222222222222222222
22000020000000002022222200000000022220022222220022000000002222200222200002022222200200000000000000000000000000000000000000022000222000000220220220202000002222022222222222022022222222222222222222222222
20020000000000000022222200002000222220022222222022022000002222222222200000202222000002000000002002000000000000000000000000022000222000020220220000000022002222022222222220022022222222222222222222222222
20000000000000000000002222200002222222222222222022220022022222200222222222222022200200000000002220000000000000000000000000222220000020000002000000200002222220222202222222222222222222222222222222222222
00000200000000000000002222200202222222222222222222220022002222220222222222222222202000000000000020000000000000000000000020222220000000022000000020020020222220022202222222222222222222222222222222222222
20022000022200222200002200022000022220222022222200220222002222200222022220222200000000020000000220000000000000000000220022000222220000000222200022200000022202222222222222222220222222222222222222222222
02022000022220222200222220222220022220022022222200022222022222202220022222222220200020000000000220000000000000000000220022000222200000000222000022000000002202222222222222222222222222222222222222222222
20200000022200222002220002222220002020002002222200002222022222222222202000002200002200000000022000000000000000000000002022000000200000022002200000000000222222222222222222222222222222222222222222222222
20022202222200222000220002222220002000000000222200002222022222222222220202022200002200020000022000000000000000000000000022200000000000022002000000000022222222200222222222222222222222222222222222222220
00222222222000002222220200000000002000022200002220022222222222222220222220000000002000200000002000000000000200000000000002000000000000000000000000000202220202222222222222222222222222220222222222222222
02222220222002202222220000000000000000022200022220002022222222222222222220000000220220000000000000000000000200000000000000220000000000000022000002002022220002222222222222222222222222222222222222222222
20222000000000220222200000000002022220222000220022202222222222222220222200000222022222020000000000000000000000000000000000000000000000000002222000020022222022222222222222222222002000220202222222220222
22222020200200222022200000000000022220022000220222000022222222222220222200020220022222000000000000000000000000020000000000000000000000000002220000200022222022222222222222222222220000220022222222220222
20222220002222002222002200000000000220200020002222222222222222222220222220222222220022000000002000000000000000002220000000000000000000000000000000000022220202222222222222222220000002002202222222222222
22222220000020220222002200000000022222200022000002222022222222222222222220222222222222000000000002200002222000000000000000000000000000000000000000000002202222222222222222222220222022222202222202222222
22222220200000220022022220000000022222200022000022222222222222022222222220222222222202000000000002200022222002200000000000000000000000000000000000000002002222222222222222222222220022222222222002222220
22202222022222220222220020000000002002222202002200222222222222222222200222222200220002220022222002020220000022002220000000000000000000000000000000000200222220222222222222222200222222222222022222222000
22200220222222000222222220000000020002222220022220222222222222222220220222222220222020222022222020000220000022002220000000000000000000000000000000000000222222222222222222222202222222222222022222222000
22222200020222000020220020000000000222220220222202222222222222022020022222022222022222202202222222200222222000000000000000000000000000000000000000220000222002200222222222222222022222222222020222222220
22222000020000000200022022000000000022202220222222022222222222022222022222222222022222220002222222202222222000000000002000000000000000000000000000220000220002220222222222222222022222222222000222220220
22000000020000020000220000022000000002222220202200222222222222222222220220222220022200222222222222022222222200000222000000000000000000200000000000200000022222200222222222222220022222222000200002200000
20000020020000000000220000022000000002222202022220222222222222222222220220222200022222222222222222222222222202002000000000000000000000000200000000200000002202220222222222222200022222220000200022200200
22022222200000000000002222000002200002222222200200222222222222222220020000020000222222022222222222222222222200222222220000000000000000000220000000000002222202222222222222222022222220000000200000000000
00022222200000000000000020000002200002222222000000222222222222222202020000000000222222022222222222222222222220222200222020020000000000000020000000000000222202222222222222222222222200000000000000000000
20000000220000000000002020000020000000002222020022222222222222200002200000002200000202222222222220222220000020000002002200220000000000000000000000000000002202222220022222200000000202000000000000000000
22002000020000000000002022000000020000000222200002002222222222200002200000002200022200222222222222022022220002200020022200220002200220000000000000000000222202222222022222200000000002000000000000000000
00000020200000000000000000000020000000000022222000222222222222220002200000000000222222222222222002022222222000200000000000220002200200000000000000000202222200022202200022222000000022000000000000000000
00020000200000000000000000000200000000000222220000222222222222202222200000000000222222222222222000022222222000000000020022220202200022000000000000002002222222022002222222222220000022000000000000000000
02200000000022220000000002200200000200000022220000200022000002200220000000000000222220222202022000220000000000000000002200000222200000000000000000020000000202222020022222002000000000000000000000000000
02200000000022220000000002202220000000000022220000000222000222220220000000000000222202222222022002000020000000000002002202000222200002000200000000000002000202222200022220000020000000000000000000000000
00002000020000000000000202220000000000000200220000000000002222202200000000000000000002222222200000000000000000000000000000000002200002200000000000000000000200022222002202200000000000000000000000000000
00000020000000000000000002202222020002200220000020220000202222222000000000000002000000020222200000000000000000000000000000000002200000000000000000000022020000022000002000020202000000000000000020000000
00000000200000000000002002222222000002200200000000220000002222220000000000000000000002022022200000000000000000000000000000000000000020000000000000000022002000022000000000000200000000000000000000000000
00000000000000000000000000002222222000200200000000000000000222220000000000000000000000022022200000000000000000000000000002222000000002022000000022000000002200000220000000000200000200220000000000000000
20000000000000000000000000000222222200002200000000000000000222000000000000000000000000000222220000000000000000000000000202222000000222222000000022000000000200000220000000000000000000220000000000000000
02000000000000000200000000020000000002002000000000000000000220022220000000000000000000000022202000000000000000000000000022222000000000222000000000000000002000000000000000000000000000000000000000000000
00000000000000000000000000000000000000000000000000000000000220022220000000000000000000000002200000000000000000000000000022222000000000022000000000000000000000000200000002000002000000000000000000000000
00000000000000200000222200000000000000000000000002000000022200000022000000000000000002000000020000000000000000000000000020000000000000000022000002220000000000000002200000000000000000000000000000000000
00000000000000000020222200000000000000000000000000000000000000000020000000000000000000000000000000000000000000000000000000000000000202000002000022220220000020000002200000000000000000000000000000000000
00000000000000000000000000000000000000000000000000000000000020020000000000000000022000000000000000002000000000000000000000000000022222200000000000222222000000000000000000000000000000000000000000000000
00000000000000000000000000000000000000000000000000000000000022000000000000000000000000000000002000000000000000000000000000000000222222220000000000222222000000000000000000000200000000000000000000000000
00000000000000000000000000000000000000022000000000000000000002000002000200000000222000000000000000000000000000000000000000000000000222220220000200020022000000000000000000000000000000000000000000000000
00000000000000200000000000000000000000022000000000000000000000000002000000000000220000002200000000000000000000000000000000000000200002202220000000002022000000000000000000000000000000000000000000000000
30000000000000000022000000000000000000000000000000000000000000000000000002000000020000000000000000000220000000000000000000000000000220000000000000002222000200000200000000000000000000000000000000000000
30000000000000000022200000000000000000000000000000000000000020000000000002000000000000000000000000000220000000000000000000000000000220000020000000002222022200000020000000200000000000000000000000000000
00000000000020000000000020000000000000000000000000000000000000000000000000000000000000000000000000000000000000000000000000000000000000000000000000000020002200000000022002222000000000000000000000000000
30020200000000000000020022000000000000000000000000022000000000002000002000000000000000000000002000000000000000000000000000000000000000000000000000000002202200000000020220022000000000000000000000000000
30020000000000000022020000222000000000000000002000220000000000000200000200000000000000000000000000000000000000000000000000000000000002200002000020000022002000000000200000022200000000000000000000000000
20022000002000002222222200000000000000000000000000000000000000000000002222000020000000000000000000000000000000000000000000000000002000000002002222222222222200002000000002200200000200000000000000000000
20022000022000002222222200000000000000000000000000000000000000000000002220000000000000000000000000000000000000000000000000000002000202000022002222222222222200202200020022002220000000000000000000000000
02000220022200222222222220000020000000000000000000000200000000000000000000000000000000020000000000000000000000000000000000000000222200000222222222222222222222200200000000200222000222000000000000000000
02000220002222222222222220000000000000000002200000220000000000000000000000000000000000000000000000000000000000000000000000002020022002200022222022222222222222200000000000000222200022000000000000000000
22000000022222222222020002000200000000000000000020222002000000000000000000000000000000000000000000000000000000000000000022002000002000000002000222222222222220000000000000000000220000000000000000000000
20000000222222222222002000000200000000000000000000222000000000000000000002000000000000000000000000000000000002000000000222000200220000000000000022222222222020000000000000000000220002000000000000000000
20000000022222222222000000000000000000000000000000000000000000000000000200000000000000000000000000000000000000000000000000000000000002202000002202222222222220000000000000000000000000000000000000000000
30200000022222222222002020000000000000000000000200000000000000000000022000000000000000000000002000000000000000000000000000000000000002200000002200222222222222000000000000000000000000000000000000000000
22200000022222222222022200000000000000000000000002000000000000022002000000000000000000000000000000000000000000000000000000000000222220222220220000222222222222000000000000000200000000000000000000000000
23230200222222222222002200000000000000000000000000000000000000022000000000000000000000000000000000000000000000000000000000000000022220022002220000222222222222022000000000000200000000000000000000000000
23332222222222222222022220000000000000000000000000200000000000000000000000000000000000000000000000000000000000000000000000000000000002200222222020022222222222200000000000000020000000000000000000000000
33332222222222222222222220000000000000000000000002200000000000000000000000000000000000000000000000000000000000000000000000000000000002202222222222222222222222220000000000000000000000000000000000000000
33323203320032222200222220000000000000022000000000000000000000000000000000000000000000000000000000200000000000000000000000000000000002200020222222222222220002200000000222000000000020000000000000000000
33332033323333332202223220000200000000022000000000000000000000000000000000000000000000000000000000000000000000000000000000002200020002202020222222222222222220222200000222000000000000000000000000000000
33333233333233000032333222000000000002020000000000000000000000000000000000000000000000000000000000000000000000000000000200002000002000202022220222222222222222022000000000000000000000000000000000000000
33333333333332333333333000000002200000000000000000002000000000000000000000000000000000000000000000000000000000000000000000000000022000222220022220220222220020002002222000000000002200000000000000000000
33333333333333323332320000000002200000000000000000000000000000000000000000000000000000000000000000000000000000000000000000002000022000022220000000220222022222000002222000000000002200000000000000000000
33333333333333320000000020222002020000000000000002000000000000000000000000000000000000000000000000000000000000000000000000200000002200200000000022222222220002000000200000000000222222000000000000000000
33333333222222200200000222222020220000000000000000000000000000000000000000000000000000000000000000000000000000000000000000000000020000000000000022222222220020202000000000000000222222000000000000000000
33322220022333333332223303333220222000000000000000000000000000000000000000000000000000000000000000000000000000000020000000000000000000022000000002222222220202222222002000000000022220000000000000000000
33333333333333330333233332333330022000000000000000000000000000000000000000000000000000000000000000000000000000000000000000000000000000022000000000220222220022222220000000000000022222200000000000000000
33333333333333323333233333033232200000000000000000000000000000000000000000000000000000000000000000000000000000000000000200000000000000022220002222222222222222222020000000002000002222222222222000000000
33333333333332333333333330303322200000000000000000000000000000000000000000000000000000000000000000000000000000022002200000000020000000222220002222222222220222222220000000000000000022222222222000000000
33333333333233333333333322333320000000000000000000000000000000000000000000000000000000000000000000200000000000000000002200000000000000000000000022222222222222222200222220000000000000222222022200000000
33333333333333333333323333223230002000000000000000000000000000000000000000000000000000000000000000020000000220000000022200000000000200000000000022202222220222222200022220000000000000222222200000000000
33333333333333333333333333300000022000002000220000000000000000000000000000000000000000000000000000000000000200000022000000000002000000000000002222002222222222222000202022200000000000022222000000000000
33333333333333333333333333320000022200020000220000000000000000000000000000000000000000000000000000002000000200000022000000000000000000000000002222222222222222222000022002200000000020002222000000000000
33333333333333333333333333230303000000220000000000000000000000000000000000000000000000000000000000200020000000000002220000000002200000000000000022222222222222222222022000000000000022000000000002220000
33333333333333333333333333320302000000000000000000000000000000000000000000000000000000000000000000000000000020000002220000000002200000000000000022222222222222222202022202000000020002200022220002220000
33333333333333333333323232000232200000000000000000000000000000000000000000000000000000000000000000022000000000000000000000000220000000000000000000000022222222222222222220200000002200222202222000222000
33333333333333333233333333300222200000000000000000000000000000000000000000000000000000000000000000022000200000000000000000000220000000000000000002020222222222222222222220020002002222020000222000022000
33333333333333333333333333300002002000000000000000000000000000000000000000000000000000000000000000000200000000000000020000000200000000000220020200222222222222222222200222220002022220220002002200000000
33333333333333333333333333320220000222200000000000000000000000000000000000000000000000000000000000022000000000000000000000000000000000002220222202222222222222222222222222222000000222220020002002000002
33333333333333333333333332333320000222200000000000000000000000000000000000000000000000000000000000022000000000000000000000000000000000000220222222222222222222222222222220222000002222220000020000000002
33333333333333333333333333333333220000000000000000000000000000000000000000000000000000000000000000000000000000000000000000022200000000000000222222222222222222222222222222200000000222220222022000000022
33333333333333333333333333322333300000000002000000000000000000000000000000000000000000000000200000000000000002000000002000000002000000020202222222222222222222222222222222200000000022222022200000000000
33333333333333333333333333332023300200000000000000000000000000000000000000000000000000200000000000000000000200000000002220020002200000000002222222222222222222222000000220000000002222220000222200000000
33333333333333333333333333333033000000000000000000000000000000000000000000000000000000020000000000000000000000000000002202200002200020202222222222222222222222222220002000000000000002222000200200000000
33333333333333333333333333333200320000000000000000000000000000000000000000000000002200000000000000000000022020220000000200220000000000000220222222222222222222222220000200200000020002022200000220000000