00000000000000000002200000022222200000222222200000000022022222222222200020222220000222200000000000000000222232022222222222223333333333333344555544333322222000000002220000000000000222222222222222222222
00000000000000000000000002200000000022200222000000000022222222222222000002200220022000000000000000000000202222030222222222223333333333333444555544433332222200220002022000000000000022222222222222222222
00000000000000000000000222200000000022000222000000000022222222222222000002222220022000000000000000000000002222000222222222222333333333334445555544433323222222220000022200000000000022222222222222222222
00000000000000000000000222000000000000000022002200000000022222220220000000222202200000000000000000000002022222002022222222222333333333334445555544433330302322000000000000000000000002222222222222222222
00000000000000000000000220000000000000000022022200000000022222200220000000222222220000000000000000000002222222022033222222222333333333344444555544433333302223000000000000000000222222222222222222222222
00000000000000000000000000000000000000000000220000002222222222000000000002222222220000000000000000000002220022233330020222222333333333344444454444443332220333220022200000000000022222222222222222222222
00000000000000000000000000000002200000002200000000000222000022000220000000000222000000000000000000000000020000223000222222222333333333344444444444433333333000002220000000000000022222222222222222222222
00000000000000000000000000000002200000002200000000000022000000000222000000020220000000000000000000000000000000222000022222222233333333344444444444433333330000022220000000000000222002222222222222222222
00000000000000000000000000000002200000222220000000000000000000000000000000020000000000000000000000000000000000222002222222222233333333444444444444433333222233323320000000000000022000222222222222223322
00000000000000000000000000000002200000222200000000000000000000000000000000000000000000000000000000000000000000222002222222222233333333444444444444333332222333333320220000000000222000222222222222223322
00000000000000000000000000000000000222222222000000000000000000000000000000000000000000000000000000000000000002220002222222222333333333444444444444333332333332000000000000022220222000022222222222222322
00000000000000000000000000000000000222222222000000000000000000000000000000000000000000000000000000000000000002220202222222223333333333433444443444444433333333003000000000222220000000022222222222222322
00000000000000000000000000000000000200000022000022000000000000000000000000000000000000000000000000000000000000000003222222233333333333333333344444444433333333033300000022222000000022222222222222223322
00000000000000000000000000000000000000000022000022000000000000000000000000000000000000000000000000000000000000000002222222233333333333333333344444444444333333003332000022222000000002222222222222222322
00000000000000000000000000000000000000000000002220000000000000000000000000000000000000000000000000000000000000000222222222233333333333333333344444444444322332002300322022220220000000222222222222223322
00000000000000000000000000000000000000000000002200000000000000000000000000000000000000000000000000000000000000000222222222233333333333333333344444444443332223002200022222220222220000222222222222223222
00000000000000000000000000000000000000000000000000000000000000000000000000000000000000000000000000000000000000000222222222233333333333333333344444444444443203333200000222022202222002222222222222333322
00000000000000000000000000000000000000000000000000000000000000000000000000000000000000000000000000000000000000000222222222233333333333333333344444444444443303333200000222222222222022222222222223333322
00000000000000000000000000000000000000000000000000000000000000000000000000000000000000000000000000000000000000000022333322223333333333333333344444455544443332333320000022222222222222222222222223333322
00000000000000000000000000000000000000000000000000000000000000000000000000000000000000000000000000000000000000000002233322223333333333333333344444455554444432333330000222222222222222222222222222333322
00000000000000000000000000000000000000000000000000000000000000000000000000000000000000000000000000000000000000000002233332233333333333334333334444555554444444333333222222222222222222222222222222233222
00000000000000000000000000000000000000000000000000000000000000000000000000000000000000000000000000000000000000000002233333223333333333333443333444555555444444323333222222222222222333222222222222232222
00000000000000000000000000000000000000000000000000000000000000000000000000000000000000000000000000000000000000000000033323233333333333333444433444455555544444433333300002220000223330222222222222222322
00000000000000000000000000000000000000000000000000000000000000000000000000000000000000000000000000000000000000000000023222333333333333334444444444555555554444443333330020200000223320022222222222223222
00000000000000000000000000000000000000000000000000000000000000000000000000000000000000000000000000000000000000000000000200233333333333334444444444555555554334443333333332222222223320000022222222223223
00000000000000000000000000000000000000000000000000000000000000000000000000000000000000000000000000000000000000000000000000033333333333334444444444555555554433333223333322223322222220000022202222333233
00000000000000000000000000000000000000000000000000000000000000000000000000000000000000000000000000000000000000000000000000023333333333334444444444555554444444403333333300022322023220000022200233333333
00000000000000000000000000000000000000000000000000000000000000000000000000000000000000000000000000000000000000000000000000022333333333334444444444555444444444433332322333333320023322000002200333233322
00000000000000000000000000000000000000000000000000000000000000000000000000000000000000000000000000000000000000000000000002202233333333334444444444444444444444443333330233333322233322200002222332222222
00000000000000000000000000000000000000000000000000000000000000000000000000000000000000000000000000000000000000000000000002222333333333334444444444444444444443334443333333333332233222220222223322222222
00000000000000000000000000000000000000000000000000000000000000000000000000000000000000000000000000000000000000000000000000023233333333334444444444444444344433344444433333333332222330322222233322220222
00000000000000000000000000000000000000000000000000000000000000000000000000000000000000000000000000000000000000000000000000222233333333334444444444444444333333444444444333333322223322222222233322222222
00000000000000000000000000000000000000000000000000000000000000000000000000000000000000000000000000000000000000000000000000022233333333334444444444444433333344444444444333333320222224444222233222222222
00000000000000000000000000000000000000000000000000000000000000000000000000000000000000000000000000000000000000000000000222222233333333334444444444443333334434444455554433333322234234444222333222222222
00000000000000000000000000000000000000000000000000000000000000000000000000000000000000000000000000000000000000000000000222222233333333334444444444443344444444444455554444433320233444444323333222222222
00000000000000000000000000000000000000000000000000000000000000000000000000000000000000000000000000000000000000000000000222222233333333334444444444444444444444444455555544443323432444444333333320222222
00000000000000000000000000000000000000000000000000000000000000000000000000000000000000000000000000000000000000000000002222222223333333333444444444444444444444444444555544443223442444444333332220222222
00000000000000000000000000000000000000000000000000000000000000000000000000000000000000000000000000000000000000000000022222022223333333333444444444444444444444444444455554433223444555444323333222222222
00000000000000000000000000000000000000000000000000000000000000000000000000000000000000000000000000000000000000000000022222022323300333333334444444444444444444444444455554433223455554444444333322222222
00000000000000000000000000000000000000000000000000000000000000000000000000000000000000000000000000000000000000000002200222222223000333333333444444444444444444444444444444333333455555444332222322222222
00000000000000000000000000000000000000000000000000000000000000000000000000000000000000000000000000000000000000000022200222222220000333333333334444444444444444444444444444445455555544455332222222222222
00000000000000000000000000000000000000000000000000000000000000000000000000000000000000000000000000000000000002002222200222222002222333333333344444444444444444444444444455555455555544555542223222222222
00000000000000000000000000000000000000000000000000000000000000000000000000000000000000000000000000000000000022002222220222222003332333333333344444444444444444444444444455555455444444445553233222222222
00000000000000000000000000000000000000000000000000000000000000000000000000000000000000000000022200000000000222002020222222200023333333333333333444444444444444444444444444555444544444444422222222222222
00000000000000000000000000000000000000000000000000000000000000000000000000000000000000000000022200000000000022002200022222200023333333333333343444444444444444444444444443345555554334434222222200222222
00000000000000000000000000000000000000000000000000000000000000000000000000000000000000000000220000220022222222022222220222222223333333333333333444444444444444444444433333445555554443334220222200222222
00000000000000000000000000000000000000000000000000000000000000000000000000000000000000000000220002222222222222222222200222222022333333333333334444444444444444444433443343445435554430033220222202222222
00000000000000000000000000000000000000000000000000000000000000000000000000000000000000002200202222222222220022222222222222200022333333333333333444444444444444444333343323444433344432223220002000222222
00000000000000000000000000000000000000000000000000000000000000000000000000000000000000002222222222200222220022222222222222202022223333333333333444444444444444443332344323444443333322333330000000222222
00000000000000000000000000000000000000000000000000000000000000000000000000000000000000022222222222222222220220220222222222022222233333333333333333344444444444433333443333344443333320333300000000000222
00000000000000000000000000000000000000000000000000000000000000000000000000000000002200222222222222222222222200000222222222222222334443333333333334444444444444432222242222343333333330033300000000000222
00000000000000000000000000000000000000000000000000000000000000000000000000000000022222222222222222222222220200200222022222222222444433333333333334444444444443322222222222443233033333233330000000000222
00000000000000000000000000000000000000000000000000000000000000000000000000000000022222222222222222222222222222200222222222222222444433323333333333344444444443322233223224433233344433322220000000000022
00000000000000000000000000000000000000000000000000000000000000000000000000000000022222222222222222222222222222222002222222222222444443333333333333333344444333333332223334433233344443222000000000000022
00000000000000000000000000000000000000000000000000000000000000000000000000000000222222222222222222222222222220222002222222222222333344332223333333333444443333333333332224422233334443322000000000000022
00000000000000000000000000000000000000000000000000000000000000000000000000000000002222222222222222222222222222222002222222202222333334332233333333344344333333333333333324422333233344300000000000000022
00000000000000000000000000000000000000000000000000000000000000000000000000000002222222222222222222222222222222222222222222202003332334333332333333433443333333333333333323330333333333332000000000000002
00000000000000000000000000000000000000000000000000000000000000000000000000000002222222222222222222222222222222222222222222200003323333333333333333334333333333333333333243220303343333443300000000000002
00000000000000000000000000000000000000000000000000000000000000000000000000000000022222222222222222222222222222222222222220000202333023233333333333333333333333333333332243000323003423403302000000000000
00000000000000000000000000000000000000000000000000000000000000000000000000000000002222222222222222222222222222222222222220022000032223323333333222333333333333333333332444000320000333000003000000000000
00000000000000000000000000000000000000000000000000000000000000000000000000000000022222222222222222222222222222222222222222222222233222233333333223333233333333333333333333322230022220000000000000000000
00000000000000000000000000000000000000000000000000000000000000000000000000000000002222222222222222222222222222222222222222222222233322222222333322322333333333333333332232232233322000000000000000000000
00000000000000000000000000000000000000000000000000000000000000000000000000000000000022222222222222222222222222222222222222222222223322222222233332223433333333322333222222233333323220000000000000000000
00000000000000000000000000000000000000000000000000000000000000000000000000000000000002222222222222222222222222222222222222222222222223322022233222333333333333323333220222223333334320000000000000000000
00000000000000000000000000000000000000000000000000000000000000000000000000000000000000022222222222222222222222222222222222222222222222222022232223333333333333222342220232200234322220000000000022000000
00000000000000000000000000000000000000000000000000000000000000000000000000000000000000002222222222222222222222222222222222222222222220022222222233333333333333222242223333200222222230000000000022000000
00000000000000000000000000000000000000000000000000000000000000000000000000000000000000000002222222222222222222222222222222222222220222222222222333333333333333322222233222222200002000200000000000220000
00000000000000000000000000000000000000000000000000000000000000000000000000000000000000000000222222222222222222222222222222222222222222222202233333233333333333233222222222222000000000000000000000220000
00000000000000000000000000000000000000000000000000000000000000000000000000000000000000000000000222222222222222222222222222222222222222222223333333333333333333333222232000000002200000000000000000000000
00000000000000000000000000000000000000000000000000000000000000000000000000000000000000000000000022222222222222222222222222222222222222222223333333333333333333332222333200000002200000000003000000000000
00000000000000000000000000000000000000000000000000000000000000000000000000000000000000000000000000000222222222222222222222222222222222222233323333333333333333332222222222200000000000000000000000002203
00000000000000000000000000000000000000000000000000000000000000000000000000000000000000000000000000000022222222222222222222222222222222222233333333333333333333332222222222200000000000000000000000002330
00000000000000000000000000000000000000000000000000000000000000000000000000000000000000000000000000000000002222222222222222222222222222233333322333333333332333322222330000000003300000000000000000002200
00000000000000000000000000000000000000000000000000000000000000000000000000000000000000000000000000000000000022222222222222222222222222333332233323333333322333322222232000000003300000000000000000003200
00000000000000000000000000000000000000000000000000000000000000000000000000000000000000000000000000000000000000022222222222222222222233333332333332333333233333222222222000000000000000022220002200000000
00000000000000000000000000000000000000000000000000000000000000000000000000000000000000000000000000000000000000002222222222222222222333322333333333333332223332222222222200000000000000022220002200000000
00000000000000000000000000000000000000000000000000000000000000000000000000000000000000000000000000000000000000000002222222222222223332333333223333333332333332222222222222200000000000000000000000000000
00000000000000000000000000000000000000000000000000000000000000000000000000000000000000000000000000000000000000000002222222222222223332233332223333333333333332222222222222220000000000000000000000000000
00000000000000000000000000000000000000000000000000000000000000000000000000000000000000000000000000000000000000000000000222222222223322223332222233333333333222222222222222222000000000000000000000000033
00000000000000000000000000000000000000000000000000000000000000000000000000000000000000000000000000000000000000000000000222222222223222222223222233333333332222222222222222222000000000000000000000000022
00000000000000000000000000000000000000000000000000000000000000000000000000000000000000000000000000000000000000000000000000022222222222222222222223333333332222222222222222200000000000000000000000000000
00000000000000000000000000000000000000000000000000000000000000000000000000000000000000000000000000000000000000000000000000000222222222222222222223322233332222222222222222220000000000000000000000000000
00000000000000000000000000000000000000000000000000000000000000000000000000000000000000000000000000000000000000000000000000000002222222222222222222222222332222222222222222220000000000000000000000000000
00000000000000000000000000000000000000000000000000000000000000000000000000000000000000000000000000000000000000000000000000000000222222222222222222222222332222222222222222222000000000000000000000003300
00000000000000000000000000000000000000000000000000000000000000000000000000000000000000000000000000000000000000000000000000000000022222222222222222222222222222222222222222222000000000000000000000000000
00000000000000000000000000000000000000000000000000000000000000000000000000000000000000000000000000000000000000000000000000000000000222222222222222222223322222222222222222222220000000000000000000000000
00000000000000000000000000000000000000000000000000000000000000000000000000000000000000000000000000000000000000000000000000000000000022222222222222222223222222222222222222222220000000000000000000000000
00000000000000000000000000000000000000000000000000000000000000000000000000000000000000000000000000000000000000000000000000000000000000222222222222222222222222222222222220022200000000000000000000000000
00000000000000000000000000000000000000000000000000000000000000000000000000000000000000000000000000000000000000000000000000000000000000022222222222222222222222222222222220022000000000000000000000000000
00000000000000000000000000000000000000000000000000000000000000000000000000000000000000000000000000000000000000000000000000000000000000002222222222222222222222222222222220000000000000000000000000000000
00000000000000000000000000000000000000000000000000000000000000000000000000000000000000000000000000000000000000000000000000000000000000000222222222222222222222222222222222002222220000000000000000000000
00000000000000000000000000000000000000000000000000000000000000000000000000000000000000000000000000000000000000000000000000000000000000000022222222222222222222222222222222222222222000000000000000000000
00000000000000000000000000000000000000000000000000000000000000000000000000000000000000000000000000000000000000000000000000000000000000000022222222222222222222222222222222222222222000000000000000000000
00000000000000000000000000000000000000000000000000000000000000000000000000000000000000000000000000000000000000000000000000000000000000000002222222222222222222222222222222222222222220000000000000000000
00000000000000000000000000000000000000000000000000000000000000000000000000000000000000000000000000000000000000000000000000000000000000000000222222222222222222222222222222222222222222000000000000000000
00000000000000000000000000000000000000000000000000000000000000000000000000000000000000000000000000000000000000000000000000000000000000000000222222222222222222222222222222222222222000000000000000000000
00000000000000000000000000000000000000000000000000000000000000000000000000000000000000000000000000000000000000000000000000000000000000000000222222222222222222222222222222222222220000000000000000000000
00000000000000000000000000000000000000000000000000000000000000000000000000000000000000000000000000000000000000000000000000000000000000000000002222222222222222222222222222222222200000000000000000000000
00000000000000000000000000000000000000000000000000000000000000000000000000000000000000000000000000000000000000000000000000000000000000000000002222222222222222222222222222222222200000000000000000000000
00000000000000000000000000000000000000000000000000000000000000000000000000000000000000000000000000000000000000000000000000000000000000000000000222222222222222222222222222222220000000000000002220000000
00000000000000000000000000000000000000000000000000000000000000000000000000000000000000000000000000000000000000000000000000000000000000000000000022222222222222222222222222222222220000000000002222002200
00000000000000000000000000000000000000000000000000000000000000000000000000000000000000000000000000000000000000000000000000000000000000000000000022222222222222222222222222222222220220000000222022222222
00000000000000000000000000000000000000000000000000000000000000000000000000000000000000000000000000000000000000000000000000000000000000000000000022222222222222222222222222222222222222000000222022222222
00000000000000000000000000000000000000000000000000000000000000000000000000000000000000000000000000000000000000000000000000000000000000000000000000222222222222222222222222222222202222200000222222222222
00000000000000000000000000000000000000000000000000000000000000000000000000000000000000000000000000000000000000000000000000000000000000000000000000222222222222222222222222222222222222200000222222222222
00000000000000000000000000000000000000000000000000000000000000000000000000000000000000000000000000000000000000000000000000000000000000000000000000002222222222222222222222222222222000000000222022222222
00000000000000000000000000000000000000000000000000000000000000000000000000000000000000000000000000000000000000000000000000000000000000000000000000002222222222222222222222222222222000000002222000222222
00000000000000000000000000000000000000000000000000000000000000000000000000000000000000000000000000000000000000000000000000000000000000000000000000002222222222222222222222222222222000000002222002222222
00000000000000000000000000000000000000000000000000000000000000000000000000000000000000000000000000000000000000000000000000000000000000000000000000000222222222222222222222222222222000000002222222222222
00000000000000000000000000000000000000000000000000000000000000000000000000000000000000000000000000000000000000000000000000000000000000000000000000000022222222222222222222222222222000000002222222222222
00000000000000000000000000000000000000000000000000000000000000000000000000000000000000000000000000000000000000000000000000000000000000000000000000000002222222222222222222222222222000022222222222222222
00000000000000000000000000000000000000000000000000000000000000000000000000000000000000000000000000000000000000000000000000000000000000000000000000000002222222222222222222222222222000022222222222222222
00000000000000000000000000000000000000000000000000000000000000000000000000000000000000000000000000000000000000000000000000000000000000000000000000000000222222222222222222222222222200222222222200000022
00000000000000000000000000000000000000000000000000000000000000000000000000000000000000000000000000000000000000000000000000000000000000000000000000000000222222222222222222222222222200222222000000000000
00000000000000000000000000000000000000000000000000000000000000000000000000000000000000000000000000000000000000000000000000000000000000000000000000000000022222222222222222222222222002222222200000000000
00000000000000000000000000000000000000000000000000000000000000000000000000000000000000000000000000000000000000000000000000000000000000000000000000000000002222222222222222222222222002222222000000000000
00000000000000000000000000000000000000000000000000000000000000000000000000000000000000000000000000000000000000000000000000000000000000000000000000000000002222222222222222222222222222222000000000000000
00000000000000000000000000000000000000000000000000000000000000000000000000000000000000000000000000000000000000000000000000000000000000000000000000000000002222222222222222222222222222222000000000000000
00000000000000000000000000000000000000000000000000000000000000000000000000000000000000000000000000000000000000000000000000000000000000000000000000000000002222222222222222222222222222222000000000000000
00000000000000000000000000000000000000000000000000000000000000000000000000000000000000000000000000000000000000000000000000000000000000000000000000000000002222222222222222222222222222222000000000000000
00000000000000000000000000000000000000000000000000000000000000000000000000000000000000000000000000000000000000000000000000000000000000000000000000000000000022222222222222222222222220000000000000000000
00000000000000000000000000000000000000000000000000000000000000000000000000000000000000000000000000000000000000000000000000000000000000000000000000000000000022222222222222222222222220000000000000000000
00000000000000000000000000000000000000000000000000000000000000000000000000000000000000000000000000000000000000000000000000000000000000000000000000000000000002222222222222222222222000000000000000000000
00000000000000000000000000000000000000000000000000000000000000000000000000000000000000000000000000000000000000000000000000000000000000000000000000000000000002222222222222222222222000000000000000000000
00000000000000000000000000000000000000000000000000000000000000000000000000000000000000000000000000000000000000000000000000000000000000000000000000000000000000222222222222222222222220000000000000000000
00000000000000000000000000000000000000000000000000000000000000000000000000000000000000000000000000000000000000000000000000000000000000000000000000000000000000222222222222222222222220000000000000000000
00000000000000000000000000000000000000000000000000000000000000000000000000000000000000000000000000000000000000000000000000000000000000000000000000000000000000022222222222222222222200000000000000000000
00000000000000000000000000000000000000000000000000000000000000000000000000000000000000000000000000000000000000000000000000000000000000000000000000000000000000002222222222222222222000000000000000000000
00000000000000000000000000000000000000000000000000000000000000000000000000000000000000000000000000000000000000000000000000000000000000000000000000000000000000000222222222222222222000000000000000000000
00000000000000000000000000000000000000000000000000000000000000000000000000000000000000000000000000000000000000000000000000000000000000000000000000000000000000000022222222222222222000000000000000000000
00000000000000000000000000000000000000000000000000000000000000000000000000000000000000000000000000000000000000000000000000000000000000000000000000000000000000000022222222222222220000022000000000000000
00000000000000000000000000000000000000000000000000000000000000000000000000000000000000000000000000000000000000000000000000000000000000000000000000000000000000000002222222222222200002220000000000000000
00000000000000000000000000000000000000000000000000000000000000000000000000000000000000000000000000000000000000000000000000000000000000000000000000000000000000000002222222222222200002220000000000000000
00000000000000000000000000000000000000000000000000000000000000000000000000000000000000000000000000000000000000000000000000000000000000000000000000000000000000000000222222222222200002222220000000000000
00000000000000000000000000000000000000000000000000000000000000000000000000000000000000000000000000000000000000000000000000000000000000000000000000000000000000000000022222222222200002222220000000000000
00000000000000000000000000000000000000000000000000000000000000000000000000000000000000000000000000000000000000000000000000000000000000000000000000000000000000000000022222222222220222222220000000000000
00000000000000000000000000000000000000000000000000000000000000000000000000000000000000000000000000000000000000000000000000000000000000000000000000000000000000000000022222222222220222222220000000000000
00000000000000000000000000000000000000000000000000000000000000000000000000000000000000000000000000000000000000000000000000000000000000000000000000000000000000000000000222222222222222222220000000000000
00000000000000000000000000000000000000000000000000000000000000000000000000000000000000000000000000000000000000000000000000000000000000000000000000000000000000000000000222222222222222222220000000000000
00000000000000000000000000000000000000000000000000000000000000000000000000000000000000000000000000000000000000000000000000000000000000000000000000000000000000000000000222222222222222222220000000000000
00000000000000000000000000000000000000000000000000000000000000000000000000000000000000000000000000000000000000000000000000000000000000000000000000000000000000000000000222222222222222222220000000000000
00000000000000000000000000000000000000000000000000000000000000000000000000000000000000000000000000000000000000000000000000000000000000000000000000000000000000000000000222222222222222222220000000000000
00000000000000000000000000000000000000000000000000000000000000000000000000000000000000000000000000000000000000000000000000000000000000000000000000000000000000000000000222222222222222222220000000000000
00000000000000000000000000000000000000000000000000000000000000000000000000000000000000000000000000000000000000000000000000000000000000000000000000000000000000000000000222222222222222222222000000000000
00000000000000000000000000000000000000000000000000000000000000000000000000000000000000000000000000000000000000000000000000000000000000000000000000000000000000000000000222222222222222222222000000000000
00000000000000000000000000000000000000000000000000000000000000000000000000000000000000000000000000000000000000000000000000000000000000000000000000000000000000000000000022222222222222222220000000000000
00000000000000000000000000000000000000000000000000000000000000000000000000000000000000000000000000000000000000000000000000000000000000000000000000000000000000000000000022222222222222222220000000000000
00000000000000000000000000000000000000000000000000000000000000000000000000000000000000000000000000000000000000000000000000000000000000000000000000000000000000000000000002222222222222222222000000000000
00000000000000000000000000000000000000000000000000000000000000000000000000000000000000000000000000000000000000000000000000000000000000000000000000000000000000000000000002222222222222222002000000000000
00000000000000000000000000000000000000000000000000000000000000000000000000000000000000000000000000000000000000000000000000000000000000000000000000000000000000000000000002222222222222222220002200000000
00000000000000000000000000000000000000000000000000000000000000000000000000000000000000000000000000000000000000000000000000000000000000000000000000000000000000000000000002222222222222222222022200000000
00000000000000000000000000000000000000000000000000000000000000000000000000000000000000000000000000000000000000000000000000000000000000000000000000000000000000000000000002222222222222202222222222000000
00000000000000000000000000000000000000000000000000000000000000000000000000000000000000000000000000000000000000000000000000000000000000000000000000000000000000000000000002222222222222222222222222200000
00000000000000000000000000000000000000000000000000000000000000000000000000000000000000000000000000000000000000000000000000000000000000000000000000000000000000000000000002222222222222222222222220000000
00000000000000000000000000000000000000000000000000000000000000000000000000000000000000000000000000000000000000000000000000000000000000000000000000000000000000000000000002222222222222222222222220000000
00000000000000000000000000000000000000000000000000000000000000000000000000000000000000000000000000000000000000000000000000000000000000000000000000000000000000000000000002222222222222222222222220000000
00000000000000000000000000000000000000000000000000000000000000000000000000000000000000000000000000000000000000000000000000000000000000000000000000000000000000000000000000222222222222222222222220000000
00000000000000000000000000000000000000000000000000000000000000000000000000000000000000000000000000000000000000000000000000000000000000000000000000000000000000000000000000022222222222222222222220000000
00000000000000000000000000000000000000000000000000000000000000000000000000000000000000000000000000000000000000000000000000000000000000000000000000000000000000000000000000022222222222222222222222220222
00000000000000000000000000000000000000000000000000000000000000000000000000000000000000000000000000000000000000000000000000000000000000000000000000000000000000000000000000022222222222222222222222222222
00000000000000000000000000000000000000000000000000000000000000000000000000000000000000000000000000000000000000000000000000000000000000000000000000000000000000000000000000022222222222222222222222022222
00000000000000000000000000000000000000000000000000000000000000000000000000000000000000000000000000000000000000000000000000000000000000000000000000000000000000000000000000022222222222222222222222200000
00000000000000000000000000000000000000000000000000000000000000000000000000000000000000000000000000000000000000000000000000000000000000000000000000000000000000000000000000022222222222222222222222222222
00000000000000000000000000000000000000000000000000000000000000000000000000000000000000000000000000000000000000000000000000000000000000000000000000000000000000000000000000022222222222222222222222000002
00000000000000000000000000000000000000000000000000000000000000000000000000000000000000000000000000000000000000000000000000000000000000000000000000000000000000000000000000002222222222222222220000000022
00000000000000000000000000000000000000000000000000000000000000000000000000000000000000000000000000000000000000000000000000000000000000000000000000000000000000000000000000000222222222222222200000000222
00000000000000000000000000000000000000000000000000000000000000000000000000000000000000000000000000000000000000000000000000000000000000000000000000000000000000000000000000000222222222222222222220002220
00000000000000000000000000000000000000000000000000000000000000000000000000000000000000000000000000000000000000000000000000000000000000000000000000000000000000000000000000000222222022222222222222222200
00000000000000000000000000000000000000000000000000000000000000000000000000000000000000000000000000000000000000000000000000000000000000000000000000000000000000000000000000000222222222020222222222222200
00000000000000000000000000000000000000000000000000000000000000000000000000000000000000000000000000000000000000000000000000000000000000000000000000000000000000000000000000000222222220000222222222220000
00000000000000000000000000000000000000000000000000000000000000000000000000000000000000000000000000000000000000000000000000000000000000000000000000000000000000000000000000000222222002222022000000200000
00000000000000000000000000000000000000000000000000000000000000000000000000000000000000000000000000000000000000000000000000000000000000000000000000000000000000000000000000000222222022222022200000000000
00000000000000000000000000000000000000000000000000000000000000000000000000000000000000000000000000000000000000000000000000000000000000000000000000000000000000000000000000000022222222220002200000000000
00000000000000000000000000000000000000000000000000000000000000000000000000000000000000000000000000000000000000000000000000000000000000000000000000000000000000000000000000000002222222200002220000000000
00000000000000000000000000000000000000000000000000000000000000000000000000000000000000000000000000000000000000000000000000000000000000000000000000000000000000000000000000000002222220000000220000000000
00000000000000000000000000000000000000000000000000000000000000000000000000000000000000000000000000000000000000000000000000000000000000000000000000000000000000000000000000000002222220000000220000000000
00000000000000000000000000000000000000000000000000000000000000000000000000000000000000000000000000000000000000000000000000000000000000000000000000000000000000000000000000000002222220000000002200000000
00000000000000000000000000000000000000000000000000000000000000000000000000000000000000000000000000000000000000000000000000000000000000000000000000000000000000000000000000000002222220000002202200000000
00000000000000000000000000000000000000000000000000000000000000000000000000000000000000000000000000000000000000000000000000000000000000000000000000000000000000000000000000000000222002222002200000000000
00000000000000000000000000000000000000000000000000000000000000000000000000000000000000000000000000000000000000000000000000000000000000000000000000000000000000000000000000000000022202222222200000000000
00000000000000000000000000000000000000000000000000000000000000000000000000000000000000000000000000000000000000000000000000000000000000000000000000000000000000000000000000000000022222222000000000000000
00000000000000000000000000000000000000000000000000000000000000000000000000000000000000000000000000000000000000000000000000000000000000000000000000000000000000000000000000000000022222222000002200000000
00000000000000000000000000000000000000000000000000000000000000000000000000000000000000000000000000000000000000000000000000000000000000000000000000000000000000000000000000000000022222220000002200000000
00000000000000000000000000000000000000000000000000000000000000000000000000000000000000000000000000000000000000000000000000000000000000000000000000000000000000000000000000000000002222222002202200000000
00000000000000000000000000000000000000000000000000000000000000000000000000000000000000000000000000000000000000000000000000000000000000000000000000000000000000000000000000000000002222222222222200000000
00000000000000000000000000000000000000000000000000000000000000000000000000000000000000000000000000000000000000000000000000000000000000000000000000000000000000000000000000000000002222222222222000000000
00000000000000000000000000000000000000000000000000000000000000000000000000000000000000000000000000000000000000000000000000000000000000000000000000000000000000000000000000000000002222222222222000000000
00000000000000000000000000000000000000000000000000000000000000000000000000000000000000000000000000000000000000000000000000000000000000000000000000000000000000000000000000000000000222222222220000000000
00000000000000000000000000000000000000000000000000000000000000000000000000000000000000000000000000000000000000000000000000000000000000000000000000000000000000000000000000000000000222222222220000000000
00000000000000000000000000000000000000000000000000000000000000000000000000000000000000000000000000000000000000000000000000000000000000000000000000000000000000000000000000000000000222222222222222000000
00000000000000000000000000000000000000000000000000000000000000000000000000000000000000000000000000000000000000000000000000000000000000000000000000000000000000000000000000000000000222222222222222202000
00000000000000000000000000000000000000000000000000000000000000000000000000000000000000000000000000000000000000000000000000000000000000000000000000000000000000000000000000000000000222222222222222002200
00000000000000000000000000000000000000000000000000000000000000000000000000000000000000000000000000000000000000000000000000000000000000000000000000000000000000000000000000000000000222222222222222220020
00000000000000000000000000000000000000000000000000000000000000000000000000000000000000000000000000000000000000000000000000000000000000000000000000000000000000000000000000000000000022222222222222222222
00000000000000000000000000000000000000000000000000000000000000000000000000000000000000000000000000000000000000000000000000000000000000000000000000000000000000000000000000000000000022222222222222222222
00000000000000000000000000000000000000000000000000000000000000000000000000000000000000000000000000000000000000000000000000000000000000000000000000000000000000000000000000000000000022222222222222222200
00000000000000000000000000000000000000000000000000000000000000000000000000000000000000000000000000000000000000000000000000000000000000000000000000000000000000000000000000000000000002222222222222222200
00000000000000000000000000000000000000000000000000000000000000000000000000000000000000000000000000000000000000000000000000000000000000000000000000000000000000000000000000000000000000222222222222222222
00000000000000000000000000000000000000000000000000000000000000000000000000000000000000000000000000000000000000000000000000000000000000000000000000000000000000000000000000000000000000222222222222222222
00000000000000000000000000000000000000000000000000000000000000000000000000000000000000000000000000000000000000000000000000000000000000000000000000000000000000000000000000000000000000022222222222222222