22222222222222222222222222222222222222222222222222222222220000000000222000000000020220000222220200000000000000002200002222222222002222200000000000000000000000000000000000000000000000000000000000000000
22222222222222222222222222222222222222222222222222222222220000222220000220022000222220000222220222222000000000000000002222222222022220200000000000000000000000000000000000000000000000000000000000000000
22222222222222222222222222222222222222222222222222222222220000222220000220022000222200000022222002220200022000000000002222222220222000000000000002000000000000000000000000000000000000000000000000000000
22222222222222222222222222222222222222222222222222222222200022222220000200000200000000200000022202222222022202220000222222202202222222200000000000220000000000000000000000000000000000000000000000000000
22222222222222222222222222222222222222222222222222222222220022222220000000000200000000200022022222222222222202220000220222002202222222200000000000220000000000000000000000000000000000000000000000000000
22222222222222222222222222222222222222222222222222222222200022222222020000000022000000000022022222222222222222022200000222022222222222000220000000000000000000000000000000000000000000000000000000000222
22222222222222222222222222222222222222222222222222222222020022222220000000000022000000000022222222222222222222222200000002222222222222200220000220020000000000000000000000000000000000000000000000002222
22222222222222222222222222222222222222222222222222222222222222222220022000000222220000000022222222222222222222220000000000222222220222222222200020222200000000000000000000000000000000000000000000022222
22222222222222222222222222222222222222222222222222222222222222222200222000002222220000022022222222222222222222222000000222202222200222222222222002222200000000000000000000000000000000000000000000222222
22222222222222222222222222222222222222222222222222222222222222222000022002222222222200222202222222222222222222222200000222202222202222222222222022202200000000000000000000000000000000000000000002222222
22222222222222222222222222222222222222222222222222222222222222222200022222222222222222222202222222222222222222222222002022202222222222200222222022002200000000000000000000000000000000000000000002222222
22222222222222222222222222222222222222222222222222222222222222222220222202222222222222222200222222222222222222222222220002222202200000000000000000000000000000000000000000000000000000000000000002222022
22222222222222222222222222222222222222222222222222222222222222222220222222222222222222222200222222222222222222222222220022220002200000000000000000000000000000000000000000000000000000000000000002222222
22222222222222222222222222222222222222222222222222222222222222222222222222222222222222222220022222222222222222222222222220000000000000000000000022000000000000000000000000000000000000000000000000022222
22222222222222222222222222222222222222222222222222222222222222222222222222222222222222222222222222222222222222222222222200000000000000000000000020000000000000000000000000000000000000000000000002222222
22222222222222222222222222222222222222222222222222222222222222222222222222222222222222222222222222222222222222220222222200000000000000000000000022000000000000000000000000000000000000000000000002222222
22222222222222222222222222222222222222222222222222222222222222222222222222222222222222222222222222222222222222222222222200000000000000000000000000000000000000000000000000000000000000000000000000200000
22222222222222222222222222222222222222222222222222222222222222222222222222222222222222222222222222222222222222222222222200000000000000000000000000000000000000000000000000000000000000000000000000000000
22222222222222222222222222222222222222222222222222222222222222222222222222222222222222222222222222222222222222222222222222000000000000000000000000000000000000000000000000000000000000000000000000000220
22222222222222222222222222222222222222222222222222222222222222222222222222222222222222222222222222222222222222222222222222200000000000000000000000000000000000000000000000000000000000000000000000000220
22222222222222222002222222222222222222222222222222222222222222222222222222222222222222222222222222222222222222222222222222000000000000000000000000000000000000000000000000000000000000000000000000000220
22222222222222222222222222222222222222222222222222222222222222222222222222222222222222222222222222222222222222222222222200000000000000000000000000000000000000000000000000000000000000000000000000000220
22222222222222222222000022222222222222222222222222222200000022222222222222222222222222222222222222222222222222222222222200000000000000000000000000220000000000000000000000000000000000000000000000022000
22222222222222222222222022222222222222222222222222222200022222222222222222222222222222222222222222222222222222222222222200000000000000000000000022220000000000000000000000000000000000000000000000022000
22222222222222002202222000222222222222222222222222200220222222222222222222222222222222222222222222222222222222222222222200222220000000000000222222200000000000000000000000000000000000000000000002200000
22222222222222002202220002222222222222222222222222202222222222222222222222222222222222222222222222222222222222222222222200222220000000000000222222200000000000000000000000000000000000000000000002200000
22222222222200000022222222222222222222222222222222202222220222222222222222222222222222222222222222222222222222222222222202222200000000022002220022200000000000000000000000000000000000000000000000022000
22222222222200000022222222222222222222222222222222222022220222222222222222222222222222222222222222222222222222222222222222222200000222222202222022200000000000000000000000000000000000000000000000022000
22222222222000000000020022222222222222222222222202220000002222222222222222222222222222222222222222222222222222222220222022220200022202222222222200000000000000000002200000000000000000000000002222222000
02222222200022000000020022222222222222222222222000200000000022222222222222222222222222222222222222222222222222222200222222222202222220022220022200000000000000000222000220000000000000000000002000022220
02022222200022000000022222222222222222222222220000000000000022222222222222222222222222222222222222222222222222222222222222222222222220002022222000000000000000002220000220000000000000000000000000022222
02222222200002220000022222222222222222222222222200000000000002222222222222222222222222222222222222222222222222222222202222200022002222002000000000000000000000222020000000022000000000000000000000002222
02200222200000222200002222222222222222222222222222000000000022222222222222222222222222222222222222222222222222222222202222200222200222220000000000000000000000222020002000022000000000000000000000002220
02200022200000222220002222222222222222222222222200000000000022222222222222222222222222222222222222200200022222222222202222202222220220020000000000000000000000220000022000000000000000000000000000022022
02200022220000222222202222222222222222222222222200000000000022222222222222222222222222222222222222200000022222222222222222222222222222000000000000000000000000220000022000000000000000000000000000000022
22000222222000222222002222222222222222222222222220000000222200022222222222222222222222222222222202222000022222222222222222222222222000000000000000000000000002000002200000000000000000000000000000022222
22200222222200220222002222222222222222222222222200000022222200022222222222222222222222222222222002222000022222222222222222220022222200000000000000000000000022000002200000000000000000000000000000222222
22222222222022222222222222222222222222222222222220000022222202222222222222222222222222222222220000222000022222222222222222220002222000000000022000002222000020000222200000000000000000000000000000000222
22222222222222222222222222222222222222222222222222000222222222222222222222222222222222222222220000022000022222222222222222222000022000000000022000002222000000000222200000000000000000000000000000000222
22022202222202222222222222222222222222222222222222200022222222222222222222222222222222222222000000000000022222222222222222222222200000000002222000022000000022000002200000000000000000000000222220000222
22022022222222222222222222222222222222222222222222200022222222222222222222222222222222222222220000000000022222222222222222022222200000000022222000000000000022000002222200000000000000000000222220000222
22222022222222222222222222222222222222222222222222220002222222220222222222222222222222222222220000000000022222222222222202220200000000000222200000000000000000000002222220000000000000000000000000000222
22222222222222222222222222222222222222222222222222220000222222222222222222222222222222222222220000000000002222222222222222200000000000000222200000000000000000000002222220000000000000000000000000002222
22222222222222222222222222222222222222222222222222222000222222022222222222222200222222222200220000000000002022222220020222000000000000022222222000000000000000000000000000000000000000000000000000022222
22222222222222222222222222222222222222222222222222222222222222022222222222222222222222222200220000000000000022222220200222000000000000222222222000000000000000000000000000000000000000000000000000222222
22222222222222222222222222222222222222222222222222222222220000222222222222222222002222222200000000000000000222222000220222000000000002222222220000000000000000000000000000000000000000000000000022222222
22222222222222222222222222222222222222222222222222222222220022222222222222222222000222222200000000000002200022200000002220000000022222222222222200000000000000000000000000000000000000002200002222222020
22222222222222222222222222222222222222222222222222222222222222222222222222222222000022222020000000000002200002220000022220000000022222222222222200000000000000000000000000000000000000002200022222200000
22222222222222222222222222222222222222222222222222222222222222200222222222220200000002220000000000000000002222222222222200000000002222222222222222000000000000222000000000000000000000220000222222200000
22222222222222222222222222222222222222222222222222222222222222220222222222222000000022220000000000000000000022222222222200000000000222222222022222000000000000222200000000000000000000220020022222200000
22222222222222222222222222222222222222222222222222222222222220022222222222220000000002220000000000000000000022222222220000000002222222222202200000000000000000220000000000000000000000200022222222220002
22222222222222222222222222222222222222222222222222222222222200222222222222200000000000000000000000000000000022222222220200000002222222222022200000000000000000222020000000000000000000000022202222200002
22222222222222222222222222222222222222222222222222222222222222222222222222200000000000000000000000000000002222222222222200000022222222222222200022020000000000222220000000000002000020000022222222200002
22222222222222222222222222222222222222222222222222222222222222222222222222200000000000000000000000000000220222222222222200002222222222222222220022000000000000222222000000000002000200000022222222200022
22222222222222222222222222222222222222222222222222222222222222222222222222200000000000000000000000000000000222222222222222222222222222222222222000000000000000000222000000022000222200000000222222022222
22222222222222222222222222222222222222222222222222222222222222022002222222200000000000000000000000000000000222222222222222222222222222222222222000000000000000222200000000222000222200000000222220022222
22222222222222222222222222222222222222222222222222222222222222220000222222200000000000000000000000000000000022222222222222222222222222222222222200000000002222222020000000222000222000000022000000022222
22222222222222222222222222222222222222222222222222222222222222200000022222200000000000000000000000000000000002222222222222222022222222222222222220000002002222000000000020222220220000000022200000022222
22222222222222222222222222222222222222222222222222222222222222222000022222000000000000000000000000000000000002222222222222220222222222222222222022000000022222200000200022200222200022000022000000000223
22222222222222222222222222222222222222222222222222222222222222222222222222200000000000000000000000000200200022222222222222222222222222222222222022000000022222200000220002002222000022000022222000002223
22222222222222222222222222222222222222222222222222222222222222222222222222222000000000000000000000002222222222222222222222222222222222222222222222220000022200002222222000222222000000000002232200022233
22222222222222222222222222222222222222222222222222222222222222222222202222222200000000000000000002200222222222222222222222222222222222222222222222220000022222202222222000222222000220000000333220022233
22222222222222222222222222222222222222222022222222222222222220022000222222222220000000000000000002220222222222222222222222222222222222222222222220000000022222220222222000002002000000222000333320002233
22222222222222222222222222222222222222222002222222222222222222200002222222222222202200000000000000000002222222222222222222222222222222222222222200000000222222222222222000022222000000002220222322222333
22222222222222222222222222222222222222222222222222222222222222200022200002222222222200000000000000000002222222222222222222222222222222222222222200000000222222222222222220022002000000002220222332222233
22222222222222222222222222222222222222222202222222222222222222222000000000022222222200000000000222222222222222222222222222222222222222222222222200000022202222222222222200020000000000222200002222200233
22222222222222222222222222222222222222222202222222222222222222222200000002222022222200000000222222222222222222222222222222222222222222222000022200020222000222222222222222000000000222222200000222202333
22222222222222222222222222222222222222222022222222222222222222222222022222220222202200000000222222222222222222222222222222222222222222222222222200002222020002222222222222000220022222222222332222222322
22222222222222222222222222222222222222222222200222222222222222222222222222222222222200000000222222222222222222222222222222222222222222222222222202022222022222222222222222000222020022222222233222233002
22222222222222222222222222222222222222222222200022222222222222222222222222222222222220000022222222222222222222222222222222222222222222222222022022222222222222222222222200022002000002222222233322233302
22222222222222222222222222222222222222222222200022222222222222222222222222222222222220000222222222222222222222222222222222222222222222222222222222222222222222222222222220022002000000222220233332223333
22222222222222222222222222222222222222222202220222222222222222222222222222222222222222002222222222222222222222222222222222222222222222222222202222222222222222222222222220000000000000020000323332222333
22222222222222222222222222222222222222222002222222222222222222222222222222222222222222002222222222222222222222222222222222222222222222222222202222220222222222222222222220000000020000002203333333223334
22222222222222222222222222222222222222222002202222222222222222222222222222222222222222222222222222222222222222222222222222222222222222222222222222220222222222222222222200022222222223222233333333333334
22222222222222222222222222222222222222222002202222222222222222222222222222222222222222222222222222222222222222222222222222222222222222222222222222222222222222222222222220022222222233333333332333333334
22222222222222222222222222222222222222222020022222002222222222222222222222222222222222222222222222222222222222222222222222222222222222222222222222222222222222223222222200002222333333333333333333333344
22222222222222222222222222222222222222222222222222222222222222222222222222222222222222222222222222222222222222222222222222222222222222222222222222222222222222233322222200000222333334443333443333344444
02222222222222222222222222222222222222222222222222222222222222222222222222222222222222222222222222222222222222222222222222222222222222222222222222222222222222233222222200002222333334443333444444444444
00222222222222222222222222222222222222222222222222222222222222222222222222222222222222222222222222222222222222222222222222222222222222222222222222222222222222233322222202222222333444444434444444444444
00222222222222222222222222222222222222222222222222222222222222222222222222222222222222222222222222222222222222222222222222222222222222222222222222222222222223333322222202222233344344444344444444442244
00222222222222222222222222222222222222222222222222222222222222222222222222222222222222222222222222222222222222222222222222222222222222222222222222222222222233333322222222222333334444444444444444222234
00022222222222222222222222222222222222222222222222222222222222222222222222222222222222222222222222222222222222222222222222222222222222222222222222222222222333333322222222222233444444444444333322222333
00000022222222222222222222222222222222222222222222222222222222222222222222222222222222222222222222222222222222222222222222222222222222222222222222222222223333333322202222222344444444444433333223333233
00000002222222222222222222222222222222222222222222222222222222222222222222222222222222222222222222222222222222222222222222222222222222222222222222222222323333332322002222223344444444444433332233333333
00000020222222222222222222222222222222222222222222222222222222222222222222222222222222222222222222222222222222222222222222222222222222222222222222222333333333333320022222233344444454444433333333333333
00000002222222222222222222222222222222222222222222222222222222222222222222222222222222222222222222222222222222222222222222222222222222222222222222222333333333333300222223333344445555444433333333333333
00000000002222222222222222222222222222222222222222222222222222222222222222222222222222222220000222222222222222222222222222222222222222222222222222223333333333333002222234444444445555444433333333333333
00000000000222222222222222222222222222222222222222222222222222222222222222222222222222222200000222222222222222222222222222222222222222222222222223333333333333332222222344444444455555444443333233322222
00000222002200222222222222222222222222222222222222222222222222222222222222222222222222222200220222222222222222222222222222222222222222222222222223333333333333322232333444444445555555544444332200022222
00000222002222222222222222222222222222222222222222222222222222222222222222222222222222222222222222222222222222222222222222222222222222222222222223333333333333222333333444444455555555443222222200222222
00000000022222222222222222222222222222222222222222222222222222222222222222222222222222222222222222222222222222222222222222222222222222222222222233333333333332222333334444444555555554333220002200000200
00000002222222222222222222222222222222222222222222222222222222222222222222222222222222222222222222222222222222222222222222222222222222222222222233333333333322233333344444444555555554333200002200000000
00000000022222222222222222222222222222222222222222222222222222222222222222222222222222222222222222222222222222222222222222222222222222222222222223333333333222333333334444444455555554333222320000000000
00000000022222222222222222222222222222222222222222222222222222222222222222222222222222222222222222222222222222222222222222222222222222222222222222223333332223333333334444444444555544333333220000000000
00000000220222222222222222222222222222222222222222222222222222222222222222222222222222222222222200222202222202222222222222222222222222222222222222233333322233333333344444444444444444433333322200000000
00000000020222222222222222222222222222222222222222222222222222222222222222222222222222222222222222220022222220022222222222222222222222222222222222333333000323333333334444444444444444333333322220000002
00000000002222222222222222222222222222222222222222222222222222222222222222222222222222222222222222200000222220022222222222222222222222222222222223333333022222222233444444334444444444433333222230000002
00000002222222222222222222222222222222222222222222222222222222222222222202222222222222222222222222200002222222222222222222222222222222222222222222333330022222222333344443333344444444444333222002220000
00000002222222222222222222222222222222222222222222222222222222222222222222222222222222222222222222220002222222222222222222222222222222222222222223333200022222223333334333333344444444444333320032220000
00000002222222222222222222222222222222222222222222222222222222222222222222222222222222222222222222022222220002202222222222222222222222222222233333322000222222223333343333333444444444444333322000022000
00000022202222222222222222222222222222222222222222222222222222222222222222222222222222222222222220222222200002202222222222222222222222222222333332222002222222223333433334333344444444444443322002222000
00000002222022022222222222222222222222222222222222222222222222222222222222222222222222222222222220222222200002002222222222222222222222222223222222222222222222222233333333333344444444444333332333200222
00000002222022222222222222222222222222222222222222222222222222222222222222222222222222222222222222222222200000002222222222222222222222222222222222222222222222222233333323333334444444444444333330000220
00000002222222222222222222222222222222222222222222222222222222222222200222222222222222222222222222222220000000000222222222222222233222322222222200222222222222222233322233333334444455544433322332222222
00000002222222222222222222222222222222222222222222222222222222222222222222222222222222222222222222222220000000000022222222222222223222222222222222222222222222222332222233233333444455554444333332222222
00000000022222222222222222222222222222222222222200022222222222222222222222222222222222222222222222222220000000022222222222222222222222222222222222222222222222233332222233233333344555555444333322222202
00000000022222222222222222222222222222222222220000000022222222222222222222222222222222222222222222222220000000222222222222222222222222222222222222222222222222333322222223233333444455555443332222222000
00000000000020000022222222222222222222222222222000002222222222222222222222222222222222222222222222222000000000022222222222222222222222222222222222222222222223333222222222233333344455554433322222220000
00000000000000002022222222222222222222222222222000002222222222222222222222222222222222222222222222222000000000002222222222222222222222222222222222222222222333333222222022332333344455554443333222222200
00000000000000222222222222222222222220000022222200002202222222222222222222222222222222222222220222200000000000002222222222222222222222222222222222222222223333322222220000023233444455555443333322333222
00000000002222222222222222222222222222200002202220002202222222222222222222222222222222222222222222200000222222002222222222222222222222222222222222222222233333322222200000022233444455555443333333333222
00000000000200022222222200022222222222222002220000000022222222222222222222222222222222222222222222000002222222222222000022222222222222222222222222222222333333222222000000023333444455555444333333333322
00000000000000222222220000002220000222222000000000222022222222222222222222222222222222222222222222000222222000000000000000222220222222222222222222222233333332222220000220022333444445554444333333333332
00000000000000222222220000002000000222222000000000220000222222222222222222222222222222222222222222002222222200000000000002022220022222222222222222222333333322222222022222222334444444444443333333333332
00000000000000002220000022000000022222222220020000000000222222222222222222222222222222222222222222222222222222222200000022222222222222222222222222233333333222222222222222223334444444444433332333333322
00000000000000002200000022000000022002222220020000000000222222222222222222222222222222222222222222222222222222222200000222220222220222222222222222333333332222222222222322333334444444444433332233333222
00000000000000000000000000000000000000002020000000000000222222222222222222222222222222222222222222222222222222222000002222222222222222222222222223333322222222222222222233333334444444444333333233333320
00000000000000000000000000000000000000002020000000000000222222222222222222222222222222222222222222222222222222220000002222222222222222222222222233333322222222222222222223333334444444444433333322333220
00000000000000000000000000000002200220200000000000000000022222222222222222222222222222222222222222222222222222022222000000222222222222222222222333333332222222222222222222223344444444444443333223333200
00000000000000000000000000000002200220000000000000000000022222222222222222222222222222222222222222222222222222222222000000222222222222222222222223222322222222222222222222222344444444444444333322332000
00000000000000000000000000000000000000000000000022000000022222222222222222222222222222222222222222222222222222200000000002222222222022222222222233222222222222222222222222223344444444444444333322222222
00000000000000000000000000000000000000000000000022000000022222222222222222222222222222222222222222222222222222200000000000222222222022222223222322222222222222222222222222222334444444444444333322222222
00000000000000000000000000000000000000000000002200000000022222222222222222222222222222222222222222222222222222222222220022220022222222222233233322222222222222222222222222222234444444444444333322222200
00000000000000000000000000000000000000000000022200000000002222222222222222222222222222222222222222222222222222222222222222220002222222222222333222222222222222232222222222222234445555444444333333322200
00000000000000000000000000000000000000000022222000000000000222222222222222222222222222222222222222222222222222222222220000000002222222222223333222222222222223332222222222222234445555544444333333322200
00000000000000000000000000000000000000000222222000000000000022222222222222222222222222222222222220222222222222222222222002202222222222222223332222222222222233333333322222222344455555544443333333222222
00000000000000000000000000000000000000002222220000000000000002222222222222222222222222222222222200000002222222222222222222222222222223322222222222222222222333333333333333333444555555544443333333222222
00000000000000000000000000000000000000000222200000000000000000222222222222222222222222222222222200000000002220000000222222222222222233333222222222222222222333333333333333333344555555544433333322222222
00000000000000000000000000000000000000000022200000000000000000022222222222222222222222222222222220000000000000000000222222222222222223333332222222222233333333333333333333333445555555444333333222222222
00000000000000000000000000000000000000000000000000000000000000222222222222222222222222222222222220000000000000000000000222222000022222233333222222222223333333333333333322322345455555544433333322222222
00000000000000000000000000000000000000000000000000000000000000222222222222222222222222222222222222000000000000000000000222020000222222222233222222222222222222222222222222222334455555544443333322222222
00000000000000000000000000000000000000000000002200000000000022222222222222222222222222222222222222200000000000000000222022222222222222222222222222222222222222222222222222223333455555544443333322222222
00000000000000000000000000000000000000000000000000000000000022222222222222222222222222222222222222200000000000000000222222222222222222222222222222222222222222222222222222232233445555444444333332222222
00000000000000000000000000000000000000000000000000000000000022222222222222222222222222222222222222200000000000000022222222222222222222222222222222222222222222222222222222222234444554444444333332222222
00000000000000000000000000000000000000000000000000000000000222222222222222222222222222222222222222220000000000000022202222222222222222222222222222222222222222222222222222222344444444444444333333222222
00000000000000000000000000000000000000000000000022000000000222222222222222222222222222222222222222222000022000000022002222222222222222222222222222222222222222222222222222233444444444444444433333322222
00000000000000000000000000000000000000000000000022000000000022222222222222222222222222222222222222222002222000000222002222222222222222222222222222222222222222222222222222333444444444444444433333332222
00000000000000000000000000000000000000000000000000000000000022222222222222222222222222222222202222222202222220002220000000000022222222222222222222222222222222222222222223333344444444444444433333322222
00000000000000000000000000000000000000000000000000000000000022222222222222222222222222222220222222222222222220022200000000000022222222222222222222222222222222222222222233333344444444444444333333332332
00000000000000000000000000000000000000000000000000000000000000222222222222222222222222222222222222222222222000222222000000000002222222222222222222222222222222222222222233333344444444444444333333330330
00000000000000000000000000000000000000000000000000000000000000222222222222222222222222222202222222022222222002222222000000000002222222222222222222222222222222222223333333333334444444444443333333333033
00000000000000000000000000000000000000000000000000000000000000022222222222222222222222222222222222202222222002202200000000000000022222220022222222222222222333333333333333333334444444444433333333332033
00000000000000000000000000000000000000000000000000000000000000202222222222222222222220222222222222200222222002202202000000000000022222222222222222222222233333333333333333333333334444444333333333333003
00000000000000000000000000000000000000000000000000000000000002222222222222222222220222222202222222200222222002202222220000000000000020222222222222222222222333333333333333333333333333333333333333323303
00000000000000000000000000000000000000000000000000000000000000222222222202222222200022222200000000000220022002022222000000000000000220022222222222222222222323333333333333333333333333333333333333333000
00000000000000000000000000000000000000000000000000000000000002222222222200022222000022222222000000000000222000020022200000000000000222022222222222222222322233333333333333333333333333332333333333333000
00000000000000000000000000000000000000000000000000000000000022222222222202200022222200002222220220020000000000000000000000000000000002222222222222222222232333333333333333333333333333332333333333330030
00000000000000000000000000000000000000000000000000000000002022022222220022200022222200000202220220000000002000000000000000000000000002222222222222222222233333333333333333333333333333323333333333330003
00000000000000000000000000000000000000000000000000000000000022222222222222200022000000000000000000022002222222200000000000000000000002222222222222222222223333333333333333333333333333223333333333333000
00000000000000000000000000000000000000000000000000000000000000222000022222200022000000000000000000022002222222200000000000000000000002222222222222222222222333333333333333333333333332223333333332232000
00000000000000000000000000000000000000000000000000000000000000000000000000000200002200000000000002200000022222000000000000000000000000022222222222222222222233333333333333333333333332233333333332230000
00000000000000000000000000000000000000000000000000000000000000000000000000000200002222000000000002200000022220000000000000000000000000022222222222222222222233333333333333333333333332233333223322220000
00000000000000000000000000000000000000000000000000000000000000000000000000000000000000220000000000000000022000000000000000000000000000022222222222222222222223333333333333333333333333333223322320022000
00000000000000000000000000000000000000000000000000000000000000000000000000000000000000220000000000000000022000000000000000000000000000022222222222222222222222333333333333333333333333333332222220022000
00000000000000000000000000000000000000000000000000000000000000000000000000000000000000000000000000000000000000000000000000000000000000022002222222222222222222333333333333333333333333333333223230000000
00000000000000000000000000000000000000000000000000000000000000000000000000000000000000000000000000000000000000000000000000000000000000222222222222222222222222233333333333333333333333322233223320000000
00000000000000000000000000000000000000000000000000000000002200000000000000000000000000000000000000000000000000000000000000000002222222200222222222222222222222223333333333333333333333333233333300000223
00000000000000000000000000000000000000000000000000000000002220000000000000000000000000000000000000000000000000000000000020000002222222220222222222222222222222223333333333333333333333333333333300000222
00000000000000000000000000000000000000000000000000000000000022000000000000000000000000000000000000000000000220000000220022000000022222222202222222222222222222223333333333333333333333333333330300000003
00000000000000000000000000000000000000000000000000000000000020000000000000000000000000000000000000000000000220000000220022000000022222222022222222222222222222223333333333333333333333333333330300000033
00000000000000000000000000000000000000000000000000000000000000000000000000000000000000000000000000000000000000000000222220000000022222222222222222222222222222222233333333333333333333333332233302223333
00000000000000000000000000000000000000000000000000000000000000000000000000000000000000000000000000000000000000000000002222002222222222222222222222222222222222222223333333333333333334434432333320033332
00000000000000000000000000000000000000000000000000000000000000000000000000000000000000000000000000000000000000000000000022022222222222222222222222222222222222222223333333433333333344444443333330323302
00000000000000000000000000000000000000000000000000000000000000000000000000000000000000000000000000000000000000000000000220022222222220022222222222222222222222222222333333333333334444444444333333323320
00000000000000000000000000000000000000000000000000000000000000000000000000000000000000000000000000000000000000000000000000022202222220222222222222222222222222222222333333343333344444444444044330033233
00000000000000000000000000000000000000000000000000000000000000000000000000000000000000000000000000000000000000000000000022220022222222222222222222222222222222222222333333444333334444444444443333000333
00000000000000000000000000000000000000000000000000000000000000000000000000000000000000000000000000000000000000000000000022220022022222222222222222222222222222222222233333344433344444444444433333003333
00000000000000000000000000000000000000000000000000000000000000000000000000000000000000000000000000000220000000000000000002222222222220222222222222222222222222222222223323334444444444444444433333333333
00000000000000000000000000000000000000000000000000000000000000000000000000000000000000000000000000002220000000000000000222222222202200222222222222222222222222222222222333334444444444444444443333333333
00000000000000000000000000000000000000000000000000000000000000000000000000000000000000000000000000022000000000000000002222222222222222222222222222222222222222222222222333344444444444444444442333333333
00000000000000000000000000000000000000000000000000000000000000000000000000000000000000000000000000022000000000000000000222222222222222222222222222222222222222222222222233344444444444444444442333333322
00000000000000000000000000000000000000000000000000000000000000000000000000000000000000000000000000000000000000000000000000000222202222222222222222222222222222222222222223333444444444444444443333023222
00000000000000000000000000000000000000000000000000000000000000000000000000000000000000000000000000000000000000000000000000000222222222222222222222222222222222222222222223333444444444444444443233022222
00000000000000000000000000000000000000000000000000000000000000000000000000000000000000000000000000000000000000000000000000002222222222222222222222222222222222222222222222333444444444444444444233022233
00000000000000000000000000000000000000000000000000000000000000000000000000000000000000000000000000000000000000000000000000002222222222222222222222222222222222222222222222233444444444444444444433023333
00000000000000000000000000000000000000000000000000000000000000000000000000000000000000000000000000000000000000000000000000002222222222222222222222222222222222222222222222223444444444444444444333333333
00000000000000000000000000000000000000000000000000000000000000000000000000000000000000000000000000000000000000000000000000022002222222202222222222222222222222222222223222222444444444444444444333333333
00000000000000000000000000000000000000000000000000000000000000000000000000000000000000000000000000000000000000000000000000020002220222222222222222222222222222222222223332222244445555444444443333333333
00000000000000000000000000000000000000000000000000000000000000000000000000000000000000000000000000000220000000000022000000000022222222222222222222222222222222222222223333332234445555544444443333333333
00000000000000000000000000000000000000000000000000000000000000000000000000000000000000000000000000000220000000000022000000000222222222222222222222222222222222222222222233333323455555544444443333333333
00000000000000000000000000000000000000000000000000000000000000000000000000000000000000000000000000000000000000000000000000002222022202222222222222222222222222222222222223333333355555544444444444333333
00000000000000000000000000000000000000000000000000000000000000000000000000000000000000000000000000000000000000000000000000002222222222222222222222222222222222222222222222222334335555544444443333333333
00000000000000000000000000000000000000000000000000000000000000000000000000000000000000000000000000000000000000000000000000222222222222222222222222222222222222222222222222222334444555544333333333333333
00000000000000000000000000000000000000000000000000000000000000000000000000000000000000000000000000000000000000000000000000222222222220022222222222222222222222222222222222333334445555444444444444444333
00000000000000000000000000000000000000000000000000000000000000000000000000000000000000000000000000000000000000000000000000000022202220022222222222222222222222222222022233333344455555555544444444443333
00000000000000000000000000000000000000000000000000000000000000000000000000000000000000000000000000000000000000000000000000000022222220022222202222222222222222222220000333333344445555555544444444443333
00000000000000000000000000000000000000000000000000000000000000000000000000000000000000000000000000000000000000000000000000002222220020022222200022222222222222222220000233333344345555555544444444444333
00000000000000000000000000000000000000000000000000000000000000000000000000000000000000000000000000000000000000000000000000002222200020022222222222222222222222222222200222333333445555555444444444444333
00000000000000000000000000000000000000000000000000000000000000000000000000000000000000000000000000000000000000000000000000000000000222000022222222222222222222222222220003333333444444444444444444444333
00000000000000000000000000000000000000000000000000000000000000000000000000000000000000000000000000000000000000000000000000000000000222000002222222222222222222222222222002322334444444444444444444444333
00000000000000000000000000000000000000000000000000000000000000000000000000000000000000000000000000000000000000000000000000000000000222000000002222222222222022222222222202222334444444444444444444444333
00000000000000000000000000000000000000000000000000000000000000000000000000000000000000000000000000000000000000000000000000000000000222200200000222222222222022222222222222223333344444444444444444443333
00000000000000000000000000000000000000000000000000000000000000000000000000000000000000000000000000000000000000000000000022002200022002222220000022222222222200222220220222233333344444444444444444443333
00000000000000000000000000000000000000000000000000000000000000000000000000000000000000000000000000000000000000000000000000222200002202222000000020222222222000022200220222323323334443444444444444433333
00000000000000000000000000000000000000000000000000000000000000000000000000000000000000000000000000000000000000000000000020222200000202222000000002222222220000002200220223332003323443333333344444443333
00000000000000000000000000000000000000000000000000000000000000000000000000000000000000000000000000000000000000000000000022022220000220022222222022222200000000002022220223333333223444444434444444333333
00000000000000000000000000000000000000000000000000000000000000000000000000000000000000000000000000000000000000002000000022022220000220022222222022002200000000002002000222223333223334444444444444333333
00000000000000000000000000000000000000000000000000000000000000000000000000000000000000000000000000000000000000002200000002222222022220222222222222000022000000000000000000022222233333344343444444333333
00000000000000000000000000000000000000000000000000000000000000000000000000000000000000000000000000000000000000002200000000222022222222222222222222000022000000000000020000022222223333333333333444333333
00000000000000000000000000000000000000000000000000000000000000000000000000000000000000000000000000000000000000000200000000022222222222220000022220000000000000000000022000022022223333333333333334333333