00000000000000000000000000000000000000000000000000000000000000000000000000000000000000000000000000000000000000000000000000000000000000000000000000000000000000000000000000000000000000000000000000000000
00000000000000000000000000000000000000000000000000000000000000000000000000000000000000000000000000000000000000000000000000000000000000000000000000000000000000000000000000000000000000000000000000000000
00000000000000000000000000000000000000000000000000000000000000000000000000000000000000000000000000000000000000000000000000000000000000000000000000000000000000000000000000000000000000000000000000000000
00000000000000000000000000000000000000000000000000000000000000000000000000000000000000000000000000000000000000000000000000000000000000000000000000000000000000000000000000000000000000000000000000000000
00000000000000000000000000000000000000000000000000000000000000000000000000000000000000000000000000000000000000000000000000000000000000000000000000000000000000000000000000000000000000000000000000000000
00000000000000000000000000000000000000000000000000000000000000000000000000000000000000000000000000000000000000000000000000000000000000000000000000000000000000000000000000000000000000000000000000000000
00000000000000000000000000000000000000000000000000000000000000000000000000000000000000000000000000000000000000000000000000000000000000000000000000000000000000000000000000000000000000000000000000000000
00000000000000000000000000000000000000000000000000000000000000000000000000000000000000000000000000000000000000000000000000000000000000000000000000000000000000000000000000000000000000000000000000000000
00000000000000000000000000000000000000000000000000000000000000000000000000000000000000000000000000000000000000000000000000000000000000000000000000000000000000000000000000000000000000000000000000000000
00000000000000000000000000000000000000000000000000000000000000000000000000000000000000000000000000000000000000000000000000000000000000000000000000000000000000000000000000000000000000000000000000000000
00000000000000000000000000000000000000000000000000000000000000000000000000000000000000000000000000000000000000000000000000000000000000000000000000000000000000000000000000000000000000000000000000000000
00000000000000000000000000000000000000000000000000000000000000000000000000000000000000000000000000000000000000000000000000000000000000000000000000000000000000000000000000000000000000000000000000000000
00000000000000000000000000000000000000000000000000000000000000000000000000000000000000000000000000000000000000000000000000000000000000000000000000000000000000000000000000000000000000000000000000000000
00000000000000000000000000000000000000000000000000000000000000000000000000000000000000000000000000000000000000000000000000000000000000000000000000000000000000000000000000000000000000000000000000000000
00000000000000000000000000000000000000000000000000000000000000000000000000000000000000000000000000000000000000000000000000000000000000000000000000000000000000000000000000000000000000000000000000000000
00000000000000000000000000000000000000000000000000000000000000000000000000000000000000000000000000000000000000000000000000000000000000000000000000000000000000000000000000000000000000000000000000000000
00000000000000000000000000000000000000000000000000000000000000000000000000000000000000000000000000000000000000000000000000000000000000000000000000000000000000000000000000000000000000000000000000000000
00000000000000000000000000000000000000000000000000000000000000000000000000000000000000000000000000000000000000000000000000000000000000000000000000000000000000000000000000000000000000000000000000000000
00000000000000000000000000000000000000000000000000000000000000000000000000000000000000000000000000000000000000000000000000000000000000000000000000000000000000000000000000000000000000000000000000000000
00000000000000000000000000000000000000000000000000000000000000000000000000000000000000000000000000000000000000000000000000000000000000000000000000000000000000000000000000000000000000000000000000000000
00000000000000000000000000000000000000000000000000000000000000000000000000000000000000000000000000000000000000000000000000000000000000000000000000000000000000000000000000000000000000000000000000000000
00000000000000000000000000000000000000000000000000000000000000000000000000000000000000000000000000000000000000000000000000000000000000000000000000000000000000000000000000000000000000000000000000000000
00000000000000000000000000000000000000000000000000000000000000000000000000000000000000000000000000000000000000000000000000000000000000000000000000000000000000000000000000000000000000000000000000000000
00000000000000000000000000000000000000000000000000000000000000000000000000000000000000000000000000000000000000000000000000000000000000000000000000000000000000000000000000000000000000000000000000000000
00000000000000000000000000000000000000000000000000000000000000000000000000000000000000000000000000000000000000000000000000000000000000000000000000000000000000000000000000000000000000000000000000000000
00000000000000000000000000000000000000000000000000000000000000000000000000000000000000000000000000000000000000000000000000000000000000000000000000000000000000000000000000000000000000000000000000000000
00000000000000000000000000000000000000000000000000000000000000000000000000000000000000000000000000000000000000000000000000000000000000000000000000000000000000000000000000000000000000000000000000000000
00000000000000000000000000000000000000000000000000000000000000000000000000000000000000000000000000000000000000000000000000000000000000000000000000000000000000000000000000000000000000000000000000000000
00000000000000000000000000000000000000000000000000000000000000000000000000000000000000000000000000000000000000000000000000000000000000000000000000000000000000000000000000000000000000000000000000000000
00000000000000000000000000000000000000000000000000000000000000000000000000000000000000000000000000000000000000000000000000000000000000000000000000000000000000000000000000000000000000000000000000000000
00000000000000000000000000000000000000000000000000000000000000000000000000000000000000000000000000000000000000000000000000000000000000000000000000000000000000000000000000000000000000000000000000000000
00000000000000000000000000000000000000000000000000000000000000000000000000000000000000000000000000000000000000000000000000000000000000000000000000000000000000000000000000000000000000000000000000000000
00000000000000000000000000000000000000000000000000000000000000000000000000000000000000000000000000000000000000000000000000000000000000000000000000000000000000000000000000000000000000000000000000000000
00000000000000000000000000000000000000000000000000000000000000000000000000000000000000000000000000000000000000000000000000000000000000000000000000000000000000000000000000000000000000000000000000000000
00000000000000000000000000000000000000000000000000000000000000000000000000000000000000000000000000000000000000000000000000000000000000000000000000000000000000000000000000000000000000000000000000000000
00000000000000000000000000000000000000000000000000000000000000000000000000000000000000000000000000000000000000000000000000000000000000000000000000000000000000000000000000000000000000000000000000000000
00000000000000000000000000000000000000000000000000000000000000000000000000000000000000000000000000000000000000000000000000000000000000000000000000000000000000000000000000000000000000000000000000000000
00000000000000000000000000000000000000000000000000000000000000000000000000000000000000000000000000000000000000000000000000000000000000000000000000000000000000000000000000000000000000000000000000000000
00000000000000000000000000000000000000000000000000000000000000000000000000000000000000000000000000000000000000000000000000000000000000000000000000000000000000000000000000000000000000000000000000000000
00000000000000000000000000000000000000000000000000000000000000000000000000000000000000000000000000000000000000000000000000000000000000000000000000000000000000000000000000000000000000000000000000000000
00000000000000000000000000000000000000000000000000000000000000000000000000000000000000000000000000000000000000000000000000000000000000000000000000000000000000000000000000000000000000000000000000000000
00000000000000000000000000000000000000000000000000000000000000000000000000000000000000000000000000000000000000000000000000000000000000000000000000000000000000000000000000000000000000000000000000000000
00000000000000000000000000000000000000000000000000000000000000000000000000000000000000000000000000000000000000000000000000000000000000000000000000000000000000000000000000000000000000000000000000000000
00000000000000000000000000000000000000000000000000000000000000000000000000000000000000000000000000000000000000000000000000000000000000000000000000000000000000000000000000000000000000000000000000000000
00000000000000000000000000000000000000000000000000000000000000000000000000000000000000000000000000000000000000000000000000000000000000000000000000000000000000000000000000000000000000000000000000000000
00000000000000000000000000000000000000000000000000000000000000000000000000000000000000000000000000000000000000000000000000000000000000000000000000000000000000000000000000000000000000000000000000000000
00000000000000000000000000000000000000000000000000000000000000000000000000000000000000000000000000000000000000000000000000000000000000000000000000000000000000000000000000000000000000000000000000000000
00000000000000000000000000000000000000000000000000000000000000000000000000000000000000000000000000000000000000000000000000000000000000000000000000000000000000000000000000000000000000000000000000000000
00000000000000000000000000000000000000000000000000000000000000000000000000000000000000000000000000000000000000000000000000000000000000000000000000000000000000000000000000000000000000000000000000000000
00000000000000000000000000000000000000000000000000000000000000000000000000000000000000000000000000000000000000000000000000000000000000000000000000000000000000000000000000000000000000000000000000000000
00000000000000000000000000000000000000000000000000000000000000000000000000000000000000000000000000000000000000000000000000000000000000000000000000000000000000000000000000000000000000000000000000000000
00000000000000000000000000000000000000000000000000000000000000000000000000000000000000000000000000000000000000000000000000000000000000000000000000000000000000000000000000000000000000000000000000000000
00000000000000000000000000000000000000000000000000000000000000000000000000000000000000000000000000000000000000000000000000000000000000000000000000000000000000000000000000000000000000000000000000000000
00000000000000000000000000000000000000000000000000000000000000000000000000000000000000000000000000000000000000000000000000000000000000000000000000000000000000000000000000000000000000000000000000000000
00000000000000000000000000000000000000000000000000000000000000000000000000000000000000000000000000000000000000000000000000000000000000000000000000000000000000000000000000000000000000000000000000000000
00000000000000000000000000000000000000000000000000000000000000000000000000000000000000000000000000000000000000000000000000000000000000000000000000000000000000000000000000000000000000000000000000000000
00000000000000000000000000000000000000000000000000000000000000000000000000000000000000000000000000000000000000000000000000000000000000000000000000000000000000000000000000000000000000000000000000000000
00000000000000000000000000000000000000000000000000000000000000000000000000000000000000000000000000000000000000000000000000000000000000000000000000000000000000000000000000000000000000000000000000000000
00000000000000000000000000000000000000000000000000000000000000000000000000000000000000000000000000000000000000000000000000000000000000000000000000000000000000000000000000000000000000000000000000000000
00000000000000000000000000000000000000000000000000000000000000000000000000000000000000000000000000000000000000000000000000000000000000000000000000000000000000000000000000000000000000000000000000000000
00000000000000000000000000000000000000000000000000000000000000000000000000000000000000000000000000000000000000000000000000000000000000000000000000000000000000000000000000000000000000000000000000000000
00000000000000000000000000000000000000000000000000000000000000000000000000000000000000000000000000000000000000000000000000000000000000000000000000000000000000000000000000000000000000000000000000000000
00000000000000000000000000000000000000000000000000000000000000000000000000000000000000000000000000000000000000000000000000000000000000000000000000000000000000000000000000000000000000000000000000000000
00000000000000000000000000000000000000000000000000000000000000000000000000000000000000000000000000000000000000000000000000000000000000000000000000000000000000000000000000000000000000000000000000000000
00000000000000000000000000000000000000000000000000000000000000000000000000000000000000000000000000000000000000000000000000000000000000000000000000000000000000000000000000000000000000000000000000000000
00000000000000000000000000000000000000000000000000000000000000000000000000000000000000000000000000000000000000000000000000000000000000000000000000000000000000000000000000000000000000000000000000000000
00000000000000000000000000000000000000000000000000000000000000000000000000000000000000000000000000000000000000000000000000000000000000000000000000000000000000000000000000000000000000000000000000000000
00000000000000000000000000000000000000000000000000000000000000000000000000000000000000000000000000000000000000000000000000000000000000000000000000000000000000000000000000000000000000000000000000000000
00000000000000000000000000000000000000000000000000000000000000000000000000000000000000000000000000000000000000000000000000000000000000000000000000000000000000000000000000000000000000000000000000000000
00000000000000000000000000000000000000000000000000000000000000000000000000000000000000000000000000000000000000000000000000000000000000000000000000000000000000000000000000000000000000000000000000000000
00000000000000000000000000000000000000000000000000000000000000000000000000000000000000000000000000000000000000000000000000000000000000000000000000000000000000000000000000000000000000000000000000000000
00000000000000000000000000000000000000000000000000000000000000000000000000000000000000000000000000000000000000000000000000000000000000000000000000000000000000000000000000000000000000000000000000000000
00000000000000000000000000000000000000000000000000000000000000000000000000000000000000000000000000000000000000000000000000000000000000000000000000000000000000000000000000000000000000000000000000000000
00000000000000000000000000000000000000000000000000000000000000000000000000000000000000000000000000000000000000000000000000000000000000000000000000000000000000000000000000000000000000000000000000000000
00000000000000000000000000000000000000000000000000000000000000000000000000000000000000000000000000000000000000000000000000000000000000000000000000000000000000000000000000000000000000000000000000000000
00000000000000000000000000000000000000000000000000000000000000000000000000000000000000000000000000000000000000000000000000000000000000000000000000000000000000000000000000000000000000000000000000000000
00000000000000000000000000000000000000000000000000000000000000000000000000000000000000000000000000000000000000000000000000000000000000000000000000000000000000000000000000000000000000000000000000000000
00000000000000000000000000000000000000000000000000000000000000000000000000000000000000000000000000000000000000000000000000000000000000000000000000000000000000000000000000000000000000000000000000000000
00000000000000000000000000000000000000000000000000000000000000000000000000000000000000000000000000000000000000000000000000000000000000000000000000000000000000000000000000000000000000000000000000000000
00000000000000000000000000000000000000000000000000000000000000000000000000000000000000000000000000000000000000000000000000000000000000000000000000000000000000000000000000000000000000000000000000000000
00000000000000000000000000000000000000000000000000000000000000000000000000000000000000000000000000000000000000000000000000000000000000000000000000000000000000000000000000000000000000000000000000000000
00000000000000000000000000000000000000000000000000000000000000000000000000000000000000000000000000000000000000000000000000000000000000000000000000000000000000000000000000000000000000000000000000000000
00000000000000000000000000000000000000000000000000000000000000000000000000000000000000000000000000000000000000000000000000000000000000000000000000000000000000000000000000000000000000000000000000000000
00000000000000000000000000000000000000000000000000000000000000000000000000000000000000000000000000000000000000000000000000000000000000000000000000000000000000000000000000000000000000000000000000000000
00000000000000000000000000000000000000000000000000000000000000000000000000000000000000000000000000000000000000000000000000000000000000000000000000000000000000000000000000000000000000000000000000000000
00000000000000000000000000000000000000000000000000000000000000000000000000000000000000000000000000000000000000000000000000000000000000000000000000000000000000000000000000000000000000000000000000000000
00000000000000000000000000000000000000000000000000000000000000000000000000000000000000000000000000000000000000000000000000000000000000000000000000000000000000000000000000000000000000000000000000000000
00000000000000000000000000000000000000000000000000000000000000000000000000000000000000000000000000000000000000000000000000000000000000000000000000000000000000000000000000000000000000000000000000000000
00000000000000000000000000000000000000000000000000000000000000000000000000000000000000000000000000000000000000000000000000000000000000000000000000000000000000000000000000000000000000000000000000000000
00000000000000000000000000000000000000000000000000000000000000000000000000000000000000000000000000000000000000000000000000000000000000000000000000000000000000000000000000000000000000000000000000000000
00000000000000000000000000000000000000000000000000000000000000000000000000000000000000000000000000000000000000000000000000000000000000000000000000000000000000000000000000000000000000000000000000000000
00000000000000000000000000000000000000000000000000000000000000000000000000000000000000000000000000000000000000000000000000000000000000000000000000000000000000000000000000000000000000000000000000000000
00000000000000000000000000000000000000000000000000000000000000000000000000000000000000000000000000000000000000000000000000000000000000000000000000000000000000000000000000000000000000000000000000000000
00000000000000000000000000000000000000000000000000000000000000000000000000000000000000000000000000000000000000000000000000000000000000000000000000000000000000000000000000000000000000000000000000000000
00000000000000000000000000000000000000000000000000000000000000000000000000000000000000000000000000000000000000000000000000000000000000000000000000000000000000000000000000000000000000000000000000000000
00000000000000000000000000000000000000000000000000000000000000000000000000000000000000000000000000000000000000000000000000000000000000000000000000000000000000000000000000000000000000000000000000000000
00000000000000000000000000000000000000000000000000000000000000000000000000000000000000000000000000000000000000000000000000000000000000000000000000000000000000000000000000000000000000000000000000000000
00222200000000000000000000000000000000000000000000000000000000000000000000000000000000000000000000000000000000000000000000000000000002200000000000000000000000000000000000000000000000000000000000000000
00222200000000000000000000000000000000000000000000000000000000000000000000000000000000000000000000000000000000000000000000000000000002200000000000000000000000000000000000000000000000000000000000000000
00020222000000000000000000000000000000000000000000000000000000000000000000000000000000000000000000000000000000000000000022222200000000000000000000000000000000000000000000000000000000000000000000000000
00002222000000000000000000000000000000000000000000000000000000000000000000000000000000000000000000000000000000000000000022222000000000000000000000000000000000000000000000000000000000000000000000000000
00000000000000000000000000000000000000000000000000000000000000000000000000000000000000000000000000000000000000000000000000222000000000000000000000000000000000000000000000000000000000000000000000000000
00000000000000000000000000000000000000000000000000000000000000000000000000000000000000000000000000000000000000000000000000022000000000200000000000000000000000000000000000000000000000000000000000000000
00000000000000000000000000000000000000000000000000000000000000000000000000000000000000000000000000000000000000000000000000000000000002200000000000000000000000000000000000000000000000000000000000000000
00000000000000000000000000000000000000000000000000000000000000000000000000000000000000000000000000000000000000000000000000000000000222200000000000000000000000000000000000000000000000000000000000000000
00000000000000000000000000000000000000000000000000000000000000000000000000000000000000000000000000000000000000000000000000000000000222200000000000000000000000000000000000000000000000000000000000000000
00000000220000000000000000000000000000000000000000000000000000000000000000000000000000000000000000000000000000000000000000000000022222200000000000000000000000000000000000000000000000000000000000000000
00000000220000000000000000000000000000000000000000000000000000000000000000000000000000000000000000000000000000000000000000000000222222200000000000000000000000000000000000000000000000000000000000000000
22000000000000000000000000000000000000000000000000000000000000000000000000000000000000000000000000000000000000000000000002200002222222220000000000000000000000000000000000000000000000000000000000000000
22000000000000000000000000000000000000000000000000000000000000000000000000000000000000000000000000000000000000000000000002200022222002220000000000000000000000000000000000000000000000000000000000000000
00000022000000000000000000000000000000000000000000000000000000000000000000000000000000000000000000000000000000000000000222022222220000000000000000000000000000000000000000000000000000000000000000000000
00000022000000000000000000000000000000000000000000000000000000000000000000000000000000000000000000000000000000000000000220022220000000000000000000000000000000000000000000000000000000000000000000000000
00000000000222200000000000000000000000000000000000000000000000000000000000000000000000000000000000000000000000000000000002022022200002220000000000000000000000000000000000000000000000000000000000000000
00000000000222000000000000000000000000000000000000000000000000000000000000000000000000000000000000000000000000000000000000022022200002220000000000000000000000000000000000000000000000000000000000000000
22000000000020000000000000000000000000000000000000000000000000000000000000000000000000000000000000000000000000000000000000000220000222220000000000000000000000000000000000000000000000000000000000000000
22200000000000000002000000000000000000000000000000000000000000000000000000000000000000000000000000000000000000000000000000020222222222222200000000000000000000000000000000000000000000000000000000000000
22220000220002222222200000000000000000000000000000000000000000000000000000000000000000000000000000000000000000000000000000000222202222222220000000000000000000000000000000000000000000000000000000000000
22222222222002220222200000000000000000000000000000000000000000000000000000000000000000000000000000000000000000000000000000000220002222202220000000000000000000000000000000000000000000000000000000000000
22000222222002222220000000000000000000000000000000000000000000000000000000000000000000000000000000000000000000000000000000000020022222222222000000000000000000000000000000000000000000000000000000000000
22000022222002222220000000000000000000000000000000000000000000000000000000000000000000000000000000000000000000000000000000000000022222222222000000000000000000000000000000000000000000000000000000000000
00002222222220000000000000000000000000000000000000000000000000000000000000000000000000000000000000000000000000000000000000000000000220222222000000000000000000000000000000000000000000000000000000000000
00002222222222000000000000000000000000000000000000000000000000000000000000000000000000000000000000000000000000000000000000000000000222222220000000000000000000000000000000000000000000000000000000000000
00020222220222000000000000000000000000000000000000000000000000000000000000000000000000000000000000000000000000000000000000022000000022222220000000000000000000000000000000000000000000000000000000000000
00000222222222000000000000000000000000000000000000000000000000000000000000000000000000000000000000000000000000000000000000022000000002222222000000000000000000000000000000000000000000000000000000000000
00220022222202222220000002200000000000000000000000000000000000000000000000000000000000000000000000000000000000000000000000000000022002222222200000000000000000000000000000000000000000000000000000000000
00222002222202222220022202200000000000000000000000000000000000000000000000000000000000000000000000000000000000000000000000000000222222222222200000000000000000000000000000000000000000000000000000000000
00222222222002220002022222200000000000000000000000000000000000000000000000000000000000000000000000000000000000000000000000000002222000002222220000000000000000000000000000000000000000000000000000000000
00002222222002200000020222200000000000000000000000000000000000000000000000000000000000000000000000000000000000000000000000000022222000022222222000000000000000000000000000000000000000000000000000000000
00000000220000000002000000022000000000000000000000000000000000000000000000000000000000000000000000000000000000000000000000022220022000022222222222000000000000000000000000000000000000000000000000000000
00000000002220000222000220002000000000000000000000000000000000000000000000000000000000000000000000000000000000000000000000022000002200022222222222000000000000000000000000000000000000000000000000000000
00000000002222000220000220002000000000000000000000000000000000000000000000000000000000000000000000000000000000000000000000022000202200222222222222000000000000000000000000000000000000000000000000000000
00220000000222222000220220002000000000000000000000000000000000000000000000000000000000000000000000000000000000000220000002222002222200022222222222200000000000000000000000000000000000000000000000000000
00220000000222222200020220000000000000000000000000000000000000000000000000000000000000000000000000000000000000000220000002222202222000022222202222200000000000000000000000000000000000000000000000000000
00220022000222222200022222222220000000000000000000000000000000000000000000000000000000000000000000000000000000000000000000022200022002222222202222222200000000000000000000000000000000000000000000000000
00000222000222222200022222222220000000000000000000000000000000000000000000000000000000000000000000000000000200000000000000022000000000222022022222222200000000000000000000000000000000000000000000000000
00000000002222222220022222222220220000000000000000000000000000000000000000000000000000000000000000000000000022000000000002200222222222220022222222222222000000000000000000000000000000000000000000000000
00000000022222222222222222222202200000000000000000000000000000000000000000000000000000000000000000000000000022000000000022220222222222200022222222222222200000000000000000000000000000000000000000000000
00000000022222222222222222222222200000000000000000000000000000000000000000000000000000000000000000000000222200000000022000222222222222202222222222222222220000000000000000000000000000000000000000000000
00000000022222222222222222222222200000000000000000000000000000000000000000000000000000000000000000000000222202000000022000222222222222222222202222222222220000000000000000000000000000000000000000000000
00000000222222222222222222222222222000000000000000000000000000000000000220000000000000000000000000000000200022000220022200002002222220222222222222222222220000000000000000000000000000000000000000000000
00000000222222222222222222222222222000000000000000000000000000000000000220000000000000000000000000000000020022000220022000020002222002222222222222222222220000000000000000000000000000000000000000000000
00002222222222222222222222222222200200000000000000000000000000000000000000000000000000000000000000000000000000000002222222220002222222222222222222222222220000000000000000000000000000000000000000000000
00002222022222222222222220222222202222000000000000000000000000000000000000000000000000000000000000000000000000000002222222200002222222222222222222222222222000000000000000000000000000000000000000000000
00000000002222222222222222222220022200000000000000000000000000000000000000000000000000000000000000000000000000000000000022200020222222222222222222222222222200000000000000000000000000000000000000000000
00000000022222222222222222222222222202200000000000000000000000000000000000000000000000000000000000000000000000000000000002200020022222222222222222222222222220000000000000000000000000000000000000000000
00000000022222222222222222202222222222220000000000000000000000000000000000000000000000000000000000000000000000000000000000000022222222222222222222222222222222000000000000000000000000000000000000000000
00000000002222220222222222200022222222220000000000000000000000000000000000000000000000000000000000000000000200000000000000020022222222222222222222222222222222000000000000000000000000000000000000000000
00000000000000022222222222222220222222200000000000000000000000000000000000000000000000000000000000000000000000000000000000022022000000002222222222222222222222000000000000000000000000000000000000000000
00000000000000222222222222222220022222000000000000000000000000000000000000000000000000000000000000000000000000000000000000022200000000222222222222222222222222200000000000000000000000000000000000000000
00000000000002222222222222222222202220000000000000000000000000000000000000000000000000000000000000000000000000000000000002222000000002222222222222222222222222220000000000000000000002200000000000000000
00000000000222222222222222222222200220000000000000000000000000000000000000000000000000000000000000000000000000000000000002222000000002222222222222222222222222220000000000000000000022200000000000000000
00000000022222222220222200000220000220000000000000000000000000000000000000000000000000000000000000000000000000000000000220000000000222200222222222222222222222220000000000000000000222200200000000000000
00000000002222200220022000000220000022020000000000000000000000000000000000000000000000000000000000000000000020000000000220000000000222200222222222222222222222220000000000000000000222222200000000000000
00000000000000000000000000000000000022022200000000000000000000000000000000000000000000000000000000002222000000000002200000000000022000222220002222222222222222220000000000000000000022220200000000000000
00000000000002222220000000000000000000222222000000000000000000000000000000000000000000000000000000000000000000000000000000000000002222220200002222222222222222000000000000000000000002222222000000000000
00000000000002222220000000000000000000222222000000000000000000000000000000000000000000000000000000002000000000000000000000000000000220000000002222222222222222000000000000000000000002222222000000000000
00000000000000022220000000000000000000000022000000000000000000000000000000000000000000000000000000000000000000000000000000000000000222022000002222222222222222000000000000000000000000222222200000000000
00000000000000022000000000000000000000000022200000000000000000000000000000000000000000000000000000000000000000000000000000000000000220022020022222222222222222000000000000000000000000222222000000000000
00000000000000220000000000000000000000000000222200000000000000000000000000000000000000000000000000000000000000000000000000000000000222222222000022222222222222000000000000000000000000022222220000000000
00000000000000000000000000000000000000000000002200000000000000000000000000000000000000000000000000000000000000000000000000000000000222222222002222222222222222000000000000000000000000022222220000000000
00000000000000000000000000000000000000000000000200220000000000000000000000000000000000000000000000000000000000000000000000000220000000022222202222222222222222222000000000000000000000022222200000000000
00000000000000000000000000000000000000000000000000220000000000000000000000000000000000000000000000000000000000000000000000000220000000022222202222222222222222222200000000000000000000022222200000000000
00000000000000000000000000000000000000000000000000000000220000000000000000000000000000000000000000220000000000000000000000022000000002222222222222222222222222222220000000000000000000022222000000000000
00000000000000000000000000000000000000000000000000000000220000000000000000000000000000000000000000220000000000000000000000022000000002222222222222220022222222222222000000000000000000022222000000000000
00000000000000000000000000000000000200000000000000000222220000000000000000000000000000000000000000000000000000000000000002200002200002222222222202222222222222222222200000000000000000000000000000000000
00000000000000000000000000000000000200000000000000000022000000000000000000000000000000000000000000000000000000000000000002200002200002222222222222222222222222222222220000000000000000000000000000000000
00000000000000000000000000000220000000000000000000000002002000000000000000000000000000000000000000000000000000000000000000000002200222222222222222222222222222222222222000000000000000000000000000000000
00000000000000000000000000002220000000000000000000000000000000000000000000000000000000000000000000000000000000000000000000000022200222222222222222222222222222222222222200000000000000000000000000000000
00000000000000000000000000000020000000000000000000000000000000000000000000000000000000000000000000000000000000000000022002200220000220002222222222222222222222222222222222222220000000000000000000000000
00000000000000000000000000000000000000000000000000000000000000000000000000000000000000000000000000000000000000000000022002200220000220002222222222222222222222222222222222222222000000000000000000000000
00000000000000000000000000000000000000000000000000000000000000000000000000000000000000000000000000000000000000000000000000000000000000000222222222222222222222222222222222222222200000000000000000000000
00000000000000000000000000000000000000000000000000000000000000000000000000000000000000000000000000000000000000000000000000000000000000000022222222222222222222222222222222222222200000000000000000000000
00000000000000000000000000000220000000000000000000000000000000000000000000000000000000000000000000000000000000000000000000000000000000000022222222222222222222222222222222222222222000000000000000000000
00000000000000000000000000000220000000000000000000000000000000000000000000000000000000000000000000000000000000000000000000000000000000000022222222222222222222222222222222222222222220000000000000000000
00000000000000000000000000000000000000000000000000000000000000000000000000000000000000000000000000000000000000000000000000000000000000000022220002222222222222222222222222222222222222222220000000000000
00000000000000000000000000000000000000000000000000000000000000000000000000000000000000000000000000000000000000000000000000000000000000000022220000222222222222222222222222222222222222222222222200000000
00000000000000000000000000000000000000000000000000000000000000000000000000000000000000000000000000000000000000000000000000000000000000000000000022222222222222222222222222222222222222222222222222222200
00000000000000000000000000000000000000000000000000000000000000000000000000000000000000000000000000000000000000000000000000000000000000000000000022222222222222222222222222222222222222222222222222222220
00000000000000000000000000000000000000002200000000002200000000000000000000000000000000000000000000000000000000000000000000000000000000000000000022222222222222222222222222222222222222222222222222222222
00000000000000000000000000000000000000000000200000000000000000000000000000000000000000000000000000000000000000000000000000000000000000000000000022222222222222222222222222222222222222222222222222222222
00000000000000000000000000000000000000000000020000000000000000000000000000000000000000000000000000000000000000000000000000000000000000000000000000002222222220222222222222222222222222222222222222222222
00000000000000000000000000000000000000000000000200000000000000000000000000000000000000000000000000000000000000000000000000000000000000000000000000002222222202222222222222222222222222222222222222222222
00000000000000000000000000000000000000000000000000000000000000000000000000000000000000000000000000000000000000000000000000000000000000000000000000002222222200222222222222222222222222222222222222222222
00000000000000000000000000000000000000000000000000000000000000000000000000000000000000000000000000000000000000000000000000000000000000000000000000000022222200222222222222222202222222222222222222222222
00000000000000000000000000000000000000000000000000000000000000000000000000000000000000000000000000000000000000000000000000000000000000000000000000000022222200222222222222222202222222222222222222222222
00000000000000000000000000000000000000000000000000000000000000000000000000000000000000000000000000000000000000000000000000000000000000000000000000000000220000000220222222222222222222222222222222222222
00000000000000000000000000000000000000000000000000000000000000000000000000000000000000000000000000000000000000000000000000000000000000000000000000000000000000000222022222222222222222222222222222222222
00000000000000000000000000000000000000000000000000000000000000000000000000000000000000000000000000000000000000000000000000000000000000000000000000000000000222000222222222222222222222222222222222222222
00000000000000000000000000000000000000000000000000000000000000000000000000000000000000000000000000000000000000000000000000000000000000000000000000000000000222000222022222222222222222222222222222222222
00000000000000000000000000000000000000000000000000000000000000000000000000000000000000000000000000000000000000000000000000000000000000000000000000000000220220002200022222222222222222222222222222222222
00000000000000000000000000000000000000000000000000000000000000000000000000000000000000000000000000000000000000000000000000000000000000000000000000000000220200022000222222222222222222222222222222222222
00000000000000000000000000000000000000000000000000000000000000000000000000000000000000000000000000000000000000000000000220000000000000000000000000000022222222000222222222222222222222222222222222222222
00000000000000000000000000000000000000000000000000000000000000000000000000000000000000000000000000000000000000000000000220000000000000000000000000000022002222000222222222222222222222222222222222222222
00000000000000000000000000000000000000000000000000000000000000000000000000000000000000000000000000000000000000000000000000000000000000000000000000000000002222022220222222222222222222222222222222222220
00000000000000000000000000000000000000000000000000000000000000000000000000000000000000000000000000000000000000000000000000000000000000000000000000000000002222000220022022222222222222222222222222222200
00000000000000000000000000000000000000000000000000000000000000000000000000000000000000000000000000000000000000000000000000000000000000000000000000000022000002220000000222222222222222222222222222222200
00000000000000000000000000000000000000000000000000000000000000000000000000000000000000000000000000000000000000000000000000000000000000000000000000000022000000220000000222222222222222222222222222222200
00000000000000000000000000000000000000000000000000000000000000000000000000000000000000000000000000000000000000000000000000000000000000000000000000000022000000000000022220222222222222222222200022222200
00000000000000000000000000000000000000000000000000000000000000000000000000000000000000000000000000000000000000000000000000000000000000000000000000000022000000000000022222222222222222222222000022222200
00000000000000000000000000000000000000000000000000000000000000000000000000000000000000000000000000000000000000000000000000000000000000000000000000000000000000000000000222222222022222222200000000222000