00000000000000000000000000000000000000000000000000000000000000000000000000000000000000000000000000000000000000000000000000110001111011111111111111101111110001101000001000000000000000000000000000000000
00000000000000000000000000000000000000000000000000000000000000000000000000000000000000000000000000000000000000000000000000110001111011111111111111101111110001101000001000000000000000000000000000000000
00000000000000000000000000000000000000000000000000000000000000000000000000000000000000000000000000000000000000000000111111111001111111111111111111001110000000000000000000000000000000000000000000000000
00000000000000000000000000000000000000000000000000000000000000000000000000000000000000000000000000000000000000000011111111111111111111111111100000000001100000000000000000000000000000000000000000000000
00000000000000000000000000000000000000000000000000000000000000000000000000000000000000000000000000000000000000000011111111111111111111111111100000000001100000000000000000000000000000000000000000000000
00000000000000000000000000000000000000000000000000000000000000000000000000000000000000000000000000000000000000000001111111111111111111111111000000000000000000000000000000000000000000000000000000000000
00000000000000000000000000000000000000000000000000000000000000000000000000000000000000000000000000000000000000000001111111111111111111100111000000000000000000000000000000000000000000000000000000000000
00000000000000000000000000000000000000000000000000000000000000000000000000000000000000000000000000000000000000000001111111111111111111100111000000000000000000000000000000000000000000000000000000000000
00000000000000000000000000000000000000000000000000000000000000000000000000000000000000000000000000000000000001111111111111111111111111100000000000000000000000000000000000000000000000000000000000000000
00000000000000000000000000000000000000000000000000000000000000000000000000000000000000000000000000000000000001111111111111111111111000100000000000000000000000000000000000000000000000000000000000000000
00000000000000000000000000000000000000000000000000000000000000000000000000000000000000000000000000000000000011111111111111111111111000000000000000000000000000000000000000000000000000000000000000000000
00000000000000000000000000000000000000000000000000000000000000000000000000000000000000000000000000000000000011111111111111111111111000000000000000000000000000000000000000000000000000000000000000000000
00000000000000000000000000000000000000000000000000000000000000000000000000000000000000000000000000000000000011111111111221111111111000000000000000000000000000000000000000000000000000000000000000000000
00000000000000000000000000000000000000000000000000000000000000000000000000000000000000000000000000000000001111111111112222111111111000111000000000000000000000000000000000000000000000000000000000000000
00000000000000000000000000000000000000000000000000000000000000000000000000000000000000000000000000000000001111111111112222111111111000111000000000000000000000000000000000000000000000000000000000000000
00000000000000000000000000000000000000000000000000000000000000000000000000000000000000000000000000000000011111111112222222221111111111100000000000000000000000000000000000000000000000000000000000000000
00000000000000000000000000000000000000000000000000000000000000000000000000000000000000000000000000000000011111111122222222111111111111111111000000000000000000000000000000000000000000000000000000000000
00000000000000000000000000000000000000000000000000000000000000000000000000000000000000000000000000000000011111111122222222111111111111111111000000000000000000000000000000000000000000000000000000000000
00000000000000000000000000000000000000000000000000000000000000000000000000000000000000000000000000000001111111111112112222111111111111111100100000000000000000000110000000000000000000000000000000000000
00000000000000000000000000000000000000000000000000000000000000000000000000000000000000000000000000000001111111111111111111111111111111111111100000000000000000000000000000000000000000000000000000000000
00000000000000000000000000000000000000000000000000000000000000000000000000000000000000000000000000000001111111111111111111111111111111111111100000000000000000000000000000000000000000000000000000000000
00000000000000000000000000000000000000000000000000000000000000000000000000000000000000000000000000000011111111111111111111111111111111111111000100000000000000000000000000000000000000000000000000000000
00000000000000000000000000000000000000000000000000000000000000000000000000000000000000000000000000000010211111111111111111111111111111100111100011100001100000000000000000000000000000000000000000000000
00000000000000000000000000000000000000000000000000000000000000000000000000000000000000000000000000000100201111111110110111111111110011100111100011111100000000000000000000000000000000000000000000000000
00000000000000000000000000000000000000000000000000000000000000000000000000000000000000000000000000000122221111111110110111111111110011100111100011111100000000000000000000000000000000000000000000000000
00000000000000000000000000000000000000000000000000000000000000000000000000000000000000000000000000022222211111111100000111111111110100011011100000100000000000000000000000000000000000000000000000000000
00000000000000000000000000000000000000000000000000000000000000000000000000000000000000000000000000222222222221111110001110111111111111000111100111110000010000000000000000000000000000000000000000000000
00000000000000000000000000000000000000000000000000000000000000000000000000000000000000000000000000222222222221111110001110111111111111000111100111110000010000000000000000000000000000000000000000000000
00000000000000000000000000000000000000000000000000000000000000000000000000000000000000000000000222222222222221111100001001111111110000000000000111111100000000000000000000000000000000000000000000000000
00000000000000000000000000000000000000000000000000000000000000000000000000000000000000000000222222222222222211111100000000110001110000000000011111110000000000000000000000000000000000000000000000000000
00000000000000000000000000000000000000000000000000000000000000000000000000000000000000000000222222222222222211111100000000110001110000000000011111110000000000000000000000000000000000000000000000000000
00000000000000000000000000000000000000000000000000000000000000000000000000000000000000000002222222222222211111110000000000111000110000000000100111111100000010000000000000000000000000000000000000000000
00000000000000000000000000000000000000000000000000000000000000000000000000000000000000000222222222122222211111110000000000000000000000000000111111110000000000000000000000000000000000000000000000000000
00000000000000000000000000000000000000000000000000000000000000000000000000000000000000000222222222122222211111110000000000000000000000000000111111110000000000000000000000000000000000000000000000000000
00000000000000000000000000000000000000000000000000000000000000000000000000000000000000222222222222122211111111100000000000110000000000000000011111111110000010000000000000000000000000000000000000000000
00000000000000000000000000000000000000000000000000000000000000000000000000000000000002222222222222222111111111100000000000000000000011000000000011010001110000000000000000000000000000000000000001100000
00000000000000000000000000000000000000000000000000000000000000000000000000000000000002222222222222222111111111100000000000000000000011000000000011010001110000000000000000000000000000000000000001100000
00000000000000000000000000000000000000000000000000000000000000000000000000000000002222111221222222222211111111100000000000110000000011000000000011001110000010000000000000000000000000000000000000000000
00000000000000000000000000000000000000000000000000000000000000000000000000000002221222221102222200211222111110000000000000000000000000000000000100000001100000000000000000000000000000000000000000000000
00000000000000000000000000000000000000000000000000000000000000000000000000000020111222221111222222211222111110001100000000000000000000000000000011100011100000000000000000000000000000000000000000000000
00000000000000000000000000000000000000000000000000000000000000000000000000000020111222221111222222211222111110001100000000000000000000000000000011100011100000000000000000000000000000000000000000000000
00000000000000000000000000000000000000000000000000000000000000000000000000022221111111111111122222211111111111100000000000000000000000000000011100100000000000000000000000000000000000011100000000001100
00000000000000000000000000000000000000000000000000000000000000000000000000022201111111111111111111111111111111100000000000000000000000000000000100000000000000000000000000000000000000100000000010010000
00000000000000000000000000000000000000000000000000000000000000000000000000022201111111111111111111111111111111100000000000000000000000000000000100000000000000000000000000000000000000100000000010010000
00000000000000000000000000000000000000000000000000000000000000000000000001111111111112002111111111111111111110000000000000000000000000000000000000000000000000000000000000000000000011000000100010000010
00000000000000000000000000000000000000000000000000000000000000000000001111111111111112222011111111111211111100000000000000000000000000000000000000000000000000000000000000000000000011000000011110000010
00000000000000000000000000000000000000000000000000000000000000000000001111111111111112222011111111111211111100000000000000000000000000000000000000000000000000000000000000000000000011000000011110000010
00000000000000000000000000000000000000000000000000000000000000000000011111111111111222222111111111122222111110000000000000000000000000000000000000000000000000000000000000000000000000000000010000001101
00000000000000000000000000000000000000000000000000000000000000000001111111111111111222222111111111100111111111100000000000000000000000000000000000000000000000000000000000000000011000000011000001110000
00000000000000000000000000000000000000000000000000000000000000000001111111111111111222222111111111100111111111100000000000000000000000000000000000000000000000000000000000000000011000000011000001110000
00000000000000000000000000000000000000000000000000000000000000000001111111111111112222221111111111111111111111100000000000000000000000000000000000000000000000000000000000000000000000111111111111111100
00000000000000000000000000000000000000000000000000000000000000000001111111111111111112111111111111111111110000000000000000000000000000000000000000000000000000000000000000000000000000111111111111110000
00000000000000000000000000000000000000000000000000000000000000000001111111111111111110111111111111111111110000000000000000000000000000000000000000000000000000000000000000000000000000111111111111110000
00000000000000000000000000000000000000000000000000000000000000000011111111111111111111111111111111111111110000000000000000000000000000000000000000000000000000000000000000000000000011111111111111111101
00000000000000000000000000000000000000000000000000000000000000000000201120111111111111111111111111111001100000000000000000000000000000000000000000000000000000000000000000000000000000011111111111111110
00000000000000000000000000000000000000000000000000000000000000000011222201112211111111111111111111100000000000000000000000000000000000000000000000000000000000000000000000000000000100011000101100010001
00000000000000000000000000000000000000000000000000000000000000000011222201112211111111111111111111100000000000000000000000000000000000000000000000000000000000000000000000000000000100011000101100010001
00000000000000000000000000000000000000000000000000000000000000000222222222221111111111111111111111000000000000000000000000000000000000000000000000000000000000000000000000000000000000000000000000000000
00000000000000000000000000000000000000000000000000000000000000001200222222202211111111111111011111000000000000000000000000000000000000000000000000000000000000000000000000000000000000000011000000000000
00000000000000000000000000000000000000000000000000000000000000001200222222202211111111111111011111000000000000000000000000000000000000000000000000000000000000000000000000000000000000000011000000000000
00000000000000000000000000000000000000000000000000000000000000010222222222222211111111111000011100000000000000000000000000000000000000000000000000000000000000000000000000000000000000000000000000000000
00000000000000000000000000000000000000000000000000000000000001111122222222201111111111111111000000000000000000000000000000000000000000000000000000000000000000000000000000000000000000000000000000000000
00000000000000000000000000000000000000000000000000000000000001111110222222201111111111111111000000000000000000000000000000000000000000000000000000000000000000000000000000000000000000000000000000000000
00000000000000000000000000000000000000000000000000000000000011111110222222211111111111111011000100000000000000000000000000000000000000000000000000000000000000000000000000000000000000000000000000000000
00000000000000000000000000000000000000000000000000000000001111111111222211111111111001111011000000000000000000000000000000000000000000000000000000000000000000000000000000000000000000000000000000000000
00000000000000000000000000000000000000000000000000000000001111111111102211111111111001111011000000000000000000000000000000000000000000000000000000000000000000000000000000000000000000000000000000000000
00000000000000000000000000000000000000000000000000000000001111111111112211111111110000111000000000000000000000000000000000000000000000000000000000000000000000000000000000000000000000000000000000000000
00000000000000000000000000000000000000000000000000000000000011111111102220111111111110111000000000000000000000000000000000000000000000000000000000000000000000000000000000000000000000000000000000000000
00000000000000000000000000000000000000000000000000000000001111110010222222221111111110000000000000000000000000000000000000000000000000000000000000000000000000000000000000000000000000000000000000000000
00000000000000000000000000000000000000000000000000000000001111110010222222221111111110000000000000000000000000000000000000000000000000000000000000000000000000000000000000000000000000000000000000000000
00000000000000000000000000000000000000000000000000000000000001111122222220111111111000000000000000000000000000000000000000000000000000000000000000000000000010010110000000000000000000000000000000000000
00000000000000000000000000000000000000000000000000000000000000011110222222211111111000000011000000000000000000000000000000000000000000000000000000000001110001111001110000000000000000000000000000000000
00000000000000000000000000000000000000000000000000000000000000011110222222211111111000000011000000000000000000000000000000000000000000000000000000000001110001111001110000000000000000000000000000000000
00000000000000000000000000000000000000000000000000000000000000011111202221111001110000000000000000000000000000000000000000000000000000000000000000001111111111111111110000000000000000000000000000000000
00000000000000000000000000000000000000000000000000000000000000011111220001111111110001111100000000000000000000000000000000000000000000000000000000000001111111111111111000000000000000000000000000000000
00000000000000000000000000000000000000000000000000000000000000011111122201111111110001111100000000000000000000000000000000000000000000000000000000000001111111111111111000000000000000000000000000000000
00000000000000000000000000000000000000000000000000000000000000011111122211111001000111000000000000000000000000000000000000000000000000000000000000000000001101111111111000110000000000000000000000000000
00000000000000000000000000000000000000000000000000000000000000011111122211111111111001000000000000000000000000000000000000000000000000000000000000001100001111111111111111110000000000000000000000000000
00000000000000000000000000000000000000000000000000000000000000011111110011111111111001000000000000000000000000000000000000000000000000000000000000001100001111111111111111110000000000000000000000000000
00000000000000000000000000000000000000000000000000000000000001111111111111111111110000000000000000000000000000000000000000000000000000000000000000000000001111111111111111110000100000000000000000000000
00000000000000000000000000000000000000000000000000000000000001111111111111111111000000000011000000000000000000000000000000000000000000000000000000000000011111111111111111110000000000000000000000000000
00000000000000000000000000000000000000000000000000000000000001111111111111111111000000000011000000000000000000000000000000000000000000000000000000000000011111111111111111110000000000000000000000000000
00000000000000000000000000000000000000000000000000000000000001111111111111111111110000000000000000000000000000000000000000000000000000000000000000000011111111111111111111111000000000000000000000000000
00000000000000000000000000000000000000000000000000000000000011110011111111110111111000000000000000000000000000000000000000000000000000000000000000001111111111111111111111111110000000000000000010000000
00000000000000000000000000000000000000000000000000000000001111111111111111110000111110100100000000000000000000000000000000000000000000000000000000000001111111111111111111110110000000000000001101110001
00000000000000000000000000000000000000000000000000000000001111111111111111110000111110100100000000000000000000000000000000000000000000000000000000000001111111111111111111110110000000000000001101110001
00000000000000000000000000000000000000000000000000000000001111111111111111110001110000111100100000000000000000000000000000000000000000000011011000010000011111111111111111111000000000000000010001110000
00000000000000000000000000000000000000000000000000000000001111111111111111110001111110000000100000000000000000000000000000000000000000000100000000001111111111111111111111111110100000000000000000001111
00000000000000000000000000000000000000000000000000000000001111111111111111110001111110000000100000000000000000000000000000000000000000000100000000001111111111111111111111111110100000000000000000001111
00000000000000000000000000000000000000000000000000000000000011111111111111110001110000000000000000000000000000000000000000000000000000000100000000111111111111111111111111111000100000000000000001110001
00000000000000000000000000000000000000000000000000000000001111111111111111001000000000000000011000000000000000000000000000000000000000000100000111101111111111111111111111110110000000000000000011111111
00000000000000000000000000000000000000000000000000000000001111211111111111001000000000000000011000000000000000000000000000000000000000000100000111101111111111111111111111110110000000000000000011111111
00000000000000000000000000000000000000000000000000000000000000211111111111110001110000000000000111000000000000000000000000000000000000000100111111111111111111111111111111110110000000000000011110011111
00000000000000000000000000000000000000000000000000000000000022222011111101111111110111000000000000000000000000000000000000000000000000000100111111011111111111111111111111111111000000000011001111111111
00000000000000000000000000000000000000000000000000000000000222222011111101111111110111000000000000000000000000000000000000000000000000000100111111011111111111111111111111111111000000000011001111111111
00000000000000000000000000000000000000000000000000000000000222222111111111111111111110000000011111100100000000000000000000000000000000000000011111111111111111111111111111111111000100000000000011111111
00000000000000000000000000000000000000000000000000000000022222222111111101111111111110000000111111011000000000000000000000000000000000000011011111111111111111111111111111111111111100000000011111111111
00000000000000000000000000000000000000000000000000000000022222201111111101111111111110000000111111011000000000000000000000000000000000000011011111111111111111111111111111111111111100000000011111111111
00000000000000000000000000000000000000000000000000000000022222211111111110000001111110000000011111111010000000000000000000000000000000000100111111111111111111111111111111111111100111000011011111111111
00000000000000000000000000000000000000000000000000000000000222111111111100110001111111000011111111111100000000000000000000000000000000000011111111111111111111111111111111111111111111111011000000011111
00000000000000000000000000000000000000000000000000000000000222211111111110001111111111100100111111111100000000000000000000000000000000000000100111111111111110001111111111111111111111111111000010011111
00000000000000000000000000000000000000000000000000000000000222211111111110001111111111100100111111111100000000000000000000000000000000000000100111111111111110001111111111111111111111111111000010011111
00000000000000000000000000000000000000000000000000000000000222211111111111110111111110111100111100000100000000000000000000000000000000000011000100111111111111111111111111111111111100100011100001111111
00000000000000000000000000000000000000000000000000000000000222011111111111000110110000000000011100000000000000000000000000000000000000000011000111111111111111111111111111111111111100100011010000001111
00000000000000000000000000000000000000000000000000000000000022011111111111000110110000000000011100000000000000000000000000000000000000000011000111111111111111111111111111111111111100100011010000001111
00000000000000000000000000000000000000000000000000000000000022111111111100000000000000000000000100000000000000000000000000000110000000000000100011100011100010011111111111111111111111100000000001101111
00000000000000000000000000000000000000000000000000000000001111111111111110000110000110000000000100000000000000000000000000000000000000000000100011100010000000010000110000111111111111100100000000000001
00000000000000000000000000000000000000000000000000000000001111111111111110000110000110000000000100000000000000000000000000000000000000000000100011100010000000010000110000111111111111100100000000000001
00000000000000000000000000000000000000000000000000000000001111111111111111110110001000000000011000000000000000000000000000000000000000000000011100110010001100000000001001111111100011000000000000000001
00000000000000000000000000000000000000000000000000000000001111111111111111111000000000000000000000000000000000000000000000000000000000000000000000010000010000011000110000110111000000000100000000000001
00000000000000000000000000000000000000000000000000000000001111111111111111111000000000000000000000000000000000000000000000000000000000000000000000010000010000011000110000110111000000000100000000000001
00000000000000000000000000000000000000000000000000000000001111111111111111110110000000000000000000000000000000000000000000000000000100000000000000010000000000011000001001000000100000011000000000000010
00000000000000000000000000000000000000000000000000000000011111111111111111110000000000000000000000000000000000000000000000000000000000000000000000000000000000000000000110000000011011100000000000000000
00000000000000000000000000000000000000000000000000000000011111111111111111110000000000000000000000000000000000000000000000000000000000000000000000000000000000000000000110000000011011100000000000000000
00000000000000000000000000000000000000000000000000000000011111111111111111110000000000000000000000000000000000000000000000000000000000000000000000000000000000000000000000000001100000000000000000000000
00000000000000000000000000000000000000000000000000000000011111111111111111000000000000000000000000000000000000000000000000000000000000000000000000000000000000000000000000110001100000000000000000000000
00000000000000000000000000000000000000000000000000000000111111111111111111111000000000000000000000000000000000000000000000000000000000000000000000000000000000000000000000000000000000000000000000000000
00000000000000000000000000000000000000000000000000000000111111111111111111111000000000000000000000000000000000000000000000000000000000000000000000000000000000000000000000000000000000000000000000000000
00000000000000000000000000000000000000000000000000000000111111111111111111110111000000000000000000000000000000000000000000000000000000000000000000000000000000000000000000000000000000000000000000000000
00000000000000000000000000000000000000000000000000000000111111111111111101001110000000000000000000000000000000000000000000000000000000000000000000000000000000000000000000000000000000000000000000000000
00000000000000000000000000000000000000000000000000000000111111111111111101001110000000000000000000000000000000000000000000000000000000000000000000000000000000000000000000000000000000000000000000000000
00000000000000000000000000000000000000000000000000000000111111111111111101111001000000000000000000000000000000000000000000000000000000000000000000000000000000000000000000000000000000000000000000000000
00000000000000000000000000000000000000000000000000000000111111111111111111000000110000000000000000000000000000000000000000000000000000000000000000000000000000000000000000000000000000000000000000000000
00000000000000000000000000000000000000000000000000000000111111111111111111000000110000000000000000000000000000000000000000000000000000000000000000000000000000000000000000000000000000000000000000000000
00000000000000000000000000000000000000000000000000000000111111111111111111001110111000000000000000000000000000000000000000000000000000000000000000000000000000000000000000000000000000000000000000000000
00000000000000000000000000000000000000000000000000000000111111111111111111111111001000011000000000000000000000000000000000000000000000000000000000000000000000000000000000000000000000000000000000000000
00000000000000000000000000000000000000000000000000000000111111111111111111111111001000011000000000000000000000000000000000000000000000000000000000000000000000000000000000000000000000000000000000000000
00000000000000000000000000000000000000000000000000000000111111111111111111111110001000000000000000000000000000000000000000000000000000000000000000000000000000000000000000000000000000000000000000000000
00000000000000000000000000000000000000000000000000000000011111111111111111111111001001000100000000000000000000000000000000000000000000000000000000000000000000000000000000000000000000000000000000000000
00000000000000000000000000000000000000000000000000000002200011111111111111111111001000011000000000000000000000000000000000000000000000000000000000000000000000000000000000000000000000000000000000000000
00000000000000000000000000000000000000000000000000000222222011111111111111111111001000011000000000000000000000000000000000000000000000000000000000000000000000000000000000000000000000000000000000000000
00000000000000000000000000000000000000000000000000000222222011111111111111111111110000000100000000000000000000000000000000000000000000000000000000000000000000000000000000000000000000000000000000000000
00000000000000000000000000000000000000000000000000000222222111111111111111111111111001000100000000000000000000000000000000000000000000000000000000000000000000000000000000000000000000000000000000000000
00000000000000000000000000000000000000000000000000002222222111111111111111111111111001000100000000000000000000000000000000000000000000000000000000000000000000000000000000000000000000000000000000000000
00000000000000000000000000000000000000000000000000002222222111111110010000111110111110000000000000000000000000000000000000000000000000000000000000000000000000000000000000000000000000000000000000000000
00000000000000000000000000000000000000000000000000222222211111111111110000000110000001000000000000000000000000000000000000000000000000000000000000000000000000000000000000000000000000000000000000000000
00000000000000000000000000000000000000000000000000222222211111111111110000000110000001000000000000000000000000000000000000000000000000000000000000000000000000000000000000000000000000000000000000000000
00000000000000000000000000000000000000000000000000222222011111111110011100000000000000000000000000000000000000000000000000000000000000000000000000000000000000000000000000000000000000000000000000000000
00000000000000000000000000000000000000000000000011222222111111111110000000110000000000000000000000000000000000000000000000000000000000000000000000000000000000000000000000000000000000000000000000000000
00000000000000000000000000000000000000000000000011011220111111111110000000110000000000000000000000000000000000000000000000000000000000000000000000000000000000000000000000000000000000000000000000000000
00000000000000000000000000000000000000000000000111111111111111111110000010000000000000000000000000000000000000000000000000000000000000000000000000000000000000000000000000000000000000000000000000000000
00000000000000000000000000000000000000000000011111111111111111111110000000000000000000000000000000000000000000000000000000000000000000000000000000000000000000000000000000000000000000000000000000000000
00000000000000000000000000000000000000000000011111111111111111111110000000000000000000000000000000000000000000000000000000000000000000000000000000000000000000000000000000000000000000000000000000000000
00000000000000000000000000000000000000000000111111111111111111101110000010000000000000000000000000000000000000000000000000000000000000000000000000000000000000000000000000000000000000000000000000000000
00000000000000000000000000000000000000000011111111111111111100000001100000000000000000000000100011100000000000000000000000000000000000000000000000000000000000000000000000000000000000000000000000000000
00000000000000000000000000000000000000001111111111111111111110010010000000000000000000000011111111100000000001100000000000000000000000000000000000000000000000000000000000000000000000000000000000000000
00000000000000000000000000000000000000001111111111111111111110010010000000000000000000000011111111100000000001100000000000000000000000000000000000000000000000000000000000000000000000000000000000000000
00000000000000000000000000000000000000111111111111111111111100000000000000000001110000000000000000000000001100000000000000000000000000000000000000000000000000000000000000000000000000000000000000000000
00000000000000000000000000000000000001111111111111111111110000000000000000000000000110000000000000000000000000000000000000000000000000000000000000000000000000000000000000000000000000000000000000000000
00000000000000000000000000000000000001111111111111111111110000000000000000000000000110000000000000000000000000000000000000000000000000000000000000000000000000000000000000000000000000000000000000000000
00000000000000000000000000000000001111111111111111111111111100000000001100000000001001100000000000000000001101101100000000000000000000000000000000000000000000000000000000000000000000000000000000000000
00000000000000000000000000000000111111111111111111111100000000000000000000000000000000011000000000000000010000010000000000000000000000000000000000000000000000000000000000000000000000000000000000000000
00000000000000000000000000000000111111111111111111111100000000000000000000000000000000011000000000000000010000010000000000000000000000000000000000000000000000000000000000000000000000000000000000000000
00000000000000000000000000000001111111111111111111111100000000000000000000000000000000000000000000011010000000000000111000000000000000000000000000000000000000000000000000000000000000000000000000000000
00000000000000000000000000000111111111111111111111111100000000001100000000000000000000000000000000100100000000000010000000000000000000000000000000000000000000000000000000000000000000000000000000000000
00000000000000000000000000000111111111111111111111111100000000001100000000000000000000000000000000100100000000000010000000000000000000000000000000000000000000000000000000000000000000000000000000000000
00000000000000000000000000001111111111111100111111111100000010000000000000000000001110111000011011100001100000000000000000000000000000000000000000000000000000000000000000000000000000000000000000000000
00000000000000000000000000011111111111111111111100011111000000001100000000000000000000111000111100011110000000000000001000000000000000000000000000000000000000000000000000000000000000000000000000000000
00000000000000000000000000011111111111111111111100011111000000001100000000000000000000111000111100011110000000000000001000000000000000000000000000000000000000000000000000000000000000000000000000000000
00000000000000000000000001111111111111111011111111100000010000000000000000000000001000000011111111111111110001100000000000000000000000000000000000000000000000000000000000000000000000000000000000000000
00000000000000000000022201111111111111110011000111011011000000000000000000000000000000011111011111111111101110000000000000000000000000000000000000000000000000000000000000000000000000000000000000000000
00000000000000000000022200011111111111111111000000000100000000000000000000000000000001100000011111111111111100000000000000000000000000000000000000000000000000000000000000000000000000000000000000000000
00000000000000000000222222011111111111111111000000000100000000000000000000000000000001100000011111111111111100000000000000000000000000000000000000000000000000000000000000000000000000000000000000000000
00000000000000000002222222011111111111110100000000011000000000000000000000000000000110000111011111111111101110000000000000000000000000000000000000000000000000000000000000000000000000000000000000000000
00000000000000000002222222011111110111111100100111000000000000000000000000000000000000011100011111111111111100001100000000000000000000000000000000000000000000000000000000000000000000000000000000000000
00000000000000000222222222011111110111111100100111000000000000000000000000000000000000011100011111111111111100001100000000000000000000000000000000000000000000000000000000000000000000000000000000000000
00000000000000002222222201111111111111111100000100000000101100000000000000000000000000000111100111111111111101100000000000000000000000000000000000000000000000000000000000000000000000000000000000000000
00000000000000002222222211111111111111110000000000011000000000000000000000000000000001000000000111111101111111110000000000000000000000000000000000000000000000000000000000000000000000000000000000000000
00000000000002222222011111111111111111110000000000011000000000000000000000000000000001000000000111111101111111110000000000000000000000000000000000000000000000000000000000000000000000000000000000000000
00000000000011222221111111111111111000111000100011000100000000000000000000000000000000000111000111111111111100000000000000000000000000000000000000000000000000000000000000000000000000000000000000000000
00000000011111222221111111111111110111111000100000100111111100000000000000000000000000000011000011111111111101100000000000000000000000000000000000000000000000000000000000000000000000000000000000000000
00000000011111111111111111111111110111111000100000100111111100000000000000000000000000000011000011111111111101100000000000000000000000000000000000000000000000000000000000000000000000000000000000000000
00000000111111111111111111111111111111000000100011011111100000000000000000000000000110000000111111111111111111101100000000000000000000000000000000000000000000000000000000000000000000000000000000000000
00000111111111111111111111111111111110000000000011111111110000000000000000000000000000000000111111111111100011100000000000000000000000000000000000000000000000000000000000000000000000000000000000000000
00111111111111111111111101101110000001110000000000011111110000000000000000000000000000011000100111111111110000000000000000000000000000000000000000000000000000000000000000000000000000000000000000000000
00111111111111111111111101101110000001110000000000011111110000000000000000000000000000011000100111111111110000000000000000000000000000000000000000000000000000000000000000000000000000000000000000000000
11111111111111111111111100000000111000000000000000111111100001100000000000000000000001000000011011111111111100000000000000000000000000000000000000000000000000000000000000000000000000000000000000000000
11111111111111111111111111100000000000000000000000111111100000000000000000000000110000100000011111011101110010000000001000000000000000000000000000000000000000000000000000000000000000000000000000000000
11111111111111111111111111100000000000000000000000111111100000000000000000000000110000100000011111011101110010000000001000000000000000000000000000000000000000000000000000000000000000000000000000000000
11111111111111111111100000000001111000001000011000100000110001100000000000000000000110000011011111111111100010000011001000000000000000000000000000000000000000000000000000000000000000000000000000000000
11111111111111111100010000000000111001111011011100000000000000000000000000000000000000000000111111111111110000000000000000000000000000000000000000000000000000000000000000000000000000000000000000000000
11111111111111111100010000000000111001111011011100000000000000000000000000000000000000000000111111111111110000000000000000000000000000000000000000000000000000000000000000000000000000000000000000000000
00111011111111100001100000010110111111111000000000000011100000000000000000000000110000000111111111111110011101100001000000000000000000000000000000000000000000000000000000000000000000000000000000000000
00000111111111101111100000000000111111111100000000000011000000000000000000000000000000000000111011111110000000000010000000000000000000000000000000000000000000000000000000000000000000000000000000000000
00000111111111101111100000000000111111111100000000000011000000000000000000000000000000000000111011111110000000000010000000000000000000000000000000000000000000000000000000000000000000000000000000000000
00011011111111100000000000011001111111111111100000000000000000000000000000000000000000000000100100011110000001110000000000000000000000000000000000000000000000000000000000000000000000000000000000000000
00000111111110000000000001110111111111111111000011100000000000000000000000000000000000000000000011000100001100000000000000000000000000000000000000000000000000000000000000000000000000000000000000000000
00000111111110000000000001110111111111111111000011100000000000000000000000000000000000000000000011000100001100000000000000000000000000000000000000000000000000000000000000000000000000000000000000000000
00011100000110000000000000010111111111111111011111000000010000000000000000000000000000000000011011011100000000010000000000000000000000000000000000000000000000000000000000000000000000000000000000000000
11111011100000000000001100000001111111111111000000100000000000000000000000000000000000000000000000000010000000000000000000000000000000000000000000000000000000000000000000000000000000000000000000000000
00111011011111100000001101100000001111111100000111000000000000000000000000000000000000100000000000000000000000000000000000000000000000000000000000000000000000000000000000000000000000000000000000000000
00111011011111100000001101100000001111111100000111000000000000000000000000000000000000100000000000000000000000000000000000000000000000000000000000000000000000000000000000000000000000000000000000000000
11111000000110000001100000001000111111001011011111000000000000000000000000000000000000000000000000000000000000000000000000000000000000000000000000000000000000000000000000000000000000000000000000000000
00011000000000000000000000001000000001001000100000000000000000000000010000000000000000000000000000000000000000000000000000000000000000000000000000000000000000000000000000000000000000000000000000000000
00011000000000000000000000001000000001001000100000000000000000000000010000000000000000000000000000000000000000000000000000000000000000000000000000000000000000000000000000000000000000000000000000000000
00000000000000000000000000000000001000001011000000000000000000000000000000000000000000000000000000000000000000000000000000000000000000000000000000000000000000000000000000000000000000000000000000000000
00000000000000000000000000000000000000000000000000000000000000000000000000000000000000000000000000000000000000000000000000000000000000000000000000000000000000000000000000000000000000000000000000000000
00000000000000000000000000000000000000000000000000000000000000000000000000000000000000000000000000000000000000000000000000000000000000000000000000000000000000000000000000000000000000000000000000000000
00000100000000000000000000000110000000001000000000011000100000000000000000000000000000000000000000000000000000000000000000000000000000000000000000000000000000000000000000000000000000000000000000000000
00100000000000000000000000000000000000000000000011011011000000001100000000000000000000100000000000000000000000000000000000000000000000000000000000000000000000000000000000000000000000000000000000000000