00000000000000000000000000000000000000000000000000000000000000000000000000000000000000000000000000000000000000000000000000000000000000000000000000000000000000000000000000000000000000000000000000000000
00000000000000000000000000000000000000000000000000000000000000000000000000000000000000000000000000000000000000000000000000000000000000000000000000000000000000000000000000000000000000000000000000000000
00000000000000000000000000000000000000000000000000000000000000000000000000000000000000000000000000000000000000000000000000000000000000000000000000000000000000000000000000000000000000000000000000000000
00000000000000000000000000000000000000000000000000000000000000000000000000000000000000000000000000000000000000000000000000000000000000000000000000000000000000000000000000000000000000000000000000000000
00000000000000000000000000000000000000000000000000000000000000000000000000000000000000000000000000000000000000000000000000000000000000000000000000000000000000000000000000000000000000000000000000000000
00000000000000000000000000000000000000000000000000000000000000000000000000000000000000000000000000000000000000000000000000000000000000000000000000000000000000000000000000000000000000000000000000000000
00000000000000000000000000000000000000000000000000000000000000000000000000000000000000000000000000000000000000000000000000000000000000000000000000000000000000000000000000000000000000000000000000000000
00000000000000000000000000000000000000000000000000000000000000000000000000000000000000000000000000000000000000000000000000000000000000000000000000000000000000000000000000000000000000000000000000000000
00000000000000000000000000000000000000000000000000000000000000000000000000000000000000000000000000000000000000000000000000000000000000000000000000000000000000000000000000000000000000000000000000000000
00000000000000000000000000000000000000000000000000000000000000000000000000000000000000000000000000000000000000000000000000000000000000000000000000000000000000000000000000000000000000000000000000000000
00000000000000000000000000000000000000000000000000000000000000000000000000000000000000000000000000000000000000000000000000000000000000000000000000000000000000000000000000000000000000000000000000000000
00000000000000000000000000000000000000000000000000000000000000000000000000000000000000000000000000000000000000000000000000000000000000000000000000000000000000000000000000000000000000000000000000000000
00000000000000000000000000000000000000000000000000000000000000000000000000000000000000000000000000000000000000000000000000000000000000000000000000000000000000000000000000000000000000000000000000000000
00000000000000000000000000000000000000000000000000000000000000000000000000000000000000000000000000000000000000000000000000000000000000000000000000000000000000000000000000000000000000000000000000000000
00000000000000000000000000000000000000000000000000000000000000000000000000000000000000000000000000000000000000000000000000000000000000000000000000000000000000000000000000000000000000000000000000000000
00000000000000000000000000000000000000000000000000000000000000000000000000000000000000000000000000000000000000000000000000000000000000000000000000000000000000000000000000000000000000000000000000000000
00000000000000000000000000000000000000000000000000000000000000000000000000000000000000000000000000000000000000000000000000000000000000000000000000000000000000000000000000000000000000000000000000000000
00000000000000000000000000000000000000000000000000000000000000000000000000000000000000000000000000000000000000000000000000000000000000000000000000000000000000000000000000000000000000000000000000000000
00000000000000000000000000000000000000000000000000000000000000000000000000000000000000000000000000000000000000000000000000000000000000000000000000000000000000000000000000000000000000000000000000000000
00000000000000000000000000000000000000000000000000000000000000000000000000000000000000000000000000000000000000000000000000000000000000000000000000000000000000000000000000000000000000000000000000000000
00000000200000000000000000000000000000000000000000000000000000000000000000000000000000000000000000000000000000000000000000000000000000000000000000000000000000000000000000000000000000000000000000000000
00000000200000000000000000000000000000000000000000000000000000000000000000000000000000000000000000000000000000000000000000000000000000000000000000000000000000000000000000000000000000000000000000000000
00000000200000000000000000000000000000000000000000000000000000000000000000000000000000000000000000000000000000000000000000000000000000000000000000000000000000000000000000000000000000000000000000000000
00000002200000000000000000000000000000000000000000000000000000000000000000000000000000000000000000000000000000000000000000000000000000000000000000000000000000000000000000000000000000000000000000000000
00000222200000000000000000000000000000000000000000000000000000000000000000000000000000000000000000000000000000000000000000000000000000000000000000000000000000000000000000000000000000000000000000000000
22000200000000000000000000000000000000000000000000000000000000000000000000000000000000000000000000000000000000000000000000000000000000000000000000000000000000000000000000000000000000000000000000000000
20000000000000000000000000000000000000000000000000000000000000000000000000000000000000000000000000000000000000000000000000000000000000000000000000000000000000000000000000000000000000000000000000000000
00000000000020000000000000000000000000000000000000000000000000000000000000000000000000000000000000000000000000000000000000000000000000000000000000000000000000000000000000000000000000000000000000000000
00000000002220000000000000000000000000000000000000000000000000000000000000000000000000000000000000000000000000000000000000000000000000000000000000000000000000000000000000000000000000000000000000000000
00000000022220000000000000000000000000000000000000000000000000000000000000000000000000000000000000000000000000000000000000000000000000000000000000000000000000000000000000000000000000000000000000000000
00000000022220000000000000000000000000000000000000000000000000000000000000000000000000000000000000000000000000000000000000000000000000000000000000000000000000000000000000000000000000000000000000000000
00000000222220000000000000000000000000000000000000000000000000000000000000000000000000000000000000000000000000000000000000000000000000000000000000000000000000000000000000000000000000000000000000000000
00000000222222000000000000000000000000000000000000000000000000000000000000000000000000000000000000000000000000000000000000000000000000000000000000000000000000000000000000000000000000000000000000000000
00000000222222200000000000000000000000000000000000000000000000000000000000000000000000000000000000000000000000000000000000000000000000000000000000000000000000000000000000000000000000000000000000000000
00000000222222200000000000000000000000000000000000000000000000000000000000000000000000000000000000000000000000000000000000000000000000000000000000000000000000000000000000000000000000000000000000000000
00000000022222220002222220000000000000000000000000000000000000000000000000000000000000000000000000000000000000000000000000000000000000000000000000000000000000000000000000000000000000000000000000000000
00000000000222222222222222200000000000000000000000000000000000000000000000000000000000000000000000000000000000000000000000000000000000000000000000000000000000000000000000000000000000000000000000000000
00000000000022222222222222200000000000000000000000000000000000000000000000000000000000000000000000000000000000000000000000000000000000000000000000000000000000000000000000000000000000000000000000000000
00000000000000222222222222220000000000000000000000000000000000000000000000000000000000000000000000000000000000000000000000000000000000000000000000000000000000000000000000000000000000000000000000000000
00000000000200022222222220000000000000000000000000000000000000000000000000000000000000000000000000000000000000000000000000000000000000000000000000000000000000000000000000000000000000000000000000000000
00000000000200022222222220000000000000000000000000000000000000000000000000000000000000000000000000000000000000000000000000000000000000000000000000000000000000000000000000000000000000000000000000000000
00000000000002200022222220000002000000000000000000000000000000000000000000000000000000000000000000000000000000000000000000000000000000000000000000000000000000000000000000000000000000000000000000000000
00000000000002200002222220000000000000000000000000000000000000000000000000000000000000000000000000000000000000000000000000000000000000000000000000000000000000000000000000000000000000000000000000000000
00000000000000000022220000000000000000000000000000000000000000000000000000000000000000000000000000000000000000000000000000000000000000000000000000000000000000000000000000000000000000000000000000000000
00000000000000000222220000000000000000000000000000000000000000000000000000000000000000000000000000000000000000000000000000000000000000000000000000000000000000000000000000000000000000000000000000000000
00000000000000020022220000000000000000000000000000000000000000000000000000000000000000000000000000000000000000000000000000000000000000000000000000000000000000000000000000000000000000000000000000000000
00000000000000000002222220000000000000000000000000000000000000000000000000000000000000000000000000000000000000000000000000000000000000000000000000000000000000000000000000000000000000000000000000000000
00000000000000000000022220000000000000000000000000000000000000000000000000000000000000000000000000000000000000000000000000000000000000000000000000000000000000000000000000000000000000000000000000000000
00000000000000000000000220000000000000000000000000000000000000000000000000000000000000000000000000000000000000000000000000000000000000000000000000000000000000000000000000000000000000000000000000000000
00000000000002200000000000000000000000000000000000000000000000000000000000000000000000000000000000000000000000000000000000000000000000000000000000000000000000000000000000000000000000000000000000000000
00000000000002200000000000000000000000000000000000000000000000000000000000000000000000000000000000000000000000000000000000000000000000000000000000000000000000000000000000000000000000000000000000000000
00000000000000000000000000000000000000000000000000000000000000000000000000000000000000000000000000000000000000000000000000000000000000000000000000000000000000000000000000000000000000000000000000000000
00000000000000000000000000000000000000000000000000000000000000000000000000000000000000000000000000000000000000000000000000000000000000000000000000000000000000000000000000000000000000000000000000000000
00000000000000000000000000000000000000000000000000000000000000000000000000000000000000000000000000000000000000000000000000000000000000000000000000000000000000000000000000000000000000000000000000000000
00000000000020000000000000000000000000000000000000000000000000000000000000000000000000000000000000000000000000000000000000000000000000000000000000000000000000000000000000000000000000000000000000000000
00000000000002200000000000000000000000000000000000000000000000000000000000000000000000000000000000000000000000000000000000000000000000000000000000000000000000000000000000000000000000000000000000000000
00000000000002200000000000000000000000000000000000000000000000000000000000000000000000000000000000000000000000000000000000000000000000000000000000000000000000000000000000000000000000000000000000000000
00000000000000000000000000000000000000000000000000000000000000000000000000000000000000000000000000000000000000000000000000000000000000000000000000000000000000000000000000000000000000000000000000000000
00000000000000000000000000000000000000000000000000000000000000000000000000000000000000000000000000000000000000000000000000000000000000000000000000000000000000000000000000000000000000000000000000000000
22000000000000020000000000000000000000000000000000000000220000000000000000000000000000000000000000000000000000000000000000000000000000000000000000000000000000000000000000000000000000000000000000000000
22000000000000020000000000000000000000000000000000000000220000000000000000000000000000000000000000000000000000000000000000000000000000000000000000000000000000000000000000000000000000000000000000000000
00000000000000000000000000000000000000000000000000000000000000000000000000000000000000000000000000000000000000000000000000000000000000000000000000000000000000000000000000000000000000000000000000000000
00000000000000000000000000000000000000000000000000000000000000000000000000000000000000000000000000000000000000000000000000000000000000000000000000000000000000000000000000000000000000000000000000000000
00000000000000000000000000000000000000000000000000000000000000000000000000000000000000000000000000000000000000000000000000000000000000000000000000000000000000000000000000000000000000000000000000000000
22000000000000000000000000000000000000000000000000000000000000000000000000000000000000000000000000000000000000000000000000000000000000000000000000000000000000000000000000000000000000000000000000000000
00000000000000000000000000000000000000000000000000000000000000000000000000000000000000000000000000000000000000000000000000000000000000000000000000000000000000000000000000000000000000000000000000000000
00000000000000000000000000000000000000000000000000000000000000000000000000000000000000000000000000000000000000000000000000000000000000000000000000000000000000000000000000000000000000000000000000000000
00000000000000000000000000000000000000000000000000000000000000000000000000000000000000000000000000000000000000000000000000000000000000000000000000000000000000000000000000000000000000000000000000000000
00000000000000000000000000000000000000000000000000000000000000000000000000000000000000000000000000000000000000000000000000000000000000000000000000000000000000000000000000000000000000000000000000000000
00000000000000000000000000000000000000000000000000000000000000000000000000000000000000000000000000000000000000000000000000000000000000000000000000000000000000000000000000000000000000000000000000000000
00000000000000000000000000000000000000000000000000000000000000000000000000000000000000000000000000000000000000000000000000000000000000000000000000000000000000000000000000000000000000000000000000000000
00000000000000000000000000000000000000000000000000000000000000000020000000000000000000000000000000000000000000000000000000000000000000000000000000000000000000000000000000000000000000000000000000000000
00000000000000000000000000000000000000000000000000000000000000000022000000000000000000000000000000000000000000000000000000000000000000000000000000000000000000000000000000000000000000000000000000000000
00000000000000000000000000000000000000000000000000000000000000000000000000000000000000000000000000000000000000000000000000000000000000000000000000000000000000000000000000000000000000000000000000000000
00000000000000000000000000000000000000000000000000000000000000000000000000000000000000000000000000000000000000000000000000000000000000000000000000000000000000000000000000000000000000000000000000000000
00000000000000000000000000000000000000000000000000000000000000000000000000000000000000000000000000000000000000000000000000000000000000000000000000000000000000000000000000000000000000000000000000000000
00000000000000000000000000000000000000000000000000000000000000000200000000000000000000000000000000000000000000000000000000000000000000000000000000000000000000000000000000000000000000000000000000000000
00000000000000000000000000000000000000000000000000000000000022200022200000000000000000000000000000000000000000000000000000000000000000000000000000000000000000000000000000000000000000000000000000000000
00000000000000000000000000000000000000000000000000000000022222200022200000000000000000000000000000000000000000000000000000000000000000000000000000000000000000000000000000000000000000000000000000000000
00000000000000000000000000000000000000000000000000000000022222200022200000000000000000000000000000000000000000000000000000000000000000000000000000000000000000000000000000000000000000000000000000000000
00000000000000000000000000000000000000000000000000000000222220002222200000000000000000000000000000000000000000000000000000000000000000000000000000000000000000000000000000000000000000000000000000000000
00000000000000000000000000000000000000000000000000000022222220220222200020000000000000000000000000000000000000000000000000000000000000000000000000000000000000000000000000000000000000000000000000000000
00000000000000000000000000000000000000000000000000000022222222222220000020000000000000000000000000000000000000000000000000000000000000000000000000000000000000000000000000000000000000000000000000000000
00000000000000000000000000000002000000000000000000022000020222222200000022000000000000000000000000000000000000000000000000000000000000000000000000000000000000000000000000000000000000000000000000000000
00000000000000000000000000000000000000000000000000000000002222222332222222000000000000000000000000000000000000000000000000000000000000000000000000000000000000000000000000000000000000000000000000000000
00000000000000000000000000000000000000000000000000000000002222222333333322000000000000000000000000000000000000000000000000000000000000000000000000000000000000000000000000000000000000000000000000000000
00000000000000000000000000000000000000000000000000002200002222223333333300000000000000000000000000000000000000000000000000000000000000000000000000000000000000000000000000000000000000000000000000000000
00000000000000000000000000000000000000000000000000222000220222223333333000000000000000000000000000000000000000000000000000000000000000000000000000000000000000000000000000000000000000000000000000000000
00000000000000000000000000000000000000000000000000002222200022233333330000000000000000000000000000000000000000000000000000000000000000000000000000000000000000000000000000000000000000000000000000000000
00000000000000000000000000000000000000000000000000000222200022233333333000000000000000000000000000000000000000000000000000000000000000000000000000000000000000000000000000000000000000000000000000000000
00000000000000000000000000000000000000002000000000000222222222233333330000000000000000000000000000000000000000000000000000000000000000000000000000000000000000000000000000000000000000000000000000000000
00000000000000000000000000000000000000000000000000002222002222233344444200000000000000000000000000000000000000000000000000000000000000000000000000000000000000000000000000000000000000000000000000000000
00000000000000000000000000000000000000000000000000002000002222233344444200000000000000000000000000000000000000000000000000000000000000000000000000000000000000000000000000000000000000000000000000000000
00000000000000000000000000000000000000000000000022022000002002333344444200000000000000000000000000000000000000000000000000000000000000000000000000000000000000000000000000000000000000000000000000000000
00000000000000000000000000000000000000000000000222222000002222333344454200000000000000000000000000000000000000000000000000000000000000000000000000000000000000000000000000000000000000000000000000000000
00000000000000000000000000000000000000000000200222222200022223333444555200000000000000000000000000000000000000000000000000000000000000000000000000000000000000000000000000000000000000000000000000000000
00000000000000000000000000000000000000000022222022022220002223334445555200222200000000000000000000000000000000000000000000000000000000000000000000000000000000000000000000000000000000000000000000000000
00000000000000000000000000000000000000000000000200002220002223334445555433222220000000000000000000000000000000000000000000000000000000000000000000000000000000000000000000000000000000000000000000000000
00000000000000000000000000000000000000000000000222002020002223333444555443322220000000000000000000000000000000000000000000000000000000000000000000000000000000000000000000000000000000000000000000000000
00000000000000000000000002200000000000000000000022222000000033333444444443332220000000000000000000000000000000000000000000000000000000000000000000000000000000000000000000000000000000000000000000000000
00000000000000000000000002200000000000000000000000220000000033333334444443332220000000000000000000000000000000000000000000000000000000000000000000000000000000000000000000000000000000000000000000000000
00000000000000000000000002200000000000000000000000220000000033333334444433333220000000000000000000000000000000000000000000000000000000000000000000000000000000000000000000000000000000000000000000000000
00000000000000000000000002200000000000000000000000022222000002333333444330230222220000000000000000000000000000000000000000000000000000000000000000000000000000000000000000000000000000000000000000000000
00000000000000000000000000200000000000000000022000202222220022223333333330000222220000000222000000000000000000000000000000000000000000000000000000000000000000000000000000000000000000000000000000000000
00000000000000000000000000220000000000000000000022222222222222222333333333222222220000222220000000000000000000000000000000000000000000000000000000000000000000000000000000000000000000000000000000000000
00000000000000000000000000020000000000000000002222222222222222222333333333332222220022222200000000000000000000000000000000000000000000000000000000000000000000000000000000000000000000000000000000000000
00000000000000000000000002200000000000000000000222222222222222222233333333332222222222222000000222200000000000000000000000000000000000000000000000000000000000000000000000000000000000000000000000000000
00000000000000000000000000000000000000000000000002222222222222222223333333222222222222220022000222000020000000000000000000000000000000000000000000000000000000000000000000000000000000000000000000000000
00000000000000000000000000000000000000000000000002222222222222222022333332332222222202000022200022000022000000000000000000000000000000000000000000000000000000000000000000000000000000000000000000000000
00000000000000000000000000000000000000000000000222222222222222220022333332222222222222000220200220000000000000000000000000000000000000000000000000000000000000000000000000000000000000000000000000000000
00000000000000000000000000000000000000000000022222222222222222200022233202222222222222200220000222000000000000000000000000000000000000000000000000000000000000000000000000000000000000000000000000000000
00000000000000000000000000000000000000000000022222222222222222200022223202222222222220000200000222000000000000000000000000000000000000000000000000000000000000000000000000000000000000000000000000000000
00000000000000000000000000000000000000220022222222222222222222220022220000222222222220000000022000000000000000000000000000000000000000000000000000000000000000000000000000000000000000000000000000000000
00000000000000000000000000000000000000000000222222222222222222220022220000222222222200000022000000000000000000000000000000000000000000000000000000000000000000000000000000000000000000000000000000000000
00000000000000000000000000000000000000000000222222222222222222220022222000222222002000000222000000000000000000000000000000000000000000000000000000000000000000000000000000000000000000000000000000000000
00000000000000000000000000000000000222000000022222222222222222222222222200222000000002022220020000000000000000000000000000000000000000000000000000000000000000000000000000000000000000000000000000000000
00000000000000000000000000000000000220002022222222222222222222222222202220222002000002002222220022000000000000000000000000000000000000000000000000000000000000000000000000000000000000000000000000000000
00000000000000000000000000000000000220002022222222222222222222222222220020222002000000002220220022000000000000000000000000000000000000000000000000000000000000000000000000000000000000000000000000000000
00022000000000000000000000000000000000000022222222222222222222222222222222022000000000222222022000000000000000000000000000000000000000000000000000000000000000000000000000000000000000000000000000000000
00022000000000000000000000000000002000000000222222222222222222222222222222220000000002222222220022000000000000000000000000000000000000000000000000000000000000000000000000000000000000000000000000000000
00022000000000000000000000000000002202000022222222222222222222222222222222200220002002222022220000000000000000000000000000000000000000000000000000000000000000000000000000000000000000000000000000000000
00022000000000000000000000000000002202000022022222222222222222222222222222200220002222222022220020000000000000000000000000000000000000000000000000000000000000000000000000000000000000000000000000000000
00000000000000000000000000000000002222002002222222222222222222222222222220002000000222222222200022200000000000000000000000000000000000000000000000000000000000000000000000000000000000000000000000000000
00000000000000000000000000000002222000022222222222222222222222222222222222200000222222222222200002000000000000000000000000000000000000000000000000000000000000000000000000000000000000000000000000000000
00000000000000000000000000000002220000002222222222222222222222222222220022220222222222222222200000000000000000000000000000000000000000000000000000000000000000000000000000000000000000000000000000000000
00000000000000000000000000000000220002002222222222222222222222222222222002222222222222222222222000200000000000000000000000000000000000000000000000000000000000000000000000000000000000000000000000000000
00000000000000000020002200000000200002022222222222222222222222222222222220222222222222222222222200000000022220000000000000000000000000000000000000000000000000000000000000000000000000000000000000000000
00000000000000000020002200000000000002002222222222222222222222222222222220222222222222222222222200000000022220000000000000000000000000000000000000000000000000000000000000000000000000000000000000000000
00000000000000000220000000000000000000020222222222222222222222022222222220222222222222222222222200000000002220022000000000000000000000000000000000000000000000000000000000000000000000000000000000000000
00000000000022200220000000000000000000222222222222222222222200020222222222022222222222222222222222000000002220020000000000000000000000000000000000000000000000000000000000000000000000000000000000000000
00000000000022200220000000000020000022222222222222222222222220000022222222002222222222222222222222000000002220000000000000000000000000000000000000000000000000000000000000000000000000000000000000000000
00000000000000000000020000000222002222222222222222222222222222000022222222022222222222222222222200000000000020022002000002000000000000000000000000000000000000000000000000000000000000000000000000000000
00000000000000000000022222222222222002222222222222222222222222002222223333332222222222222222222200000002200000002222220000200000000000000000000000000000000000000000000000000000000000000000000000000000
00000000000002220220222220220222222002222222222222222222222222200222223333333333222222222222222200000002220000002202200000000000000000000000000000000000000000000000000000000000000000000000000000000000
00000000000002222020022222020222222222222222222222222222222222200002233333333333222222222222222220000002222200000002200000000000000000000000000000000000000000000000000000000000000000000000000000000000
00000000000002222222222222022022222222222222222222222222222222222202233333333333333322222222222222022222222220000002200000000000000000000000000000000000000000000000000000000000000000000000000000000000
00000000000002222222222220000222222222222222222222222222222222222222333333333333333323222222222002222222220022220002220000000000000000000000000000000000000000000000000000000000000000000000000000000000
00000000000002222222222222000022000222222222222222222222222222222222333334443333333333222222222002222222220002222002220000000000000000000000000000000000000000000000000000000000000000000000000000000000
00000000000002222222220222000220000222022222222222222222222222222222233344444333333333222222222222222222002220020022200000000000000000000000000000000000000000000000000000000000000000000000000000000000
00000000000000002002202222222220222222222222222222222222222222222222233344444443333333322222222222222222222222200000000000000000000000000000000000000000000000000000000000000000000000000000000000000000
00000000000000000002202222222222222222222200222222222222222222222222233344554444333333222222222222222222222202200000000000000000000000000000000000000000000000000000000000000000000000000000000000000000
00000000000000000022222222222222002222222222222222222222222222222222233344555544443333323222222222222222222202222200000000000000000000000000000000000000000000000000000000000000000000000000000000000000
00000000000000000022220222222222002222222222222222222222222222222222222334555544443333333332222222222222222222000000000000000000000000000000000000000000000000000000000000000000000000000000000000000000
00000000000000000020020222222222000222222222222222222222222222222222222334555444333333333222222222222222222222200000000000000000000000000000000000000000000000000000000000000000000000000000000000000000
00000000000000000000000222222222200022222222222222222222222222222222222334454443333333222222222222222222222222220000000000000000000000000000000000000000000000000000000000000000000000000000000000000000
00000000000000000000000222222222200022222222222222222222222222222222222334444433333333222222222222222222222222222200000000000000000000000000000000000000000000000000000000000000000000000000000000000000
00000000000000000000002022222222000002222222222222222222222222222222222333444433333232222222222222222222222222222200000000000000000000000000000000000000000000000000000000000000000000000000000000000000
00000000000000000000002222222222222002222222222222222222222222222222222333343333322222222222222222222222222222222220000000000000000000000000000000000000000000000000000000000000000000000000000000000000
00000000000000000000000002222222222222222222222222222222222222222222222333333333322222222222222222222222222222000220000000000000000000000000000000000000000000000000000000000000000000000000000000000000
00000000000000000000000002222222222222222222222222222222222222222222222333333333322222222222222222222222222220000000000000000000000000000000000000000000000000000000000000000000000000000000000000000000
00000000000000000000000002222222222222222222222222222222222222022222222233333333322222222222222222222222222220000000000000000000000000000000000000000000000000000000000000000000000000000000000000000000
00000000000000000000000022222222222222220222222222222222222222202222222223333333222222222222222222222222222220020000000000000000000000000000000000000000000000000000000000000000000000000000000000000000
00000000000000000000002222222222222222202022222222222222222222202222222222222222220222220222222222222222222222222200000000000000000000000000000000000000000000000000000000000000000000000000000000000000
00000000000000000000002222222222222222000022222222222222222222202222222222222222222222200222222222222222202222222200000000000000000000000000000000000000000000000000000000000000000000000000000000000000
00000000000000000000000002222222222220000222222222222222222222222222222222222222222222202222222222222220000022200000000000000000000000000000000000000000000000000000000000000000000000000000000000000000
00000000000000000000000002222222222220000022222222222222222222222222222222222222222022200222222222222220020000000000000000000000000000000000000000000000000000000000000000000000000000000000000000000000
00000000000000000000000002222222222220000022222222222222222222222222222222222222202222200222222222222222220000000000000000000000000000000000000000000000000000000000000000000000000000000000000000000000
00000000000000000000000222222222222222000022222222222222222222222222222222222222222222222222222222222222200000000000000000000000000000000000000000000000000000000000000000000000000000000000000000000000
00000000000200000000002202222222222220000000222222222022222222222222222222220222222222222222222222222222000000000000000000000000000000000000000000000000000000000000000000000000000000000000000000000000
00000000000200000000002202222222222220000000222222222022222222222222222222222222222222222222222222222200000000000000000000000000000000000000000000000000000000000000000000000000000000000000000000000000
00000000000020000000002202222222222200000000022222222022222222222222222220000002000022222022222222222000000000000000000000000000000000000000000000000000000000000000000000000000000000000000000000000000
00000000000020000000002202222222222200000000022222222222222222222222222222000002200222222022222222222200000020000000000000000000000000000000000000000000000000000000000000000000000000000000000000000000
00000000000022000000002222222222222220000000000222222222022222222222222222000002200222222222222222222200000020000000000000000000000000000000000000000000000000000000000000000000000000000000000000000000
00000000200000000000002222022222222222000000000000200022002222222222222222000002220220222222222222222000000020000000000000000000000000000000000000000000000000000000000000000000000000000000000000000000
00000000000000000000000202222222222200000000000002200002020222222222222222000000222220222222222222222000000002222000000000000000000000000000000000000000000000000000000000000000000000000000000000000000
00000000000000000000002202022222222220000000000000222000000222222222222222200000022222222222222222222002200022222220000000000000000000000000000000000000000000000000000000000000000000000000000000000000
00000000000000000000002200022222222220000200000000022000000022222222222202220000002222222222222222222202200022222220000000000000000000000000000000000000000000000000000000000000000000000000000000000000
00000000000000000000002202222222200222220200000000000000000022222222222222220002202222222222222222222222202222222220000000000000000000000000000000000000000000000000000000000000000000000000000000000000
00000000000000000000002222222222202222002222000000000000022222222222222222222022222222222222222222222222000222222000000000000000000000000000000000000000000000000000000000000000000000000000000000000000
00000000000000000000002222222222202222002222000000000000022222222222222222222222222222222222222222222220000222200000000000000000000000000000000000000000000000000000000000000000000000000000000000000000
00000000000000000000000202002222220022222222200022222000022222222222222222222222222222222222222222222222202222000000000000000000000000000000000000000000000000000000000000000000000000000000000000000000
00000000000000000000002222200222220022222222222222222000222222200022222222222222222222222222222222222222222222222200000000000000000000000000000000000000000000000000000000000000000000000000000000000000
00000000000000000000002222220222222002222222222222222200202200000000022222222222222222222222222222222222222222222200000000000000000000000000000000000000000000000000000000000000000000000000000000000000
00000000000000000000000000220002222202222222222000000200000000000000002222222222222222222222222222222222222222222200000000000000000000000000000000000000000000000000000000000000000000000000000000000000
00000000000000000000000002202002222222222222222000000000000000000000022222222222222222222222222222222222222222222200000000000000000000000000000000000000000000000000000000000000000000000000000000000000
00000000000000000000000002202222222222222222222022220000000000000020222222222222222222222222222222222000022222222200000000000000000000000000000000000000000000000000000000000000000000000000000000000000
00000000000000000000000000002222222222222222222222222220000000000022222222222222222222222222222222222200002220002200000000000000000000000000000000000000000000000000000000000000000000000000000000000000
00000000000000000000002220022222222222222222222222222220000000002222222222222222222222222222222222222222002220000000000000000000000000000000000000000000000000000000000000000000000000000000000000000000
00000000000000000002222202222222002222222222222222222222000002222222222222222222222222222222222222222222202220000020000000000000000000000000000000000000000000000000000000000000000000000000000000000000
00000000000000000002222222222222002222222222222222222222000022222222222222222222222220222222222222222222222220000220000000000000000000000000000000000000000000000000000000000000000000000000000000000000
00000000000000000002222220002222002222222222222222222222220222222222222222222222222000222222222222222222002220022220000000000000000000000000000000000000000000000000000000000000000000000000000000000000
00000000000000000002222220000222222222222222222222222222222222222222222222222222222222222022222222222222222222222000000000000000000000000000000000000000000000000000000000000000000000000000000000000000
00000000000000000002222222000222222222222222222222222222222222222222222222222222222222222022222222222222222222220000000000000000000000000000000000000000000000000000000000000000000000000000000000000000
00000000000000000000022000222002222222222222222222222222222222222222222222222222222222220000222222222222222222200000000000000000000000000000000000000000000000000000000000000000000000000000000000000000
00000000000000000000222020000000222222222222222222222222222222222222222222222222222000220000222222222222222222220000000000000000000000000000000000000000000000000000000000000000000000000000000000000000
00000000000000000000020020000000222222222200000000022022222222222222222222000222000000000000200222222222202222220000000000000000000000000000000000000000000000000000000000000000000000000000000000000000
00000000000000000000000000000000000000000000000000000000000000000000000000000000000000000000000000000000000000000000000000000000000000000000000000000000000000000000000000000000000000000000000000000000
00000000000000000000000000000000000000000000000000000000000000000000000000000000000000000000000000000000000000000000000000000000000000000000000000000000000000000000000000000000000000000000000000000000
00000000000000000000000000000000000000000000000000000000000000000000000000000000000000000000000000000000000000000000000000000000000000000000000000000000000000000000000000000000000000000000000000000000
00000000000000000000000000000000000000000000000000000000000000000000000000000000000000000000000000000000000000000000000000000000000000000000000000000000000000000000000000000000000000000000000000000000
00000000000000000000000000000000000000000000000000000000000000000000000000000000000000000000000000000000000000000000000000000000000000000000000000000000000000000000000000000000000000000000000000000000
00000000000000000000000000000000000000000000000000000000000000000000000000000000000000000000000000000000000000000000000000000000000000000000000000000000000000000000000000000000000000000000000000000000
00000000000000000000000000000000000000000000000000000000000000000000000000000000000000000000000000000000000000000000000000000000000000000000000000000000000000000000000000000000000000000000000000000000
00000000000000000000000000000000000000000000000000000000000000000000000000000000000000000000000000000000000000000000000000000000000000000000000000000000000000000000000000000000000000000000000000000000
00000000000000000000000000000000000000000000000000000000000000000000000000000000000000000000000000000000000000000000000000000000000000000000000000000000000000000000000000000000000000000000000000000000
00000000000000000000000000000000000000000000000000000000000000000000000000000000000000000000000000000000000000000000000000000000000000000000000000000000000000000000000000000000000000000000000000000000
00000000000000000000000000000000000000000000000000000000000000000000000000000000000000000000000000000000000000000000000000000000000000000000000000000000000000000000000000000000000000000000000000000000
00000000000000000000000000000000000000000000000000000000000000000000000000000000000000000000000000000000000000000000000000000000000000000000000000000000000000000000000000000000000000000000000000000000
00000000000000000000000000000000000000000000000000000000000000000000000000000000000000000000000000000000000000000000000000000000000000000000000000000000000000000000000000000000000000000000000000000000
00000000000000000000000000000000000000000000000000000000000000000000000000000000000000000000000000000000000000000000000000000000000000000000000000000000000000000000000000000000000000000000000000000000