00000000000000000000000000000000000000000000000000000000000000000000000000000000000000000000000000000000000000000000000000000000000000000000000000000000000000000000222222111111111111111111111111111100
00000000000000000000000000000000000000000000000000000000000000000000000000000000000000000000000000000000000000000000000000000000000000000000000000000000000000000022222222111111111111111111111111100010
00000000000000000000000000000000000000000000000000000000000000000000000000000000000000000000000000000000000000000000000000000000000000000000000000000000000000022222222222111111111111111111111101110000
00000000000000000000000000000000000000000000000000000000000000000000000000000000000000000000000000000000000000000000000000000000000000000000000000000000000000022222222222111111111111111111111101110000
00000000000000000000000000000000000000000000000000000000000000000000000000000000000000000000000000000000000000000000000000000000000000000000000000000000000002222222222201111111111111111111111111110000
00000000000000000000000000000000000000000000000000000000000000000000000000000000000000000000000000000000000000000000000000000000000000000000000000000000002222222222222111111111111111111111111111111100
00000000000000000000000000000000000000000000000000000000000000000000000000000000000000000000000000000000000000000000000000000000000000000000000000000001112222222222222111111111111111111111111111110000
00000000000000000000000000000000000000000000000000000000000000000000000000000000000000000000000000000000000000000000000000000000000000000000000000000001111222222222201111111111111111111111111111110000
00000000000000000000000000000000000000000000000000000000000000000000000000000000000000000000000000000000000000000000000000000000000000000000000000011111111112222111111111111111111111111111111100000000
00000000000000000000000000000000000000000000000000000000000000000000000000000000000000000000000000000000000000000000000000000000000000000000000011111111111111111111111111111111111111111111111110010000
00000000000000000000000000000000000000000000000000000000000000000000000000000000000000000000000000000000000000000000000000000000000000000000000011111111111111111111111111111111111111111111111110010000
00000000000000000000000000000000000000000000000000000000000000000000000000000000000000000000000000000000000000000000000000000000000000000001111111111111111111111111111111111111111111111111111100000000
00000000000000000000000000000000000000000000000000000000000000000000000000000000000000000000000000000000000000000000000000000000000000000111111111111111111111111111111111111111111111111111110000001110
00000000000000000000000000000000000000000000000000000000000000000000000000000000000000000000000000000000000000000000000000000000000000000111111111111111111111111111111111111111111111111111110000001110
00000000000000000000000000000000000000000000000000000000000000000000000000000000000000000000000000000000000000000000000000000000000000111111111111111111111111111111111111111111111111111111111100010000
00000000000000000000000000000000000000000000000000000000000000000000000000000000000000000000000000000000000000000000000000000000000100011111111111111111111111111111111111111111111111111111111100000000
00000000000000000000000000000000000000000000000000000000000000000000000000000000000000000000000000000000000000000000000000000000000100011111111111111111111111111111111111111111111111111111111100000000
00000000000000000000000000000000000000000000000000000000000000000000000000000000000000000000000000000000000000000000000000000000111111111111111111111111111111111111111111111111111111111111110010000000
00000000000000000000000000000000000000000000000000000000000000000000000000000000000000000000000000000000000000000000000000000011111111111111111111111111111111111111111111011111111111111111110010000000
00000000000000000000000000000000000000000000000000000000000000000000000000000000000000000000000000000000000000000000000000001111111111111111111111111111111111111111111110111111111111111110010000000000
00000000000000000000000000000000000000000000000000000000000000000000000000000000000000000000000000000000000000000000000000001111111111111111111111111111111111111111111110111111111111111110010000000000
00000000000000000000000000000000000000000000000000000000000000000000000000000000000000000000000000000000000000000000000001001111111111111111111111111111111111111111111110100111111000010000000010000010
00000000000000000000000000000000000000000000000000000000000000000000000000000000000000000000000000000000000000000000000111001111111100111111111111111111111111111111111111111111111100000011100000001100
00000000000000000000000000000000000000000000000000000000000000000000000000000000000000000000000000000000000000000000000111001111111100111111111111111111111111111111111111111111111100000011100000001100
00000000000000000000000000000000000000000000000000000000000000000000000000000000000000000000000000000000000000000000001001110111011111111011111111111111111111111111111110111011011111010000000000000001
00000000000000000000000000000000000000000000000000000000000000000000000000000000000000000000000000000000000000000000111111111111111000000101111111111111111111111111001110000100100100000000000000000011
00000000000000000000000000000000000000000000000000000000000000000000000000000000000000000000000000000000000000000000111111111111111000000101111111111111111111111111001110000100100100000000000000000011
00000000000000000000000000000000000000000000000000000000000000000000000000000000000000000000000000000000000000000001111111001111111100100111111111111111111001001111111001011011111000000000000000000011
00000000000000000000000000000000000000000000000000000000000000000000000000000000000000000000000000000000000000000001111001111111111011111111111111111111111111110111111001111111100100000000000000000000
00000000000000000000000000000000000000000000000000000000000000000000000000000000000000000000000000000000000000000001111001111111111011111111111111111111111111110111111001111111100100000000000000000000
00000000000000000000000000000000000000000000000000000000000000000000000000000000000000000000000000000000000000000111111111111111111111000010001111110011111110000000001111111011000000001100000000001101
00000000000000000000000000000000000000000000000000000000000000000000000000000000000000000000000000000000000000001111111111111111111011000000001111111111111110000000001111100000000000000010000000011111
00000000000000000000000000000000000000000000000000000000000000000000000000000000000000000000000000000000000000001111111111111111111011000000001111111111111110000000001111100000000000000010000000011111
00000000000000000000000000000000000000000000000000000000000000000000000000000000000000000000000000000000000000111111111111111111111111000010011111111111111110000000000001100000000000010000000010011111
00000000000000000000000000000000000000000000000000000000000000000000000000000000000000000000000000000000000001111111111111111111111100100000010001110011111110001000000000000000000000000001111111111111
00000000000000000000000000000000000000000000000000000000000000000000000000000000000000000000000000000000000011111111111111111111111100011000000000001101101110111000000000000000000000101110011111111111
00000000000000000000000000000000000000000000000000000000000000000000000000000000000000000000000000000000000011111111111111111111111100011000000000001101101110111000000000000000000000101110011111111111
00000000000000000000000000000000000000000000000000000000000000000000000000000000000000000000000000000000001111111111111111111111111100000000000000000010010110000000000000000000000000000001110011111111
00000000000000000000000000000000000000000000000000000000000000000000000000000000000000000000000000000002220021111111111111111111100100000000000000000000001000000000000000000011000100000000011101111111
00000000000000000000000000000000000000000000000000000000000000000000000000000000000000000000000000000002220021111111111111111111100100000000000000000000001000000000000000000011000100000000011101111111
00000000000000000000000000000000000000000000000000000000000000000000000000000000000000000000000000000022222221111111111111111111111111000000000000000000010000000000000000000000100000010001101110011111
00000000000000000000000000000000000000000000000000000000000000000000000000000000000000000000000000002222222221111111111111111111100011100000000000000000000000000000000000000000000000000010011110011100
00000000000000000000000000000000000000000000000000000000000000000000000000000000000000000000000000002222222221111111111111111111100011100000000000000000000000000000000000000000000000000010011110011100
00000000000000000000000000000000000000000000000000000000000000000000000000000000000000000000000000002222222221111111111111111111100000000000000000000000000000000000000000000000000000000001100000001100
00000000000000000000000000000000000000000000000000000000000000000000000000000000000000000000111000022222222221111111111111111111111111000000000000000000000000000000000000000000000000000000000011100011
00000000000000000000000000000000000000000000000000000000000000000000000000000000000000000000111022222222222221111111111111111111111111000000000000000000000000000000000000000000000000000000000011100011
00000000000000000000000000000000000000000000000000000000000000000000000000000000000000000011111022222222222221111111111111111111111111111110000000000000000000000000000000000000000011001100000000000000
00000000000000000000000000000000000000000000000000000000000000000000000000000000000000111111111122222222222211111111111111111111111111111111111111100000000000000000000000000000000000000000000000000000
00000000000000000000000000000000000000000000000000000000000000000000000000000000000000111111111100222222220011111111111111111111111111111111111111100000000000000000000000000000000000000000000000000000
00000000000000000000000000000000000000000000000000000000000000000000000000000000000111111111111110222222221111111111111111111111111111111111111111110000000000000000000000000000000000000000000000000000
00000000000000000000000000000000000000000000000000000000000000000000000000000000111111111111111111111111111111111111111111111111111111111111111111110000000000000000000000000000000000000000000000000000
00000000000000000000000000000000000000000000000000000000000000000000000000002001111111111111111111111111111111111111111111111111111111111111111111110000000000000000000000000000000000000000000000000000
00000000000000000000000000000000000000000000000000000000000000000000000000002001111111111111111111111111111111111111111111111111111111111111111111110000000000000000000000000000000000000000000000000000
00000000000000000000000000000000000000000000000000000000000000000000000122222222011111111111111111111111111111111111111111111111111111111111111111110000000000000000000000000000000000000000000000000000
00000000000000000000000000000000000000000000000000000000000000000000002222222222111111111111111111111111111111111111111111111111111111111111111111110000000000000000000000000000000000000000000000000000
00000000000000000000000000000000000000000000000000000000000000000000002222222222111111111111111111111111111111111111111111111111111111111111111111110000000000000000000000000000000000000000000000000000
00000000000000000000000000000000000000000000000000000000000000000000022222222221111111111111111111111111111111111111111111111111111111111111111111110000000000000000000000000000000000000000000000000000
00000000000000000000000000000000000000000000000000000000000000011111022221111111111111111111111111111111111111111111111111111111111111111111111111100000000000000000000000000000000000000000000000000000
00000000000000000000000000000000000000000000000000000000000000011111000001111111111111111111111111111111111111111111111111111111111111111111111111100000000000000000000000000000000000000000000000000000
00000000000000000000000000000000000000000000000000000000000011111111111111111111111111111111111111111111111111111111111111111111111111111111111111100000000000000000000000000000000000000000000000000000
11111111100000000000000000000000000000000000000000000000001111111111111111111111111111111111111111111111111111111111111111111111111111111111111111100000000000000000000000000000000000000000000000000000
11111111100000000000000000000000000000000000000000000000001111111111111111111111111111111111111111111111111111111111111111111111111111111111111111100000000000000000000000000000000000000000000000000000
11111111110000000000000000000000000000000000000000000000011111111111111111111111111111111111111111111111111111111111111111111111111111111111111110000000000000000000000000000000011000100001100000000000
11111111111100000000000000000000000000000000000000001111111111111111111111111111111111111111111111111111111111111111111111111111111111111111111110000000000000000000000000000000011111011110000000000000
11111111111100000000000000000000000000000000000002001111111111111111111111111111111111111111111111111111111111111111111111111111111111111111111110000000000000000000000000000000011111011110000000000000
11111111111110000000000000000000000000000000000002011111111111111111111111111111111111111111111111111111111111111111111111111111111111111111111100000000000000000000000000000000100100111110010000010000
11111111111111100000000000000000000000000222222222011111111111111111111111111111111111111111111111111111111111111111111111111111111111111111111100000000000000000000000000000000000011001111111100011100
11111111111111110000000000000002222222222222222222111111111111111111111111111111111111111111111111111111111111111111111111111111111111111111110000000000000000000000000000000000000011010011101111110010
11111111111111110000000000000002222222222222222222111111111111111111111111111111111111111111111111111111111111111111111111111111111111111111110000000000000000000000000000000000000011010011101111110010
11111111111111110000000000000022222222222222222221111111111111111111111111111111111111111111111111111111111111111111111111111111111111111111110000000000000000000000000000000011000111011111111111111110
11111111111111110000000000000002222222222222222011111111111111111111111111111111111111111111111111111111111111111111111111111111111111111111100000000000000000000000000000000011000100011111111111111111
11111111111111110000000000000000022222222222222011111111111111111111111111111111111111111111111111111111111111111111111111111111111111111111100000000000000000000000000000000011000100011111111111111111
11100101111111111100000000000000022222222222222111111111111111111111111111111111111111111111111111111111111111111111111111111111111111111110000000000000000000000000000000000011111111101111111111111111
22222222001111111111100000000000002222221112111111111111111111111111111111111111111111111111111111111111111111111111111111111111111111111100000000000000000000000000000000000000011111001111111111111111
22222222222111111111100000000000022220111111111111111111111111111111111111111111111111111111111111111111111111111111111111111111111111111100000000000000000000000000000000000000011111001111111111111111
22222222222111111111110000000000122221111111111111111111111111111111111111111111111111111111111111111111111111111111111111111111111111111000000000000000000000000000000000000000000000111111111111111111
22222222221111111111110111000001111111111111111111111111111111111111111111111111111111111111111111111111111111111111111111111111111111100000000000000000000000000000000000000000011011111111111111111111
02222222221111111111110111000001111111111111111111111111111111111111111111111111111111111111111111111111111111111111111111111111111111100000000000000000000000000000000000000000011011111111111111111111
02222222221111111111111111111111111111111111111111111111111111111111111111111111111111111111111111111111111111111111111111111111111111000000000000000000000000000000000000000000000000011111111111111111
11221222221111111111111110001111111111111111111111111111111111111111111111111111111111111111111111111111111111111111111111111111111100000000000000000000000000000000000000000000000100100011111111111111
11111111111111111111111110111111111111111111111111111111111111111111111111111111111111111111111111111111111111111111111111111111000000000000000000000000000000000000000000000000000000101111111111111111
11111111111111111111111110111111111111111111111111111111111111111111111111111111111111111111111111111111111111111111111111111111000000000000000000000000000000000000000000000000000000101111111111111111
11111111111111111111111001111111111111111111111111111111111111111111111111111111111111111111111111111111111111111111111111110100000000000000000000000000000000000000000000000000111100101111111111110010
11111111111111111111111111111111111111111111111111111111111111111111111111111111111111111100000111111111111111111111111110110000000000000000000000000000000000000000000000000000100100111111111111110000
11111111111111111111111111111111111111111111111111111111111111111111111111111111111111111100000111111111111111111111111110110000000000000000000000000000000000000000000000000000100100111111111111110000
11111111111111111111111001111111111111111111111111111111111111111111111111111111111111111100000011111111111111111111111000000000000000000000000000000000000000000000000000000111011111111110011111110010
11111111111111111111111111111111111111111111111111111111111111111111111111111111111111111111000000000011111111111110000000000000000000000000000000000000000000000000000000000011111111111111111100010000
11111111111111111111111111111111111111111111111111111111111111111111111111111111111111111111000000000011111111111110000000000000000000000000000000000000000000000000000000000011111111111111111100010000
11111111111111111111111111111111111111111111111111111111111111111111111111111111111111111111000000000000000000000000000000000000000000000000000000000000000000000000000000000000100111111111111101100000
00111111111111111111111111111111111111111111111111111111111111111111111111111111111111111100000000000000000000000000000000000000000000000000000000000000000000000000000000000000000111111110011101110000
00111111111111111111111111111111111111111111111111111111111111111111111111111111111111111100000000000000000000000000000000000000000000000000000000000000000000000000000000000000000111111110011101110000
11111111100011110011111111111111111111111111111111111111111111111111111111111111111100111100000000000000000000000000000000000000000000000000000000000000000000000000000000111011100111111110011110010000
00111111100011111100000111111111111111111111111111111111111111111111111111111111111111000000000000000000000000000000000000000000000000000000000000000000000000000000000001000100011111111111101101110000
00111111100011111100000111111111111111111111111111111111111111111111111111111111111111000000000000000000000000000000000000000000000000000000000000000000000000000000000001000100011111111111101101110000
00100001110000000000000000111111111111111111111111111111111111111111111111111111111100000000000000000000000000000000000000000000000000000000000000000000000000000000000000100111111111111111111111100000
00000000000000000000000000000111111111111111111111111111111111111111111111111111111100000000000000000000000000000000000000000000000000000000000000000000000000000000001110011111111111111111111110001100
00000000000000000000000000000001111111111111111111111111111111111111111111111111111111000000000000000000000000000000000000000000000000000000000000000000000000000000001000111111111111111111111111100000
00000000000000000000000000000001111111111111111111111111111111111111111111111111111111000000000000000000000000000000000000000000000000000000000000000000000000000000001000111111111111111111111111100000
00000000000000000000000000000001111111111111111111111111111111111111111111111111111111000000000000000000000000000000000000000000000000000000000000000000000000000001110110011100111111111111111111100000
00000000000000000000000000000000001111111111111111111111111111111111111111111111111100000000000000000000000000000000000000000000000000000000000000000000000000000000000001111000111111111111111101100000
00000000000000000000000000000000001111111111111111111111111111111111111111111111111100000000000000000000000000000000000000000000000000000000000000000000000000000000000001111000111111111111111101100000
00000000000000000000000000000000000000000011111111111111111111111111111111111111111000000000000000000000000000000000000000000000000000000000000000000000000000000000111001111100100111111111100011100010
00000000000000000000000000000000000000000000011111111111111111111111111111111111111000000000000000000000000000000000000000000000000000000000000000000000000000000111001110100111111111111111110000000010
00000000000000000000000000000000000000000000011111111111111111111111111111111111111000000000000000000000000000000000000000000000000000000000000000000000000000000111001110100111111111111111110000000010
00000000000000000000000000000000000000000000000000111111111111111111111111111000100000000000000000000000000000000000000000000000000000000000000000000000000000000110000111011100111111010011100001100000
00000000000000000000000000000000000000000000000000000011111111111111111111111110000000000000000000000000000000000000000000000000000000000000000000000000000000001000111001111111111011110011111100000000
00000000000000000000000000000000000000000000000000000011111111111111111111111110000000000000000000000000000000000000000000000000000000000000000000000000000000001000111001111111111011110011111100000000
00000000000000000000000000000000000000000000000000000000001111111111111111110000000000000000000000000000000000000000000000000000000000000000000000000001100000001111001111111111000011101100010000000000
00000000000000000000000000000000000000000000000000000000000000000111111111000000000000000000000000000000000000000000000000000000000000000000000000001100010111111001111111111111011011111111100000000000
00000000000000000000000000000000000000000000000000000000000000000111111111000000000000000000000000000000000000000000000000000000000000000000000000001100010111111001111111111111011011111111100000000000
00000000000000000000000000000000000000000000000000000000000000000000000000000000000000000000000000000000000000000000000000000000000000000000000000000011101001001111111111111111000011000010000000000000
00000000000000000000000000000000000000000000000000000000000000000000000000000000000000000000000000000000000000000000000000000000000000000000000000000001110111001111111111111111011000000000000000000000
00000000000000000000000000000000000000000000000000000000000000000000000000000000000000000000000000000000000000000000000000000000000000000000000000000000011110001111111111111100111000000000000000000000
00000000000000000000000000000000000000000000000000000000000000000000000000000000000000000000000000000000000000000000000000000000000000000000000000000000011110001111111111111100111000000000000000000000
00000000000000000000000000000000000000000000000000000000000000000000000000000000000000000000000000000000000000000000000000000000000000000000000000000010000001000111111111111100000000010000000000000000
00000000000000000000000000000000000000000000000000000000000000000000000000000000000000000000000000000000000000000000000000000000000000000000000000000001101000111001111111111100000000000000000000000000
00000000000000000000000000000000000000000000000000000000000000000000000000000000000000000000000000000000000000000000000000000000000000000000000000000001101000111001111111111100000000000000000000000000
00000000000000000000000000000000000000000000000000000000000000000000000000000000000000000000000000000000000000000000000000000000000000000000000000000000010110110000111111111100000000000000000000000000
00000000000000000000000000000000000000000000000000000000000000000000000000000000000000000000000000000000000000000000000000000000000000000000000000000000001001111111111111111000000000000000000000000000
00000000000000000000000000000000000000000000000000000000000000000000000000000000000000000000000000000000000000000000000000000000000000000000000000000000001001111111111111111000000000000000000000000000
00000000000000000000000000000000000000000000000000000000000000000000000000000000000000000000000000010000000000000000000000000000000000000000000000000010000000110111001111111000000000000000000000000000
00000000000000000000000000000000000000000000000000000000000000000000000000000000000000000000000000000000000000000000000000000000000000000000000000000000000001001110000001011100000000000000000000000000
00000000000000000000000000000000000000000000000000000000000000000000000000000000000000000000000000000000000000000000000000000000000000000000000000000000000001001110000001011100000000000000000000000000
00000000000000000000000000000000000000000000000000000000000000000000000000000000000000000000000000000000000000000000000000000000000000000000000000000000000000111111000000100100000000000000000000000000
00000000000000000000000000000000000000000000000000000000000000000000000000000000000000000000000000000000000000000000000000000000000000000000000000000000000110000111000001011000000000000000000000000000
00000000000000000000000000000000000000000000000000000000000000000000000000000000000000000000000001100000000000001000000000000000000000000000000000000000000000001110110000000000100000000000000000000000
00000000000000000000000000000000000000000000000000000000000000000000000000000000000000000000000001100000000000001000000000000000000000000000000000000000000000001110110000000000100000000000000000000000
00000000000000000000000000000000000000000000000000000000000000000000000000000000000000000000000000000000000000000000000000000000000000000000000000000000000110000000110110000000000000000000000000000000
00000000000000000000000000000000000000000000000000000000000000000000000000000000000000000000000000000010000000000000000000000000000000000000000000000000000000110001001001000000000000000000000000000000
00000000000000000000000000000000000000000000000000000000000000000000000000000000000000000000000000000010000000000000000000000000000000000000000000000000000000110001001001000000000000000000000000000000
00000000000000000000000000000000000000000000000000000000000000000000000000000000000000000000000010000010000000000000000000000000000000000000000000000000000000000000000000000100000100000000000000000000
00000000000000000000000000000000000000000000000000000000000000000000000000000000000000000000000001110000000000000000000000000000000000000000000000000000000000001000000000000100111000000000000000000000
00000000000000000000000000000000000000000000000000000000000000000000000000000000000000000000000001110000000000000000000000000000000000000000000000000000000000001000000000000100111000000000000000000000
00000000000000000000000000000000000000000000000000000000000000000000000000000000000000000000000001100000000000000000000000000000000000000000000000000000000000000000000000111000111000100000000000000000
00000000000000000000000000000000000000000000000000000000000000000000000000000000000000000000011001101100000000000000000000000000000000000000000000000000000000000000000000000000000111000000000000000000
00000000000000000000000000000000000000000000000000000000000000000000000000000000000000000000011001101100000000000000000000000000000000000000000000000000000000000000000000000000000111000000000000000000
00000000000000000000000000000000000000000000000000000000000000000000000000000000000000100000000111100000000000001000000000000000000000000000000000000000000000000000000000000000011111010000000000000000
00000000000000000000000000000000000000000000000000000000000000000000000000000000000000000000100010001100000000000000000000000000000000000000000000000000000000000000000000000000000000000000000000000000
00000000000000000000000000000000000000000000000000000000000000000000000000000000000000000000100010001100000000000000000000000000000000000000000000000000000000000000000000000000000000000000000000000000
00000000000000000000000000000000000000000000000000000000000000000000000000000000000000000100000001110000000000000110000000000000000000000000000000000000000000000000000000000000111011000000000000000000
00000000000000000000000000000000000000000000000000000000000000000000000000000000100111011100000001111111100000000000000000000000000000000001111100000000000000000000000000111000111111000000000000000000
00000100000000000000000000000000000000000000000000000000000000000000000000000110111011011111111111111100010001001000000000000000000000100001111101100010000000000000000000000000111111000000000000000000
00000100000000000000000000000000000000000000000000000000000000000000000000000110111011011111111111111100010001001000000000000000000000100001111101100010000000000000000000000000111111000000000000000000
11011010000000000000000000000000000000000000000000000000000000000000000000000110111100111111011111111111110010000000000000000000000000011010010010010010000000000000000000000111111111000000000000000000
00100110000000000000000000000000000000000000000000000000000000000000000000000111111100111111011111111111110011110000000000000000000000011011100001100010000110000000000000111111111111111101100000000000
00100110000000000000000000000000000000000000000000000000000000000000000000000111111100111111011111111111110011110000000000000000000000011011100001100010000110000000000000111111111111111101100000000000
11111000000000000000000000000000000000000000000000000000000000000000000001000111111111111111011111111110010001000000000000000000000111111111110011111100000001000000000001111011111111100000000000000000
11111010011111110000000000000000000000000000000000000000000000000000000000000111111111111111111111111101110001001111000000000000011111111111111101100001101000000000000110011011111011000000000000000010
11111010011111110000000000000000000000000000000000000000000000000000000000000111111111111111111111111101110001001111000000000000011111111111111101100001101000000000000110011011111011000000000000000010
11100000000010000000000000000000000000000000000000000000000000000000000110000111111111111111111111111111111100110000000000000000100100111111110010010010001110000110000000111111100000000001110000001100
00111010000000000000000000000000000000000000000000000000000000000000001000001111111111111111111111111111110010110111000000000000000111011111110000011101110000000110000001000000100011001111110000000000
00111010000000000000000000000000000000000000000000000000000000000000001000001111111111111111111111111111110010110111000000000000000111011111110000011101110000000110000001000000100011001111110000000000
11011010001100000000000000000000000000000000000000000000000000000000000001110000111111111111111111111111101111111110110000000000000011111111111110011110010001110001000110000000100100000000011100000011
11100010010011110000000000000000000000000000000000000000000000000000000001110001111111111111111111111111101111000110110000000000000000111111111110011110000001000110000000000000000000000001111111101101
11100010010011110000000000000000000000000000000000000000000000000000000001110001111111111111111111111111101111000110110000000000000000111111111110011110000001000110000000000000000000000001111111101101
11111001101100000001100000000000000000000000000000000000000000000000000001110001111111111111111111111111111101111111111000000000000011111111111110011111111110110000000000000000000011000011111111101111
11000011110000000000000000000000000000000000000000000000000000000000000000000001111111111111111111111111111111110001111000000000000100111111111110011110011001000000000000000000000000010010011111110000
11111111111100000000000000000000000000000000000000000000000000000000000000001001100111111111111111111111101110111000001000000000011100011111111111111111111111001111000000000000011000111111111111111111
11111111111100000000000000000000000000000000000000000000000000000000000000001001100111111111111111111111101110111000001000000000011100011111111111111111111111001111000000000000011000111111111111111111
11100011111111100000000000000000000000000000000000000000000000000000000000000111011111111111111111111111111110110000000000000000000011011111111111111111111111111000000000000000000100101111111111111111
11111110010011101100010000000000000000000000000000000000000000000000000000111001111011111111111111111110001100001000000000000000000000111111111111111111111111111111000000000000000000001111111111111111
11111110010011101100010000000000000000000000000000000000000000000000000000111001111011111111111111111110001100001000000000000000000000111111111111111111111111111111000000000000000000001111111111111111
00011100000010001100000000000000000000000000000000000000000000000000001110000001000100111111111110011110011100000000000000000000000000011111111111111111111111111110000110000000000111001111111111111111
00111110010010000000000000000000000000000000000000000000000000000001001000000111000011111111111111111100010000000000000000000000000000100111111111111111111111110110001000000000000000111111111111111111
00111110010010000000000000000000000000000000000000000000000000000001001000000111000011111111111111111100010000000000000000000000000000100111111111111111111111110110001000000000000000111111111111111111
11111001110000000000000000000000000000000000000000000000000000000000000000111110000111111111111101111100011100000000000000000000000000011000011111111111111110111111110000000000000000011111111111111111
00111000000000000000000000000000000000000000000000000000000000001111000000001110111111111111111110000001100000000000000000000000000000000000001111111111111110000111110000000000100011001111111111111110
00111000000000000000000000000000000000000000000000000000000000001111000000001110111111111111111110000001100000000000000000000000000000000000001111111111111110000111110000000000100011001111111111111110
00100000011100000000000000000000000000000000000000000000000000000000001001000111111111111111111110000000000000000000000000000000000000000000001111110011111001000110000000000000000000011101111111111110
00111000010000000000000000000000000000000000000000000000000000000000000111111111111111111111111101100000000000000000000000000000000000000000000000010001111001000000000000000000000000000011111111111101
00000010000000000000000000000000000000000000000000000000000000000001110001111111111111111111100000000000000000000000000000000000000000000000000000010000010000000000000000000000000000000000011111111101
00000010000000000000000000000000000000000000000000000000000000000001110001111111111111111111100000000000000000000000000000000000000000000000000000010000010000000000000000000000000000000000011111111101
00000000000000000000000000000000000000000000000000000000000000000110001111111111111111111111111100000000000000000000000000000000000000000000000000000010000000000000000000000000000000000000011111111100
00000000000000000000000000000000000000000000100000000000000000011000111111111111111111111100111010000000000000000000000000000000000000000000000000001100000000001001000000000000000000000000011111110001
00000000000000000000000000000000000000000000100000000000000000011000111111111111111111111100111010000000000000000000000000000000000000000000000000001100000000001001000000000000000000000000011111110001
00000000000000000000000000000000000000000000000000000000000010001000111111111111111111111111111100000000000000000000000000000000000000000000000000000000000000000000000000000000000000000000001111110010
00000000000000000000000000000000000000000000100000000000010011100001111111111111111111111111100110000000000000000000000000000000000000000000000000000000000000000000000000000000000000000000001100000000
00000000000000000000000000000000000000000000100000000000010011100001111111111111111111111111100110000000000000000000000000000000000000000000000000000000000000000000000000000000000000000000001100000000
00000000000000000000000000000000000000000000000000000000010001110110111111111111111000111111100001101100000001000000000000000000000000000000000000000000000000000000000000000000000000101111100001100010
00000000000000000000000000000000000000000000000000111100001100001111111111111111111011111111000000000000000000000000000000000000000000000000000000000000000000000000000000000000000000011101111110001100
00000000000000000000000000000000000000000000000000111100001100001111111111111111111011111111000000000000000000000000000000000000000000000000000000000000000000000000000000000000000000011101111110001100
00000000000000000000000000000000000000000000000000100000000000001111111111111111111111111111111111110000000000000000000000000000000000000000000000000000000000000000000000000000000000001111111100000001
00000000000000000000000000000000000000000000000000000001100000000001111111111111111111111111111010000000000000000000000000000000000000000000000000000000000000000000000000000000000000001111100000000000
00000000000000000000000000000000000000000000000000000001100000000001111111111111111111111111111010000000000000000000000000000000000000000000000000000000000000000000000000000000000000001111100000000000
00000000000000000000000000000000000000000000000000000000000000000111111111111111111111111111111010000000000000000000000000000000000000000000000000000000000000000000000000000000000000001101100000000000
00000000000000000000000000000000000000000000000000000000010000011111111110111111111111111111111010000000000000000000000000000000000000000000000000000000000000000000000000000000000000001111100000000010
00000000000000000000000000000000000000000000000000000000000001111111111111111111111111111100111001100000000000000000000000000000000000000000000000000000000000000000000000000000000000000010000000000000
00000000000000000000000000000000000000000000000000000000000001111111111111111111111111111100111001100000000000000000000000000000000000000000000000000000000000000000000000000000000000000010000000000000
00000000000000000000000000000000000000000000000000000000000001110000001110000111111100100100100100000000000000000000000000000000000000000000000000000000000000000000000000000000000000000000000000000000
00000000000000000000000000000000000000000000000000000000000011101110111111110111111011000000111000000000000000000000000000000000000000000000000000000000000000000000000000000000000000000000000000000000
00000000000000000000000000000000000000000000000000000000000011101110111111110111111011000000111000000000000000000000000000000000000000000000000000000000000000000000000000000000000000000000000000000000
00000000000000000000000000000000000000000100000100000000010000011111111000000110111000000000100000000000000000000000000000000000000000000000000000000000000000000000000000000000000000000000000000000000
00000000000000000000000000000000000000000000000000000000000001100001111110000110000111011000000000000000000000000000000000000000000000000000000000000000000000000110000000000000000000000000000000000000
00000000000000000000000000000000000000000000000000000000000001100001111110000110000111011000000000000000000000000000000000000000000000000000000000000000000000000110000000000000000000000000000000000000
00000000000000000000000000000000000000000000000000000001100010011110111111111110000100000000000000000000000000000000000000000000000000000000000000000000000000000000000000000000000000000000000000000000
00000000000000000000000000000000000000000111000100110000011111110000111000110000000000000000000000000000000000000000000000000000000000000000000000000000000000000001001000000000000000000000000000000000
00000000000000000000000000000000000000000111000100110000011111110000111000110000000000000000000000000000000000000000000000000000000000000000000000000000000000000001001000000000000000000000000000000000
00000000000000000000000000000000000000000000111111101101101100000001111111000110000000000000000000000000000000000000000000000000000000000000000000000000000000000111000000000000000000000000000000000000
00000000000000000000000000111000000000000011011100101111101110001111111111001000000000000000000000000000000000000000000000000000000000000000000000000000000110110001110111000000000000000000000000000000
00000000000000000000000000111000000000000011011100101111101110001111111111001000000000000000000000000000000000000000000000000000000000000000000000000000000110110001110111000000000000000000000000000000