00000000000000000000000000000000000000000000000000000000000000000000000000000000000000000000000000000000000000000000000000000000000000000000000000000000000000000000000000000000000000000000000000000000
00000000000000000000000000000000000000000000000000000000000000000000000000000000000000000000000000000000000000000000000000000000000000000000000000000000000000000000000000000000000000000000000000000000
00000000000000000000000000000000000000000000000000000000000000000000000000000000000000000000000000000000000000000000000000000000000000000000000000000000000000000000000000000000000000000000000000000000
00000000000000000000000000000000000000000000000000000000000000000000000000000000000000000000000000000000000000000000000000000000000000000000000000000000000000000000000000000000000000000000000000000000
00000000000000000000000000000000000000000000000000000000000000000000000000000000000000000000000000000000000000000000000000000000000000000000000000000000000000000000000000000000000000000000000000000000
00000000000000000000000000000000000000000000000000000000000000000000000000000000000000000000000000000000000000000000000000000000000000000000000000000000000000000000000000000000000000000000000000000000
00000000000000000000000000000000000000000000000000000000000000000000000000000000000000000000000000000000000000000000000000000000000000000000000000000000000000000000000000000000000000000000000000000000
00000000000000000000000000000000000000000000000000000000000000000000000000000000000000000000000000000000000000000000000000000000000000000000000000000000000000000000000000000000000000000000000000000000
00000000000000000000000000000000000000000000000000000000000000000000000000000000000000000000000000000000000000000000000000000000000000000000000000000000000000000000000000000000000000000000000000000000
00000000000000000000000000000000000000000000000000000000000000000000000000000000000000000000000000000000000000000000000000000000000000000000000000000000000000000000000000000000000000000000000000000000
00000000000000000000000000000000000000000000000000000000000000000000000000000000000000000000000000000000000000000000000000000000000000000000000000000000000000000000000000000000000000000000000000000000
00000000000000000000000000000000000000000000000000000000000000000000000000000000000000000000000000000000000000000000000000000000000000000000000000000000000000000000000000000000000000000000000000000000
00000000000000000000000000000000000000000000000000000000000000000000000000000000000000000000000000000000000000000000000000000000000000000000000000000000000000000000000000000000000000000000000000000000
00000000000000000000000000000000000000000000000000000000000000000000000000000000000000000000000000000000000000000000000000000000000000000000000000000000000000000000000000000000000000000000000000000000
00000000000000000000000000000000000000000000000000000000000000000000000000000000000000000000000000000000000000000000000000000000000000000000000000000000000000000000000000000000000000000000000000000000
00000000000000000000000000000000000000000000000000000000000000000000000000000000000000000000000000000000000000000000000000000000000000000000000000000000000000000000000000000000000000000000000000000000
00000000000000000000000000000000000000000000000000000000000000000000000000000000000000000000000000000000000000000000000000000000000000000000000000000000000000000000000000000000000000000000000000000000
00000000000000000000000000000000000000000000000000000000000000000000000000000000000000000000000000000000000000000000000000000000000000000000000000000000000000000000000000000000000000000000000000000000
00000000000000000000000000000000000000000000000000000000000000000000000000000000000000000000000000000000000000000000000000000000000000000000000000000000000000000000000000000000000000000000000000000000
00000000000000000000000000000000000000000000000000000000000000000000000000000000000000000000000000000000000000000000000000000000000000000000000000000000000000000000000000000000000000000000000000000000
00000000000000000000000000000000000000000000000000000000000000000000000000000000000000000000000000000000000000000000000000000000000000000000000000000000000000000000000000000000000000000000000000000000
00000000000000000000000000000000000000000000000000000000000000000000000000000000000000000000000000000000000000000000000000000000000000000000000000000000000000000000000000000000000000000000000000000000
00000000000000000000000000000000000000000000000000000000000000000000000000000000000000000000000000000000000000000000000000000000000000000000000000000000000000000000000000000000000000000000000000000000
00000000000000000000000000000000000000000000000000000000000000000000000000000000000000000000000000000000000000000000000000000000000000000000000000000000000000000000000000000000000000000000000000000000
00000000000000000000000000000000000000000000000000000000000000000000000000000000000000000000000000000000000000000000000000000000000000000000000000000000000000000000000000000000000000000000000000000000
00000000000000000000000000000000000000000000000000000000000000000000000000000000000000000000000000000000000000000000000000000000000000000000000000000000000000000000000000000000000000000000000000000000
00000000000000000000000000000000000000000000000000000000000000000000000000000000000000000000000000000000000000000000000000000000000000000000000000000000000000000000000000000000000000000000000000000000
00000000000000000000000000000000000000000000000000000000000000000000000000000000000000000000000000000000000000000000000000000000000000000000000000000000000000000000000000000000000000000000000000000000
00000000000000000000000000000000000000000000000000000000000000000000000000000000000000000000000000000000000000000000000000000000000000000000000000000000000000000000000000000000000000000000000000000000
00000000000000000000000000000000000000000000000000000000000000000000000000000000000000000000000000000000000000000000000000000000000000000000000000000000000000000000000000000000000000000000000000000000
00000000000000000000000000000000000000000000000000000000000000000000000000000000000000000000000000000000000000000000000000000000000000000000000000000000000000000000000000000000000000000000000000000000
00000000000000000000000000000000000000000000000000000000000000000000000000000000000000000000000000000000000000000000000000000000000000000000000000000000000000000000000000000000000000000000000000000000
00000000000000000000000000000000000000000000000000000000000000000000000000000000000000000000000000000000000000000000000000000000000000000000000000000000000000000000000000000000000000000000000000000000
00000000000000000000000000000000000000000000000000000000000000000000000000000000000000000000000000000000000000000000000000000000000000000000000000000000000000000000000000000000000000000000000000000000
00000000000000000000000000000000000000000000000000000000000000000000000000000000000000000000000000000000000000000000000000000000000000000000000000000000000000000000000000000000000000000000000000000000
00000000000000000000000000000000000000000000000000000000000000000000000000000000000000000000000000000000000000000000000000000000000000000000000000000000000000000000000000000000000000000000000000000000
00000000000000000000000000000000000000000000000000000000000000000000000000000000000000000000000000000000000000000000000000000000000000000000000000000000000000000000000000000000000000000000000000000000
00000000000000000000000000000000000000000000000000000000000000000000000000000000000000000000000000000000000000000000000000000000000000000000000000000000000000000000000000000000000000000000000000000000
00000000000000000000000000000000000000000000000000000000000000000000000000000000000000000000000000000000000000000000000000000000000000000000000000000000000000000000000000000000000000000000000000000000
00000000000000000000000000000000000000000000000000000000000000000000000000000000000000000000000000000000000000000000000000000000000000000000000000000000000000000000000000000000000000000000000000000000
00000000000000000000000000000000000000000000000000000000000000000000000000000000000000000000000000000000000000000000000000000000000000000000000000000000000000000000000000000000000000000000000000000000
00000000000000000000000000000000000000000000000000000000000000000000000000000000000000000000000000000000000000000000000000000000000000000000000000000000000000000000000000000000000000000000000000000000
00000000000000000000000000000000000000000000000000000000000000000000000000000000000000000000000000000000000000000000000000000000000000000000000000000000000000000000000000000000000000000000000000000000
00000000000000000000000000000000000000000000000000000000000000000000000000000000000000000000000000000000000000000000000000000000000000000000000000000000000000000000000000000000000000000000000000000000
00000000000000000000000000000000000000000000000000000000000000000000000000000000000000000000000000000000000000000000000000000000000000000000000000000000000000000000000000000000000000000000000000000000
00000000000000000000000000000000000000000000000000000000000000000000000000000000000000000000000000000000000000000000000000000000000000000000000000000000000000000000000000000000000000000000000000000000
00000000000000000000000000000000000000000000000000000000000000000000000000000000000000000000000000000000000000000000000000000000000000000000000000000000000000000000000000000000000000000000000000000000
00000000000000000000000000000000000000000000000000000000000000000000000000000000000000000000000000000000000000000000000000000000000000000000000000000000000000000000000000000000000000000000000000000000
00000000000000000000000000000000000000000000000000000000000000000000000000000000000000000000000000000000000000000000000000000000000000000000000000000000000000000000000000000000000000000000000000000000
00000000000000000000000000000000000000000000000000000000000000000000000000000000000000000000000000000000000000000000000000000000000000000000000000000000000000000000000000000000000000000000000000000000
00000000000000000000000000000000000000000000000000000000000000000000000000000000000000000000000000000000000000000000000000000000000000000000000000000000000000000000000000000000000000000000000000000000
00000000000000000000000000000000000000000000000000000000000000000000000000000000000000000000000000000000000000000000000000000000000000000000000000000000000000000000000000000000000000000000000000000000
00000000000000000000000000000000000000000000000000000000000000000000000000000000000000000000000000000000000000000000000000000000000000000000000000000000000000000000000000000000000000000000000000000000
00000000000000000000000000000000000000000000000000000000000000000000000000000000000000000000000000000000000000000000000000000000000000000000000000000000000000000000000000000000000000000000000000000000
00000000000000000000000000000000000000000000000000000000000000000000000000000000000000000000000000000000000000000000000000000000000000000000000000000000000000000000000000000000000000000000000000000000
00000000000000000000000000000000000000000000000000000000000000000000000000000000000000000000000000000000000000000000000000000000000000000000000000000000000000000000000000000000000000000000000000000000
00000000000000000000000000000000000000000000000000000000000000000000000000000000000000000000000000000000000000000000000000000000000000000000000000000000000000000000000000000000000000000000000000000000
00000000000000000000000000000000000000000000000000000000000000000000000000000000000000000000000000000000000000000000000000000000000000000000000000000000000000000000000000000000000000000000000000000000
00000000000000000000000000000000000000000000000000000000000000000000000000000000000000000000000000000000000000000000000000000000000000000000000000000000000000000000000000000000000000000000000000000000
00000000000000000000000000000000000000000000000000000000000000000000000000000000000000000000000000000000000000000000000000000000000000000000000000000000000000000000000000000000000000000000000000000000
00000000000000000000000000000000000000000000000000000000000000000000000000000000000000000000000000000000000000000000000000000000000000000000000000000000000000000000000000000000000000000000000000000000
00000000000000000000000000000000000000000000000000000000000000000000000000000000000000000000000000000000000000000000000000000000000000000000000000000000000000000000000000000000000000000000000000000000
00000000000000000000000000000000000000000000000000000000000000000000000000000000000000000000000000000000000000000000000000000000000000000000000000000000000000000000000000000000000000000000000000000000
00000000000000000000000000000000000000000000000000000000000000000000000000000000000000000000000000000000000000000000000000000000000000000000000000000000000000000000000000000000000000000000000000000000
00000000000000000000000000000000000000000000000000000000000000000000000000000000000000000000000000000000000000000000000000000000000000000000000000000000000000000000000000000000000000000000000000000000
00000000000000000000000000000000000000000000000000000000000000000000000000000000000000000000000000000000000000000000000000000000000000000000000000000000000000000000000000000000000000000000000000000000
00000000000000000000000000000000000000000000000000000000000000000000000000000000000000000000000000000000000000000000000000000000000000000000000000000000000000000000000000000000000000000000000000000000
00000000000000000000000000000000000000000000000000000000000000000000000000000000000000000000000000000000000000000000000000000000000000000000000000000000000000000000000000000000000000000000000000000000
00000000000000000000000000000000000000000000000000000000000000000000000000000000000000000000000000000000000000000000000000000000000000000000000000000000000000000000000000000000000000000000000000000000
00000000000000000000000000000000000000000000000000000000000000000000000000000000000000000000000000000000000000000000000000000000000000000000000000000000000000000000000000000000000000000000000000000000
00000000000000000000000000000000000000000000000000000000000000000000000000000000000000000000000000000000000000000000000000000000000000000000000000000000000000000000000000000000000000000000000000000000
00000000000000000000000000000000000000000000000000000000000000000000000000000000000000000000000000000000000000000000000000000000000000000000000000000000000000000000000000000000000000000000000000000000
00000000000000000000000000000000000000000000000000000000000000000000000000000000000000000000000000000000000000000000000000000000000000000000000000000000000000000000000000000000000000000000000000000000
00000000000000000000000000000000000000000000000000000000000000000000000000000000000000000000000000000000000000000000000000000000000000000000000000000000000000000000000000000000000000000000000000000000
00000000000000000000000000000000000000000000000000000000000000000000000000000000000000000000000000000000000000000000000000000000000000000000000000000000000000000000000000000000000000000000000000000000
00000000000000000000000000000000000000000000000000000000000000000000000000000000000000000000000000000000000000000000000000000000000000000000000000000000000000000000000000000000000000000000000000000000
00000000000000000000000000000000000000000000000000000000000000000000000000000000000000000000000000000000000000000000000000000000000000000000000000000000000000000000000000000000000000000000000000000000
00000000000000000000000000000000000000000000000000000000000000000000000000000000000000000000000000000000000000000000000000000000000000000000000000000000000000000000000000000000000000000000000000000000
00000000000000000000000000000000000000000000000000000000000000000000000000000000000000000000000000000000000000000000000000000000000000000000000000000000000000000000000000000000000000000000000000000000
00000000000000000000000000000000000000000000000000000000000000000000000000000000000000000000000000000000000000000000000000000000000000000000000000000000000000000000000000000000000000000000000000000000
00000000000000000000000000000000000000000000000000000000000000000000000000000000000000000000000000000000000000000000000000000000000000000000000000000000000000000000000000000000000000000000000000000000
00000000000000000000000000000000000000000000000000000000000000000000000000000000000000000000000000000000000000000000000000000000000000000000000000000000000000000000000000000000000000000000000000000000
00000000000000000000000000000000000000000000000000000000000000000000000000000000000000000000000000000000000000000000000000000000000000000000000000000000000000000000000000000000000000000000000000000000
00000000000000000000000000000000000000000000000000000000000000000000000000000000000000000000000000000000000000000000000000000000000000000000000000000000000000000000000000000000000000000000000000000000
00000000000000000000000000000000000000000000000000000000000000000000000000000000000000000000000000000000000000000000000000000000000000000000000000000000000000000000000000000000000000000000000000000000
00000000000000000000000000000000000000000000000000000000000000000000000000000000000000000000000000000000000000000000000000000000000000000000000000000000000000000000000000000000000000000000000000000000
00000000000000000000000000000000000000000000000000000000000000000000000000000000000000000000000000000000000000000000000000000000000000000000000000000000000000000000000000000000000000000000000000000000
00000000000000000000000000000000000000000000000000000000000000000000000000000000000000000000000000000000000000000000000000000000000000000000000000000000000000000000000000000000000000000000000000000000
00000000000000000000000000000000000000000000000000000000000000000000000000000000000000000000000000000000000000000000000000000000000000000000000000000000000000000000000000000000000000000000000000000000
00000000000000000000000000000000000000000000000000000000000000000000000000000000000000000000000000000000000000000000000000000000000000000000000000000000000000000000000000000000000000000000000000000000
00000000000000000000000000000000000000000000000000000000000000000000000000000000000000000000000000000000000000000000000000000000000000000000000000000000000000000000000000000000000000000000000000000000
00000000000000000000000000000000000000000000000000000000000000000000000000000000000000000000000000000000000000000000000000000000000000000000000000000000000000000000000000000000000000000000000000000000
00000000000000000000000000000000000000000000000000000000000000000000000000000000000000000000000000000000000000000000000000000000000000000000000000000000000000000000000000000000000000000000000000000000
00000000000000000000000000000000000000000000000000000000000000000000000000000000000000000000000000000000000000000000000000000000000000000000000000000000000000000000000000000000000000000000000000000000
00000000000000000000000000000000000000000000000000000000000000000000000000000000000000000000000000000000000000000000000000000000000000000000000000000000000000000000000000000000000000000000000000000000
00000000000000000000000000000000000000000000000000000000000000000000000000000000000000000000000000000000000000000000000000000000000000000000000000000000000000000000000000000000000000000000000000000000
00000000000000000000000000000000000000000000000000000000000000000000000000000000000000000000000000000000000000000000000000000000000000000000000000000000000000000000000000000000000000000000000000000000
00000000000000000000000000000000000000000000000000000000000000000000000000000000000000000000000000000000000000000000000000000000000000000000000000000000000000000000000000000000000000000000000000000000
00000000000000000000000000000000000000000000000000000000000000000000000000000000000000000000000000000000000000000000000000000000000000000000000000000000000000000000000000000000000000000000000000000000
00000000000000000000000000000000000000000000000000000000000000000000000000000000000000000000000000000000000000000000000000000000000000000000000000000000000000000000000000000000000000000000000000000000
00000000000000000000000000000000000000000000000000000000000000000000000000000000000000000000000000000000000000000000000000000000000000000000000000000000000000000000000000000000000000000000000000000000
00000000000000000000000000000000000000000000000000000000000000000000000000000000000000000000000000000000000000000000000000000000000000000000000000000000000000000000000000000000000000000000000000000000
00000000000000000000000000000000000000000000000000000000000000000000000000000000000000000000000000000000000000000000000000000000000000000000000000000000000000000000000000000000000000000000000000000000
00000000000000000000000000000000000000000000000000000000000000000000000000000000000000000000000000000000000000000000000000000000000000000000000000000000000000000000000000000000000000000000000000000000
00000000000000000000000000000000000000000000000000000000000000000000000000000000000000000000000000000000000000000000000000000000000000000000000000000000000000000000000000000000000000000000000000000000
00000000000000000000000000000000000000000000000000000000000000000000000000000000000000000000000000000000000000000000000000000000000000000000000000000000000000000000000000000000000000000000000000000000
00000000000000000000000000000000000000000000000000000000000000000000000000000000000000000000000000000000000000000000000000000000000000000000000000000000000000000000000000000000000000000000000000000000
00000000000000000000000000000000000000000000000000000000000000000000000000000000000000000000000000000000000000000000000000000000000000000000000000000000000000000000000000000000000000000000000000000000
00000000000000000000000000000000000000000000000000000000000000000000000000000000000000000000000000000000000000000000000000000000000000000000000000000000000000000000000000000000000000000000000000000000
00000000000000000000000000000000000000000000000000000000000000000000000000000000000000000000000000000000000000000000000000000000000000000000000000000000000000000000000000000000000000000000000000000000
00000000000000000000000000000000000000000000000000000000000000000000000000000000000000000000000000000000000000000000000000000000000000000000000000000000000000000000000000000000000000000000000000000000
00000000000000000000000000000000000000000000000000000000000000000000000000000000000000000000000000000000000000000000000000000000000000000000000000000000000000000022042222222222232222200000000000000000
00000000000000000000000000000000000000000000000000000000000000000000000000000000000000000000000000000000000000000000000000000002222222223223333343444444555555505004444444444333333333223220000000000000
00000000000000000000000000000000000000000000000000000000000000000000000000000000000000000000000000000000000000000000000000222222222223233333333333444444555555555554554444444443333332223222200000000000
00000000000000000000000000000000000000000000000000000000000000000000000000000000000000000000000000000000000000000000000222022222222323333333333334444445555555555555555544444433333333223222222322222222
00000000000000000000000000000000000000000000000000000000000000000000000000000000000000000000000000000000000000000000000222222222333322333333333433444454555555555555555544444343333333332222222222222222
00000000000000000000000000000000000000000000000000000000000000000000000000000000000000000000000000000000000000000020020222222222222233233333333444444444555555555555555554444444333333222222222222222222
00000000000000000000000000000000000000000000000000000000000000000000000000000000000000000000000000000000000000002200000000002222223333333333333444344444445555555555555555444444443333322222222222222222
00000000000000000000000000000000000000000000000000000000000000000000000000000000000000000000000000000000000000002000000020222222322233323333334444434444455555555555555554444444444333332222222222222222
00000000000000000000000000000000000000000000000000000000000000000000000000000000000000000000000000000000000000000000000020220202222233233333333444444444445555555555455554444444443333333332222222222222
00000000000000000000000000000000000000000000000000000000000000000000000000000000000000000000000000000000000000000000200000222222222232232333333444444444455555555554444444444444443333333333222222222222
00000000000000000000000000000000000000000000000000000000000000000000000000000000000000000000000000000000000000000000000002200222222233333333333344444444445555555544444444444444433333333332322222222222
00000000000000000000000000000000000000000000000000000000000000000000000000000000000000000000000000000000000000000000000000000220223233233333333333333444445555554444444444444444333333333332222222222222
00000000000000000000000000000000000000000000000000000000000000000000000000000000000000000000000000000000000000000000000022222222333333333323333333334444444555544444444444444444333333333332222222222222
00000000000000000000000000000000000000000000000000000000000000000000000000000000000000000000000000000000000000000000000000200233333322333333333333333443444555544444443444444444333233333322222222222222
00000000000000000000000000000000000000000000000000000000000000000000000200000222000000000000000000000000000000000000000002222233333333333333333333334434444444444444444444444433332222332222222222222222
00000000000000000000000000000000000000000000000000000000000000000000002200222222000000000000000000000000000000000000000002202233333333333333333333334444344444444444334443333333232233322222222222222222
00000000000000000000000000000000000000000000000000000000000000000202222222222222000000000000000000000000000000000002000022222333333333333333333333333343344444444444433333333333233333222222222222222222
00000000000000000000000000000000000000000000000000000000000000220222222222222222200000000000000000000000000000000000220222222233333333333333344444333333343444444444433333333333222332322222222222222222
00000000000000000000000000000000000000000000000000000000000022220222222222222222200000000000000000000000000000000020002222222333333333333333443444433333334445555444333333333322223232322222222222222222
00000000000000000000000000000000000000000000000000000000222222222222222222222222200000000000000000000000000000000222202222223333333333444433444444443334444445555444443333332322232322222222222222222222
00000000000000000000000000000000000000000000000000002222222222222222222222222222200000000000000000000000000000000002022222223333333333344444444444443334444455555544444333332322233222222222222222222222
00000000000000000000000000000000000000000000000000022222222222222222222222222222200000000000000000000002000000002200022222223333333334444444444444443444444555555554444333233322222222222222222222222222
00000000000000000000000000000000000000000000000022222222222222002222222222222222200000000000000000000002000000000222002222203333333334444444455444444444444545555554444333323232222222222222222222222222
00000000000000000000000000000000000000000000000022222222222220222222222222222222000000000000000002220002000220000220200222232333333333444455555544444334444455555554443333333322222222222222222222222222
00000000000000000000000000000000000000000002020222222222222220220222222222222222000000000000000002222000022220000202202222233333333344444455555554444334444444444444433333333332222222222222222222222222
00000000000000000000000000000000000000000000220222222220022222022022222222000000000000000000002002222220222222002202202223333333333344444555555544444433434444444444443333333333232222232222222222222222
00000000000000000000000000000000000000000002222222202222002022222222222000000000000000000002220222000222220222202200222223333333333344444455555544443334333444444443333333333333322222222222222022222020
00000000000000000000000000000000002200020000222222202220000002222222222000000000000000020002220222022222220220200202222322333333334344444445555544443333344444443334333333333323222222222222222222222220
00000000000000000000000000000002222200200022222222200022220002222222222200000000000000020000002202202222202222222202022333333333444444444444555444433343344444444333333333333333222222222222220222222222
00000000000000000000000000022222222202002222222222200000000222022200200220200000000000002222222222020222222222222222222232333334444444444444444444444444444444444333333333333332222222222222222022222220
00000000000000000000000222222222222222222222222222222220000002022222200022222000200000222222202222022222222222222222222223333334444554544444444444444444445545444333333333333333322222222222222222222222
00000000000000000000022222222222222222222222222222202222020002002222222222222000000000022222222220022222222022222222222323333344445555554444444444444445555555544444333333333333322222222222222222222222
00000000000000000002222222222222222222222222222220202202022002220222222222222222000000002222222222222222222222222222222323333344444555554444444444344445555555554444433333333332322222222222222222222222
00000000000002222220222222222222222222222222222220000220022002022222222222222222220200020222222222222222222222222222222333333333444555544444344433334444445555554444434333333333322222222222222222222222
00000000000022222220222222222222222222222222222220000220002002000222222222222222220020022222222222022222222222222222222332333333344455444444333333333444455555544444444433333333322222222222222222222222
00000000022222222222000222222222222222222222222220000000022000000222222222222222222222022222222222222222222222222222222333333333334444444333333333333344455554444444444433333323222222222222222222222222
00002222222222222222022222222222200022222222222220000000022020222222222222222222222222222222222222222222222222222222223233333333444444443333333333333344445555444454444433333333222222222222222222222222
00002222222222222222000222222222200022222222220220000000000220220222222222222222222202222222222200222222222222222222222333333344444444443333333333333334455555455555444433333332222222222222222232222222
02222322222222222222222000000000000002222220220200000000002220022222222222222022222222222222222222222222222222222222323333334444455444433333333333333344455554555555444333332222222222222222223233233222
22332222222222222222220000000000000000020020000000000000000002022222222222222222222222222222222220222222222222222222223333334444555544433333333333333444455555555554444333333322222222222222223222223332
22202222222222222222222000000000000000000000000000000000000022000002222222222222222222222222222222222222222222222222233333344445555544443333333333333344455555555544433333332222222222222222332333333333
00202222222222222222220000000000000000000000000000000002002222220022222022222222222202222222222222222222222222222222233333334445555544443333333333333434444455555544333333332222222222222222223333333333
02222222222222222222222000000000000000000000000000000220000222220022222222222222222222222222222222222222222222222222333333334444545554433333333333333343444455545544433333322222222222222223233333333333
02202222222222222222222000000000000000000000000000000220000222220222222222222222222222222222222222222222222222222222233333333444444444443333333333333333444555554444433332222222222222222233333333333333
20022222222222222222220000000000000000000000000000002222000200222222222222222222222222222222202222222222222222222222233333333343434444433333333333333334445555554444333333322222222222222223333333333333
02203222222222222222220200000000000000000000000002202222000002000022002222222222222222222222222222222222222222222222222233333333333443333333333333333334444555554444333333332222222222222233333334333333
20000022222222222222020000000000000000000000000002222022220000002022220222222222222222222222222222222222222222222222223332333333333333333333333333333334444445544444333333333222222222222233333444433333
20000222222222222222000200000000000000000000000002200002220002002000202222222222222222220222222222222222222222222222222222323323333333333333333333333334444444444444433333332222222222222233334444444333
00332222222222222222222200000000000000000000000220202022220002220022002222222222222222220222222222222222222222222222222222233322223333333333333333433344444444444444433333333222222222222333334444444333
02222222222222222222222022000000000000000000000000222222222000200002220222222222222222220222222222222222222222222222222222222222223333333333333433433334444444444444333333332222222222323333334444444333
32233222222232222222222222220200000000000000000200222222222000000000220222222222222222222222222222222222222222222222222222222222222223333334334444344333344333444443333333333333222222333333334455544433
00023322222332333223222232022200200000000000002202202220002222220000022222222222222222222222222222222222222222222222222222222222222232333334334433333333333333444433333333333222222223333334444455544443
32233322232333223223333303222202200000000000222220222222222222220002220222222222222222222222222222222222222222222222222222222222222233333333433434443333333333333333333333322222222233333334444555544444
33233332222223223332323230222200200000000020022220222222222222222022222222222222222222222222222222222222220222222222222222222222233333333343444444444444333333333333333333332222222333333334445555545544
33333332023323333232223232222020000200000020022200222222222222022222222222222222232222222222222222222222222222222222222222222222233323333444444444444444433333333333333333323332232333333334444455555544
33323232232232333333333233222222022000000022220022222222222222222222222222222222222232222222322222222222222222222222222222223233233322333344444444444444343333333333333333333232222332333334444445555544
33333333333333333333333333222222222000000022202222222222222222222222232222222222232232332223222222222222222222222222222222233323333333333444444444444443443433333333333333323332222223333333344444555544
33333333333332333333333322322202200000000022222222222222222222222222232222222222222222322222222232222222222222222222222222233333333333333444444444554444444333333333333333333333232233333333344344444544
33333333333333333333333233322222020002030002202222222222222222222222222222323222323232233233322222222222222222222222222222223333333333333444444455544444444333343333333333322332322233333333333333444444
33333333333333333333333332323322022000023232222222222222222222222222222222232222223322333333222222223222222222222222222223333333333333333444444445554444444443333333333333332333222222323333333333344444
34333333333333333333333333332323232000003333222222222222222222222222222222332223233322232332322222222222202222222222222233333333333333333444455555555444443443333333333333333322232323333333333333334443
43333333333333333333333333333333333330003332222222222222222222222222223232223223333332223232222323222222222222222222222333333333333333443444555555555444444343333333333333333332322332233333333333333333
44433333333343333333333332323323323333223332222222222222222223222022322322233323333322233232223332222222222222222222232233333333334344444444555555555444433343333333333333333333232332222333332223333333
44334433433333333433333332333333332332233333222202222222222222222222322333232223333322223223333322322222222222222222233233333333344444444455555555554444444333333333333433333333333332222223222222333333
44343444444444443433333333333333323333320323222222222222322323332022333232322323333322233233333332222222222222222222222333333333444444445555555555544444444333333333333333334333333333333323222222333333
44444444444444444443333333333303333233203332333222223222222233332032322333323233333333233333333333222222222222222222223333333333444444444555555555544444443333333333434434333333333333323332232222232332
44344444444444444433333333333200322233333322233222232222323333232022233233333323333332333233333332223222222222222232222323333333444455444555555555554444443433334334444443433333333333333333332322222222
34444444444444444333333333200223323333333332333223232232323333333333233333333333333332333333333322332222222222222322233223333334444555554555555555554444444333333444444444443333333333333333323232222222
44434444444444444443333333223223333333333333322223332333233333333333322223333333333322333333333332322222222222222222223333333333444555555555455555444444344333333444444444443443333333333333333332322222
44434444455454444444433333333333333333333333333032333333333332333333333333333333333323333333333332333222222222222233233333333334445555554444445454444444434444334444444444444443433333333333333333222222
44444444555555444444433333333333333333333333333323333233333333333333332333333333333332333333333333323322233222222333333333333334445554444444444444444444444444444444445444444444444433333333333333022222
44444455555555554444434333333333233333333333333323333333333333333333333333333333333333333333333333333222222222223333333333333444444444444444444444444444443444444444455555444444444433333333332323222222
44444455555555554444443333333333333333333433333333333333333333333333332323333333333333333333333333322322222222233333333334434444444444444444444444444444334344444444555555444444444343333333233323222222
44444455555555554444443333333333333334334333333333333333333333333333333333333333333333333333333333333323223233222333333344444454444444444344444444444443344444444455555555554444444343333333333332322222
44444455555555544444443333333333433344344433333333333334333333333333333333333333333433334333333333333323222223223333333344444555444333443444444444443333334444444455555555555444444434333323332222232222
44444445555555544444433333333333344344444433343333333343433333333333333333333434434444434443333333333333222322233333333444455555444333334334444443443333334344444455555555554444444443333333333223333222
44444444555555544444433333333444444444444444343333433443444333333333333333333444344444444443333333333333333333333333333444455554443333333433344343444333333334444555555555554444444433333333323233332223
44444444444444444444443333343434444444444444444434434444443443333333333333333344444443443444333333333333333332323333333444445554433333333334343434444333333334444455555555554444444433333333332332323333
44444444444444444444433333334344444444444444444444444444444444333333333333333444444444444444443333333333333333323333333344444554433333333334433333343333333343444444555554444444444433333332333333322333
44344444444444444433333333433444444454544444444444444444444444333333333334334444444444444444434333333333333233332333333333444444433333333333333333333333333333444444455554444444443433333333323323232233
34343444433343444444333333343344455555554444544444444444444444343333333343343444444444444444434333333333333332223333333333344444433333333333333333333333333333443444445444444444433333333323332332333333
43333333333333344333333333434444445555555455555455544444444444433333333444444444444444444444433333333323323223222223233333344444433333333333333333333333333333333344444444444444333333333333333333333334
33333333333333333333333333444444455555555555555555554444444444433333343344444444444444444444444334433333332233322222333333343444443333323233333333333333333333334444444444444433333333333233333333333334
44333333333333333333333333343444445555555555555555555554544444443333333434444444444444444444444333333333332222232333233333444454443333323333333333333333333333333444444444444333333333333333333333333344
33333333333333333333333333334444445555555555555555555555554444433333333444444444444544444444444343333333333333333333333343444555444333333333333333333333333333343444444444444333333333333333333333334444
33333333333333333333333333333444444545555455555555555555554444443333333344444444455545444444444443333333333322333333333444445555444433333333333333333233333333333444444443433333333233333332233333334445
33333333032323323333333333334444444444445445555555555555554444344333344344444444555555544444444444334333333322333333444444445555445444443333333333323333333333444444444444433333333333333333333333344445
33333333333332332333333333334444444444444444555555555555544444444333344444444445555555544444444443433333333332333334444555455554455544443333333333233333333334444444444444443333333333333333333333444444
33333333333222232333333333333333444334444444555555455554544444343333444444444455555555555544444444444333333333333344445554555554455554444333333333332333333344444444444554444333333333333333333333444444