00000000000000000000000000000000000000000000000000000000000000000000000000000000000000000000000000000000000000000000000000000000000000000000000022222222222222222022222232332232222322222222222222222222
00000000000000000000000000000000000000000000000000000000000000000000000000000000000000000000000000000000000000000000000000000000000000000000000222220222220222222002222223333232222222222222222222222222
00000000000000000000000000000000000000000000000000000000000000000000000000000000000000000000000000000000000000000000000000000000000000000000000022200222220022222022222222323232222222222222222222222222
00000000000000000000000000000000000000000000000000000000000000000000000000000000000000000000000000000000000000000000000000000000000000000020000000000000200002222222222222323223222222222222322222222222
00000000000000000000000000000000000000000000000000000000000000000000000000000000000000000000000000000000000000000000000000000000000000200000000000000000222002222222222222322223322222222222022222222222
00000000000000000000000000000000000000000000000000000000000000000000000000000000000000000000000000000000000000000000000000000000000000000000000000000000003202222222222222222222222222222222022222222222
00000000000000000000000000000000000000000000000000000000000022222220000000000000000000000000000000000000000000000000000000000000000000020000000000000000002222222222222222222220222222220222002222222220
00000000000000000000000000000000000000000000000000000000000022222222220000000000000000000000000000000000000000000000000000000000000000000000000000000000002222222222222222222200222222222222000222222200
00000000000000000000000000000000000000000000000000000000000022222222222022000000000000000000000000000000000000000000000000000000000000000000000000000000002022220022222222222222222222222200000002000000
00000000000000000000000000000000000000000000000000000000000022222222222000200000000000000000000000000000000000000000000000000000000000000000000000000000000222200022222222222222222222222000000000000000
00000000000000000000000000000000000000000000000000000000000022222222222000000000000000000000000000000000000000000000000000000000000000000000000000000000000022200022222222200222222222220000220000000000
00000000000000000000000000000000000000000000000000000000000022222222222022200000000000000000000000000000000000000000000000000000000000000000000000000000000022200022222222222220203000002222222000000000
00000000000000000000000000000000000000000000000000000000000022222222222222220000000000000000000000000000000000000000000000000000000000000000000000000000000022200022222222222202200000022222222000000000
00000000000000000000000000000000000000000000000000000000000000222000022222220000000000000000000000000000000000000000000000000000000000000000000000000000000002000022222222202220000000222222222000000000
00000000000000000000000000000000000000000000000000000000000000222222222220200000000000000022002222200000000000000000000000000000000000000000000000000000000000000200222202220222220002222222220000000002
00000000000000000000000000000000000000000000000000000000000000222222222222000000000000000022202222220000000000000000000000000000000000000000000000000000000000000200222022222222222002222222222000020002
00000000000000000000020002200000000000000000000000000000000000000222222222000000000000000000220222220000000000000000000000000000000000000000000000000000000002222000222222202222220002222222222000000000
00000000000000000000002022220022000000000000000000000000000000000222222222000000000000000000222222220000000000000000000000000000000000000000000000000000000222222000222200002222220022222222222000002000
00000000000000000200222220022222220000000000000000000000000000000000000000000000000000022222022222222200000000000000000000000000000000000000000000000000000002200000000200000200022222222022222002000002
00000000000002222222222222222222222000000000000000000000000000000000000000000000000000000222222222222022000000000000000000000000000000000000000000000222000000000000000002202000200022222222222220000002
00000000000002222222222222222222222000000000000000000000000000000000000000000000000000002222222222222222000000000000000000000000000000000000000000000220000000000000000002200000000002220022222220022002
00000000000000000022222222222220200000000000000000000000000000000000000000000000000000002200222222222000000000000000000000000000000000000000000000000000000002000000000202200000022002220222222000222022
00000000000000000022222222222222000000000000000000000000000000000000000000000000000000000220222222220020000000000000000000000000000000000000000000000000000000200000000002200000022002222022222000220022
00000000000000022222222222222222000000000000000000000000000000000000000000000000000000000000222222020022000000000000000000000000000000000000000000000000200000000000200000002200000000202202222000220002
00000000000000000000222222222222222220000000000000000000000000000000000000000000000000000000222222200020000000000000000000000000000000000000000000000000000020000222000002222022000000020022222000000000
00000000000000000000002222222222222220000000000000000000000000000000000000000000000000000000002202200000000000000000000000000000000000000000000000000000000020000220000002222022000000002022222000000000
00000000000000000000002222220000022222000000000000000000000000000000000000000000000000000000002200000000000000000000000000000000000000000000000000000000000000000000220000002222000000000000222000000000
00000000000000000000222222222200022220000000000000000000000000000000000000000000000000000000022200000000000000000000000000000000000000000000000000000000000000000000202000022222000000000000000000000000
00000000000000000000222222222200000220000000000000000000000000000000000000000000000000000000000200000000000000000000000000000000000000000000000000000000000000022000002000002000000000000000000000000000
00000000000000000000202222222220000000000000000000000000000000000000000000000000000000000000200000000000000000000000000000000000000000000000000000000000000000000022222220002202200000000000000000000000
00000000000000000000002222222200000000000000000000000000000000000000000000000000000000000000000000000000000000000000000000000000000000000000000000000000000000000022002220202200000000000000022000000000
00000000000000000000002220022200000000000000000000000000000000000000000000000000000000000000000000000000000000000000022000000000000000000000000000000000000000000000000220000002200000000000000000000000
00000000000000000000002200020000000002200000000000000000000000000000000000000000000000000000000000000000000000000000022000000000000000000000000000000000000000000000002222000000000000000000000000000000
00222000000000000022000222000000000222200000000000000000000000000000000000000000000000000000000000000000000000000000000000000000000000000000000000000000000000000000000002000022220000000000000000000000
22222222000000022222002000000000000222000000000000000000000000000000000000000000000000000000000000000000000000000000000000000000000000000000000000000000000000222022000020000000000000000000000000000000
22022222000200022222200000000000000222000000000000000000000000000000000000000000000000000000000000000000000000000000000000000000000000000000000000000000000000222022000000000000000000000000000000000000
00022222222200000022222222222000000220000000000000000000000000000000000000000000000000000000000000000000000000000022000000000020000000000000000000000000000002220222000200000000000000000000000000000000
02022222222200000022222222222220022220000000000000000000000000000000000000000000000000000000000000000000000000000022000000000000000000000000000000000000000002200022200000000000000200000000000000000000
22000222222200000000022222222222022000000000000000000000000000000000000000000000000000000000000000000000000000000000000000000000000000002000000000000000020000000022200000000000000000000000000000000000
22200222222222220022202222222222222000000000000000000000000000000000000000000000000000000000000000000000000000000000002000000020000000002220000000000222000000000002220000000000000000000000000000000000
22200222222222220022000222222222220000000000000000000000000000000000000000000000000000000000000000000000000000000000020000000022200000002222200000000222200000020000220000000000000000000000000000000000
22222222222200020000000002222222220000000000000000000000000000000000000000000000000000000000000000000000000000000000000002000220022000222222202222222222220000000000220000000000000000000000000000000000
22222222222200000000200000002200000000000000000000000000000000000000000000000000000000000000000000000000000000000000000002002000222000222222202222222220220000000000220000000000000000000000000000000000
22222222222220000000000000000000000000000000000000000000000000000000000000000000000000000000000000000000000000000000000000000000022200222222222222222000200000000000000000000000000000000000000000000000
22222222222200000000000000000000000000000000000000000000000000000000000000000000000000000000000000000000000000000000000000000000022222222222222222200000000000000000000000000000000000000000000000000000
02222222222200000000000000000000000000000000000000000000000000000000000000000000000000000000000000000000000000000000000000000020022220222222222222200000000000000000000000000000000000000000000000000000
00222222222220000000000000000000000000000000000000000000000000000000000000000000000000000000000000000000000000000000000000000000022222222222222222200000000000000000000000000000000000000000000000000000
00022222222200000000000000000000000000000000000000000000000000000000000000000000000000000000000000000000000000000000000000000000022222222222222222200000000000000000000000000200000000000000000000000000
00000000000000000000000000000000000000000000000000000000000000000000000000000000000000000000000000000000000000000000000000000000002200022222222222200000000000000000000000000000000000000000000000000000
00000000000000000000000000000000000000000000000000000000000000000000000000000000000000000000000000000000000000000000000000000000000000020222222222200000000000000000000000000000000000000000000000000000
00000000000000000000000000000000000000000000000000000000000000000000000000000000000000000000000000000000000000000000000020000002220222220002200020200000000000000000000000000000000000000000000000000000
00000000000000000000000000000000000000000000000000000000000000000000000000000000000000000000000000000000000000000000002022000000000000222000000020000000000000000000000000000000000000000000000000000000
00000000000000000000000000000000000000000000000000000000000000000000000000000000000000000000000000000000000000000000200200000000000000222202000002000000000000000000000000000000002000000000000000000000
00000000000000000000000000000000000000000000000000000000000000000000000000000000000000000000000000000000000000000000000220000000022000022002222200000000000000000000000000020022200000000000000000000000
00000000000000000000000000000000000000000000000000000000000000000000000000000000000000000000000000000000000000000000000222000000022000002222222200000000000000000000000000022222200000000000000000000000
00000000000000000000000000000000000000000000000000000000000000000000000000000000000000000000000000000000000000000000000000000000000000000222000000000000000000000000000200000022220000000000000000000000
00000000000000000000000000000000000000000000000000000000000000000000000000000000000000000000000000000000000000000000000000000020000000000000000000000000000000000000000202202222220222000000000000000000
00000000000000000000000000000000000000000000000000000000000000000000000000000000000000000000000000000000000000000000000000000200000000000000000000000000000000000000000002202222022200200000000000000000
00000000000000000000000000000000000000000000000000000000000000000000000000000000000000000000000000000000000000000000000002000222000000000000000000000000000000000000000000200022002202222000000000000000
00000000000000000000000000000000000000000000000000000000000000000000000000000000000000000000000000000000000000000000000002000020000000000000000000000000000000000000000000002222200202222000000000000000
00000000000000000000000000000000000000000000000000000000000000000000000000000000000000000000000000000000000000000000000002220000000000000000000000000000000000000200000000022222222220002222200000000000
00000000000000000000000000000000000000000000000000000000000000000000000000000000000000000000000000000000000000000000000000022200000000000000000000000000000020020000000000022222222000000000022000000000
00000000000000000000000000000000000000000000000000000000000000000000000000000000000000000000000000000000000000000000000000000000000000000000000000000000000220020000002020022222222220000000000020000000
00000000000000000000000000000000000000000000000000000000000000000000000000000000000000000000000000000000000000000000000000000000000000000000000000000000020002000000000222222222222220000000000002220000
00000000000000000000000000000000000000000000000000000000000000000000000000000000000000000000000000000000000000000000000000000000000000000000000000000000200000020000000222222222222222200000000002220000
00000000000000000000000000000000000000000000000000000000000000000000000000000000000000000000000000000000000000000000000000000000000000000000000000000000000000000200202022222222222002222222000222220000
00000000000000000000000000000000000000000000000000000000000000000000000000000000000000000000000000000000000000000000000000000000000000000000000000000000000000000000022000222222222200000000000000220020
00000000000000000000000000000000000000000000000000000000000000000000000000000000000000000000000000000000000000000000000000000000000000000000000000000000002000000000000200002222222000200020000000220000
00000000000000000000000000000000000000000000000000000000000000000000000000000000000000000000000000000000000000000000000000000000000000000000000000000000000000000000000000022002000220000000000000000000
00000000000000000000000000000000000000000000000000000000000000000000000000000000000000000000000000000000000000000000000000000000000000000000000000000000000000000000000002020000000220000200000000000000
00000000000000000000000000000000000000000000000000000000000000000000000000000000000000000000000000000000000000000000000000000000000000000000000000000000000000000000000200000000000000000000000000000000
00000000000000000000000000000000000000000000000000000000000000000000000000000002222200000000000000000000000000000000000000000000000000000000000000000220000000000000000000000000000000000200000000000000
00000000000000000000000000000000000000000000000000000000000000000000000000000022222220000000000000000000000000000000000000000000000000000000000000000220000000000000000000000000000002000200000000000000
00000000000000000000000000000000000000000000000000000000000000000000000000022222222202200000000000000000000000000000000000000000000000000000000000000022002220000020000000002000200020002200000000000000
00000000000000000000000000000000000000000000000000000000000000000000000000022222222222200000000000000000000000000000000000000000000000000000000000000002002200000000000000000200200000002200000000000000
00000000000000000000000000000000000000000000000000000000000000000000000000222222222222000000000000000000000000000000000000000000000000000000000000000000002200020000000000000022200000000000000000000000
00000000000000000000000000000000000000000000000000000000000000000000000000222202222222222000000000000000000000000000000000000000000000000000000000000000022000022000000000000000000000000000000000000000
00000000000000000000000000000000000000000000000000000000000000000000000002200002222222222000000000000000000000000000000000000000000000000000000000000000000000222000000000000000000000000000000000000000
00000000000000000000000000000000000000000000000000000000000000000000000002022222222200000000000000000000000000000000000000000000000000000000000000000000000002200222200002000000000000002000000000000000
00000000000000000000000000000000000000000000000000000000000000000000000002022222222220000000000000000000000000000000000000000000000000000000000000000000000002202200000000000000000000002000000000000000
00000000000000000000000000000000000000000000000000000000000000000000000002222222222220000000000000000000000000000000000000000000000000000000000000000000000000000000000002220000000000000000000000000000
00000000000000000000000000000000000000000000000000000000000000000000000002220002222220000000000000000000000000000000000000000000000000000000000000000000000000000000000022200000000000000000000000000000
00000000000000000000000000000000000000000000000000000000000000000000000002200002000000000000000000000000000000000000000000000000000000000000000000000000000000000020000002222000000000000000000000000000
00000000000000000000000000000000000000000000000000000000000000000000000000200000000000000000000000000000000000000000000000000000000000000000000000000000000000000000000000020000000000000000000000000000
00000000000000000000000000000000000000000000000000000000000000000000000000200000000000000000000000000000000000000000000000000000000000000000000000000000000000000000000000022000000000000000000000000000
00000000000000000000000000000000000000000000000000000000000000000000000000000000000000000000000000000000000000000000000000000000000000000000000000000000000000000000000000000000000000000000000000000000
00000000000000000000000000000000000000000000000000000000000000000000000000000000000000000000000000000000000000000000000000000000000000000000000000000000000000000000220000000000000000000000000000000000
00000000000000000000000000000000000000000000000000000000000000000000000000000000000000000000000000000000000000000000000000000000000000000000000000000000000000000000220000000000000000000000000000000000
00000000000000000000000000000000000000000000000000000000000000000000000000000000000000000000000000000000000000000000000000000000000000000000000000000000000000000000000000000022222200000000000000000000
00000000000000000000000000000000000000000000000000000000000000000000000000000000000000000000000000000000000000000000000000000000000000000000000000000000000000000000000000000022222000000000000000000000
00000000000000000000000000000000000000000000000000000000000000000000000000000000000000000000000000000000000000000000000000000000000000000000000000000000000000000000000000000000000000000000000000000000
00000000000000000000000000000000000000000000000000000000000000000000000000000000000000000000000000000000000000000000000000000000000000000000000000000000000000000000000000000000000000000000000000000000
00000000000000000000000000000000000000000000000000000000000000000000000000000000000000000000000000000000000000000000000000000000000000000000000000000000000000000000000000000000000000000000000000000000
00000000000000000000000000000000000000000000000000000000000000000000000000000000000000000000000000000000000000000000000000000000000000000000000000000000000000000000000000000000000000000000000000000000
00000000000000000000000000000000000000000000000000000000000000000000000000000000000000000000000000000000000000000000000000000000000000000000000000000000000000000000000000000000000000000000000000000000
00000000000000000000000000000000000000000000000000000000000000000000000000000000000000000000000000000000000000000000000000000000000000000000000000000000000000000000000000000000000000000000000000000000
00000000000000000000000000000000000000000000000000000000000000000000000000000000000000000000000000000000000000000000000000000000000000000000000000000000000000000000000000000000000000000000000000000000
00000000000000000000000000000000000000000000000000000000000000000000000000000000000000000000000000000000000000000000000000000000000000000000000000000000000000000000000000000000000000000000000000000000
00000000000000000000000000000000000000000000000000000000000000000000000000000000000000000000000000000000000000000000000000000000000000000000000000000000000000000000000000000000000000000000000000000000
00000000000000000000000000000000000000000000000000000000000000000000000000000000000000000000000000000000000000000000000000000000000000000000000000000000000000000000000000000000000000000000000000000000
00000000000000000000000000000000000000000000000000000000000000000000000000000000000000000000000000000000000000000000000000000000000000000000000000000000000000000000000000000000000000000000000000000000
00000000000000000000000000000000000000000000000000000000000000000000000000000000000000000000000000000000000000000000000000000000000000000000000000000000000000000000000000000000000000000000000000000000
00000000000000000000000000000000000000000000000000000000000000000000000000000000000000000000000000000000000000000000000000000000000000000000000000000000000000000000000000000000000000000000000000000000
00000000000000000000000000000000000000000000000000000000000000000000000000000000000000000000000000000000000000000000000000000000000000000000000000000000000000000000000000000000000000000000000000000000
00000000000000000000000000000000000000000000000000000000000000000000000000000000000000000000000000000000000000000000000000000000000000000000000000000000000000000000000000000000000000000000000000000000
00000000000000000000000000000000000000000000000000000000000000000000000000022222220000000000000000000000000000000000000000000000000000000000000000000000000000000000000000000000000000000000000000000000
00000000000000000000000000000000000000000000000000000000000000000000000000022222220000000000000000000000000000000000000000000000000000000000000000000000000000000000000000000000000000000000000000000000
00000000000000000000000000000000000000000000000000000000000000000000000000222222000000000000000000000000000000000000000000000000000000000000000000000000000000000000000000000000000000000000000000000000
00000000000000000000000000000000222220000000000000000000000000000000000002222222000000000000000000000000000000000000000000000000000000000000000000000000000000000000000000000000000000000000000000000000
00000000000000000000000000000000222220000000000000000000000000000000000002222222000000000000000000000000000000000000000000000000000000000000000000000000000000000000000000000000000000000000000000000000
00000000000000000000000000000000022200000000000000000000000000000002200022022222222000000000000000000000000000000000000000000000000000000000000000000000000000000000000000000000000000000000000000000000
00000000000000000000000000000000022000020000000000000000022222200002200022022222222020000000000000000000000000000000000000000000000000000000000000000000000000000000000000000200000000000000000000000000
00000000000000000000000000000000022220020000000000000002202222222002220000222002222000000000000000000000000000000000000000000000000000000000000000000000000000000000000002222000000000000000000000000000
00000000000000000000000000000000022222022200022000000222222222222222220000022020222200000000000000000000000000000000000000000000000000000000000000000000000000000000002222020000000000000000000000000000
00000000000000000000000000000000222222222200022000000002222222222222222000022000222200000000000000000000000000000000000000000000000000000000000000000000000000000000002222000000002000000000000000000000
00000000000000000000000000000000022222202222000000000000000222222220022222000002022200000000000000000000000000000000000000000000000000000000000000000000000000000000002220000000022200000000000000000000
00000000000000000000000000000020022222222222000000000000022222222220022222000002002200000000000000000000000000000000000000000000000000000000000000000000000000000000002220000000022000000000000000000000
00000000000000000000000000000000222220200000000000000000022000222222002222222000000000000000000000000000000000000000000000000000000000000000000000000000000000000222222220000000022200000000000000000000
00000000000000000000000000000000002222002200000030000002222222222220000222222222200000000000000000000000000000000000000000000000000000000000000000000000000000002222222000000022022200000000000000000000
00000000000000000000000000000000000222022200000000000002222222222222000022222222000000000000000000000000000000000000000000000000000000000000000000000000000000002200222200000022022200000000000000000000
00000000000000000000000000000002222200200000000000000000002002200002200000000000000000000000000000000000000000000000000000000000000000000000000000000000000000000000002022002222022220000000000000000000
00000000000000000000000000000000222220000000000000000000000000000002200000000000000000000000000000000000000000000000000000000000000000000000000000000000000000000020022000022222222222000000000000000000
00000000000000000000000000000000000222000000000003000000000000000000000000000330300000000343330043300000000000000000000000000000000000000000000000000022000000000000000000222222200002000000000000000000
00000000000000000000000000000000000000000000000230000000000000000000000000000033300002222330003330332333333333000000000000000000000000000000000022000000200000000000222222222222200000000000000000000000
00000000000000000000000000000000000000000000000220000000000000000000000000000003000002333300003333332333333333300000000000000000000000000000000022000000000000000000222222222222222000220000000000000000
00000000000000000000000000000000000000000002200000000000000000000000000000000000000002332000220343330023322033303000000000000000000000000000000022200000000002222200000222222200222202220000000000000000
00000000000000000000000000000000000000000002200000000000000000000000000000000000000003332000220232220032222333303300000000000000000000000000000022002000000002222000000222222220022200220000000000000000
00000000000000000000000000000000000000000000000000000000000000000000000000000000000000000000000003200000023230003330000000000000000000000000000022222222000002222000000222022222222202202200000000000000
00000000000000022023320000000000000000000000000000000000000000000000000000000000000000000000002333322333203330003203200000000000000000000000000022020222222022222000002222222222222222222200000000000000
00000000000000023032220000000000000000000000000000030000000000000000000000000000000000330000003333332222330330033300200000000000000000000000000022000222220022222000002222222222222222222220000000000000
00000000000000032233220000000000000000000020000000233000000000000000000000000000000000343333330233330333330330233332332000000000000000000000000022000220000022220200222222022222000000002222000000000000
00000000000000022322222000000000000000000333334303220000000000000000000000000000000000023023333233223023430333333333033000000000000000000000000022000220000022222200222222022222200020000022000000000000
00000000000022222222222220000022300000002203003330000000000000000000000000000000000300003334333333322334330243433332333330000000000000000000000000000000000022222022022222002222220002000020000000000000
00000000000002200222222220002222330000000020032300220000000000000000000000000000002230300333334433322333333323433330003333000000000000000000000000000000000002222022222222000022222022200000000000000000
00000000000002200220220222002333200300000223332000230000000000000000000000000000004303000333344343333333444433232230003333300000000000000000000000000000002002222000002220000022222202200000000000000000
00000000000002222222220222300020202320000023000000330000000000000000000000000000230003003303303243444434323344443233330003333200000000000000000000000000222202222000000020000000220000020000000000000000
00000000222002222222220222200000220230033020000000220000000000000000000000000000233430004200303343333444433444243334333003333300000000000000000000000000222200022000000000000000200000022020000000000000
00000000000022222222222222332202200002232233000000000000000000000000000000000000240003022333000202233333444334443233033003320000000000000000000000000000200000000020000000000000000000002200000000000000
00023222022222222222222222222200200330200233342220000000000000000000000000000000243333200432000222333434443333443323333330000000000000000000000000020000000000000000000000000000000000002000000000000000
00022223002222222222222222023300000030030033334424000000000000000000000000000000434333330243000223333344422233344432230000000000000000000000200000000000000000000000000000000000000000000000000000000000
00300030202222022222222222222232222003423043344343300000000000000000000000000000234333203344000232232033322222232222022320000000000000000000000000022220000000000000000000000000000000000000000000000000
00200000003200022222222222223444322003032332434343330000003300000000000000000000234433430322000234332022222222322222222230000000000000000000000000022222000000000000000000000000000000000000000000000000
00000330330032022222222222233043230222232443443344333023300000000000000000000000032343303330000004232222200332333022222000000000000000000000022220022220220000000000000000000000000000000000000000000000
00000222332332222222222222223333333432233444032223333030000000000000000000000000002433200333300030320002222223333322223000000000000000000000000222022222220000000000000200000000000000000000000000000000
00003333323022222222222222222333443344324430022444220000000000000000000000000000002244300334300003020030022222220332200000000000000000000000000022222222222200000000000000000000000000000000000000000000
00222022000222322222222222223334432344334344323320000000000000000000000000000000000000000334332224343032232220200033233333323200000000000000020022000222222220000000000000000000000000000000000000000000
00222002000023222332222222223444445444444444333233000000000000000000000000000000000000000323433434443033332222200002332002233300000000000000222022220222222222000000000000000000000000000000000000000000
00000000000020223233323222322444455454544444323333330003323000000000000000000000302303003000443433333324300222222222230000223300000000000000022222222222222222020000000202000000000000000000000000000000
00000000222222202222323333423234444455444443022333332223330000000000000000000000000033033000344323442233443222222222222222202330000000000020022222222222222220022200222222000000000000000000000000000000
00000000222202222344343443433334555555543440034434332233300000000000000000000300000333042330333332443224344222222222222222302300000000000000022022222222222222222220222220000000000000000000000000000000
00000003000023042343344344343445555555543433234433223230000000000000000000000000000030030222233433042333334422222222222222233300000000000000000022222222222222222222222200000000000000000000000000000000
00000002003443323334433333444445555555444433334332433320000000000000000000000030000034003333343333332430223422222222200222233300000000000000000022222222222222222222222000000000000000000000000000000000
00000002233333000033332234444455555555444443334344323002033000230000000000000333003032444343344443033200000342222200002330000300000000000000000000222222222222222222222200000000000000000000000000000000
00000000343333203300223334444455555555545443034234432022333000000223300000000333430032344444433432333032000334222200000000002330000000000000000000000022222200202200222000000000000000000000000000000000
00000030330002200000233334444445555555555442334443000333332000000240000000000443333344334532344333340032000430222220000000002200000000000000000000000000000020000000222000000000000000000000000000000000
00000003330000000000322333444444444555544433434442223433220000000002222200003332222445344433333433343322000303000000000000220330000000000000000000000000000020002222220000000000000000000000000000000000
00000002330000000033323344444444445555554444334433443322200000000003222200003433332433024434334433344022000002000000000000223020000000000000000000000000000020220222220000000000000000000000000000000000
00300003330002323033423323343444444455444444434334343222200000000000000003023333233333034444223442344300000000000000000000003300000000000000000000000000000002222022002200000000000000000000000000000000
00330002300004233333302343334444444444444433334443330000000000000000040300003343343343345453323300034400000000000000000000222300000000000000000000000000000022222020222222200000000000000000000000000000
00330333000303334333223223343344444444443333333333320000000000000000323003003432444344543443333300034440000000000000000000333300000000000000000000000000000022222002222222220000000000000000000000000000
00333230302343333322222233333334334444433333430332222332300000000000034222333433333455433554002330033344000000000000000000000300000000000000000000000000000022222222222222220000000000000000000000000000
00023330002332322022222222233333444443444334334223334433300003300000034334434342234454433453302230033334300000000000000000000000000000000000000000000000000022222222222222220000000000000000000000000000
00000330003303022022222223322333444443344433433224444344442033320000024434534433245545543544300330003233300000000000000000000030000000000000000000000000000022222222222000000000000000000000000000000000
00000230033300032022222222223444444444444434333233432233444023320000034344555540434544432444300323002233400000000000000000000020000000000000000000000000000022222222222000000000000000000000000000000000
00000223000002223022222222333334334444434343333323343003433433300002244445544553444554303544320233003023330330000000000000000000000000000000000000000000000022222022220000000000000000000000000000000000
32000003333202300202202333334334333434343433344443334443033023320002344434555445554554433444300233003200333230000022000000300000000000000000000000000000000022222000000000000000000000000000000000000000
32000000232333330220222333332233444333434333333433444420222034423333344445555434443544323544000233002300330230000032000000000000000000000000000000000000000022222000000000000000000000000000000000000000
33000300033333322322233322333333333434434334343333343333333343333343444545434034545543334544300004202300433003330033000000000000000000000000000000000000000002222000000000000000000000000000000000000000
23303033302323222222233222333233333433434343344333444444333333333332334434445344223343333444000004202300233002330033300000000000000000000000000000000000000002222000000000000000000000000000000000000000
00200033333033330023323222333343444443444443344344444323343333323033334435453332000043433443000234400000333000000033000000000000000000000000000000000000000000022000000000000000000000000000000000000000
00000003332202223302233322333333343333444444444444444444333333333223434444442233323034333444000003432200023000000000000000000000000000000000000000000000000000000000000000000000000000000000000000000000
00000033322233333202322322333333333333444444444444444444333333333332332345443233320023300444030002332300022300000000000000000000000000000000000000000000000000000000000000000000000000000000000000000000
00000030000002300033330302333333333334444444445444554444333333333323334344423233300033334444320002332300000222300000000000000000000000000000000000000000000000000000000000000000000000000000000000000000
00000003003002233022030302333333333333333445555555455444333333342232343343423322003320332334330002223300000223300000000000000000000000000000000000000000000000000000000000000000000000000000000000000000
00000003333003023200323322323333333333434444555555534334333333333222323434033300330033333333320000003300000330000000000000000000000000000000000000000000000000000000000000000000000000000000000000000000
00000003232230033000333222222333333333444444555555533333333333332323333333300003330003332033332000002300000233300000000000000000000000000000000000000000000000000000000000000000000000000000000000000000
00000000232230023303332322222333333333344444455555443333333343333333333333003333230000033033333030002330303233000000000000000000000000000000000000000000000000000000000000000000000000000000000000000000
00000000030320000300332222232233333333334444455555444333333443333333334333233332222330000033333320023333233230003000000000000000000000000000000000000000000000000000000000000000000000000000022220000000
00000000003320300300022222222233333333334444445554443344433333333333333323333333222230000022333333033323332323300000000000000000000000000000000000000000000000000000000000000000000000000002222220000000
00000000003202330322002222222223333333334444445545443444444433333344333333333330003200000033330233333033333323000000000000000000000000000000000000000000000000000000000000000000000200000022220000000000
00000000000322200030000222022222233333334444444444444444554444333444443333333000230000000023320333333033333030000000232000000000000000000000000000000000000000000000000000000002200220000022200000000000
00000000300032300000020222002222233333334444444444544445555444444444433333333203320000000023323333333300200300030003323000000000000000000000000000000000000000000000000000000000222220000222220000000000
00000000320333230230002220003232333333333444444455554445555444444443433333332233303000000333323323332200033003233332333320000000000000000000000000000000000000000000000000002200000020002222222200000000
00000000230023200233002220022223333333333344444445555445555544444444433333333223330002003332323333202200022300223322233330000000000000000000000000000000000000000000000000002200220002222222222000000000
00000000000000000300000000033223233333333344444455555555555554444444433333333333002202233323003233200000000300000000023333000000000000000000000000000000000000000000000000022222222222222222222000000000
00000000002200330022000000022223222333333344444455554555555555444444333333333332200000033333223233033000000300000000023333000000000000000000000000000000000000000000000000022002222222222222222222222200
00000000003330000022000000022333223333333344444455555555555555554444333333333322300000033332332330220000003300000000023333300000000000000000000000000000000000000000000000020000222222222222222222222200
00000000002333300022000000022323333333333334444455555555554555554444433333333322332203333333333232200000200000000000024333300000000000000000000000000000000000000000000000000000222222222222222220000000
00000000002333330000000000202233332333333344444445555555555455554444333333333322233333343433333332200034440000000000043223300000000000000000000000000000000000000000000000000000222222222222222222200000
00000000000003022000000002222332222233333334444445555555555555444444333333333333223233444434333333332243034000000000000333330000000000000000000000000000000000000000000000000000222222222222222220000000
00000000000003330000000000302202202333333333444444444455555444444433333333333333333333444444333332323440023222000000044334303000000000000000000000000000000000000000000200200002022222222222222000000000
00000000000003300000020002302223220333333343334444444455444444444333333333333333333334444444333330344430034443000000034423330000000000000000000000000000000000000000000000020000022222222222022000000000
00000000220033022000020003323222233333333343334444445445444444444333333333333333344444444444333303434224333434333300043322033230000000000000000000000000000000000000000000000022022222222222022000000000
00000000220003033000000003333332233333333334334444555555544444433333333333333334444444554443333333444432234333433200043443033320000000000000000000000000000000000000000000000022022222222222222000000000
00000000000003300000000003332332333333333333333444555555544444433333333333333344444455554444333333333344343333443000234333433200000000000000000000000000000000000000000220000022022222222222020000000000
00000000000033222330000000333333333333333333333444555555544444443333333333333344444555555444333334444444333244432322230434423300000000000000000000000000000000000000000220020200000222222222222000000000
00000000030003333230000003433323323333333334434444445555544444444433333333333444444555555444333344444444440344432343330033343200000000000000000000000022000000000000000220220000000222222222022000000000
00000000000003333000000233343430023333333333344444445555544444333333333333333333344444555544443434444444442333443333344344333300000000000000000000000002000000000000000022222222220002222220000000002200
00000000000000033343300232233300244333433333433445444555444444444344333333333333333344455444444443443444444434443333344322232300000000000000000000000000000000000000000022222220200002222200000000002200
00000000000000023323000432300003433443334333444345455455444444444444433333333333333334444444444433444444444444432434333320000330022000000000000000000000002200000000020222222000000000000000000000000000