00002222222222220000000000000000000000000000000022222222222222222200000000000000022000000002200030223300333333334333333333333333334433330000000000000000000000000000000000000000000000000000000000000000
00000022222222002000000000000000000000000000000022222222222222222200000000000000000000000003302202222233323333343433333333333333344444430000000000000000000000000000000000000000000000000000000000000000
00000222222222222000000000000000000000000000000022022222222222222000000000000000000003002032223232333333333333334444444333333333344444443000000000000000000000000000000000000000000000000000000000000000
00000222222222220000000000000000200000000000000222022222222222000000000000000000000003032003233323323333333333344444444443333333344444444000000000000000000000000000000000000000000000000000000000000000
00000000222222000000000000000222220202000000002222222222222222020000000000000000000000220222233233333333333333444444444444333333344554444400000000000000000000000000000000000000000000000000000000000000
00000000022222000000000000002222222222220000022222222222222222000000000000000000000022232232232233333333333444444444444444444333344555444440000000000000000000000000000000000000000000000000000000000000
00000000000000000000000000022222222222222000222222222222222220000000000000000000000022333332233333333333334444445444455544444433344555554440000000000000000000000000000000000000000000000000000000000000
00000000000000000000000000222222222222222200222222222222222222200002000000000000000322323233223333333333344444455544455555444443445555554442000000000000000000000000000000000000000000000000000000000000
00000000000000000000000000222222222222222200222222222222222222200002000000000000000222333333333333333333444445555544555555444444445555554444000000000000000000000000000000000000000000000000000000000000
00000000000000000000000000222222222222222220222222222222222220022222200000000000300232333332233333333334444445555555555544444444444444444433000000000000000000000000000000000000000000000000000000000000
00000000000000000000000000222222222222222200222222222222222220222222200030000000032222322332333333333344444455555555555555555444444444434443000000000000000000000000000000000000000000000000000000000000
00000000000000000000000000222222222222222220222222222222222222222220222003000003332223333323333333333333444444445545544555555444444443333333300000000000000000000000000000000000000000000000000000000000
00000000000000000000000000222222222222222222222222222222222222222222222333002223302223333333333333333334344444444444444555554444344333333333300000000000000000000000000000000000000000000000000000000000
00000000000000000000000000222222222222020202222232222222222222222232222333003223300223333333333333333334433434434444444555554443333333333333330000000000000000000000000000000000000000000000000000000000
00000000000000000000000000222222222220022222222222222232222322222333223233322333332233333333333333333333333334443444444555444433333333323333303000000000000000000000000000000000000000000000000000000000
00000000000000000000000000222002222200022222222222333223233222222333233233333333333333333333333333333333333434444444444444433333333322223200200000000000000000000000000000000000000000000000000000000000
00000000000000000000000000022222222002222223222222322233232332222322333333333333303333333333333333333343434344444344444444433333323222223203200000000000000000000000000000000000000000000000000000000000
00000000000000000000000000000222222202222022223233222232232223322232333333333333332333333333333333334434444444444444444444333333332222202200000000000000000000000000000000000000000000000000000000000000
00000000000000000000000000000022022302232222232232333202332332222222333333333333323333333333333333333344344444444444434433333332223222222200000030000000000000000000000000000000000000000000000000000000
00000000000000000000000000000000302202222332333232333322223333222222332333333333333333333333333333344334444444444334333333333333223233222222000000000000000000000000000000000000000000000000000000000000
00000000000000000000000000000003032203223323222222203333323333222223333333333333333333333333333333344443444455544433333333333333332233222322000000000000000000000000000000000000000000000000000000000000
00000000000000000000000000000000232232233333333203300332330323222333323333333333333333333333333333333334444555554444333333233323333233222330300000000000000000000000000000000000000000000000000000000000
00000000000000000000000000000000232333323332223332233333233333222333333333333333333333333333333333334444445555554443333333333222222332232223300000000000000000000000000000000000000000000000000000000000
00000000000000000000000000000000003320323222233333333232333222222333333333333333333333333233333333333444445555544333333333333332323332322332000000000000000000000000000000000000000000000000000000000000
00000000000000000000000000000000000033333333333330003203333333222333333333333333333333333333333333344444545555554433333333333333333332332222000000220000000000000000000000000000000000000000000000000000
00000000000000000000000030000000003333330333232333303233233332223333333333333333333333333333333333434444555555444333333333333333333333333222000000220000000000000000000000000000000000000000000000000000
00000000000000000000000022300000030303333323333333333333333232333333333333333333333333333333333333344445555554434333333333333333333333323232000002222200000000000000000000000000000000000000000000000000
00000000000000000000000022030000000332333233333333333333333332333333333333333333333333333333333333344445555554433323333333333333323233222232000022222200000000000000000000000000000000000000000000000000
00000000000000000000000003000000000033332333333333333333333333333333333333333333333333333333333344344444555544333333333333333333333333333222000222222200000000000000000000000000000000000000000000000000
00000000000000000000000000000000002333333333333333333333333333333333333333333333333333333333333334434444454444433333333033333333333333332222000222222220000000000000000000000000000000000000000000000000
00000000000000000000000000000000003333333333333333333333333333333233333333333333333333333333333343444445555444443333323333333333333333333222000222222222000000000000000000000000000000000000000000000000
00000000000000000000000000003300003233333333333333333333333333333333333333333333333333333333333333444445555544443333232333333333333223333300000222222222200000000000000000000000000000000000000000000000
00000000000000000000000000003033033333333333333333333333333333333333333333333333333333333333333334344345555545433323233333333333333333333300000222222222200000000000000000000000000000000000000000000000
00000000000000000000000000300303303333333333333333333333333333333333333333333333433333333333333334344455555544443333333333333333333333333330000222222222220000000000000000000000000000000000000000000000
00002000000000000000000000323000333333333333333333333333333333333333333333333333333433333333333333444445555544433333333333333333333333333000000002222222222000000000000000000000000000000000000000000000
00000000000000000000000030323003033333333333333333333333333333333333333333333334344334333333433443443555555444443333333333333333333333300000000002222222222000000000000000000000000000000000000000000000
00000000000000000000000000030223333333333333333333333333333333333333333343333343434343333333343333444555555444443333333333333333333233323300000002222222222000000000000000000000000000000000000000000000
00000000000000000000000000300222333333333333333333333333333333333333333333333434444444433333334434444455555444333333333333333333333333323300000002222222222000000000000000000000000000000000000000000000
00000000000000000000000000000220332333333333333333333333333333333333333333433334444444433333434444444555555444443333333333333333333323330000000000222222202000000000000000000000000000000000000000000000
00000000000000000000000000000000233333333333333333333333333333333333333343434344344443333333344443343545554444443333333333333333332333330000000000000220220000000000000000000000000000000000000000000000
00000000000000000000000000000230233333333333333333333343333334433333333343343334343333333333444334434445444444433333333333333333333233333000000000000000000000000000000000000000000000000000000000000000
00000000000000000002000000000222233333333333333333333344443434443333334344334434444434344333443333434344444444443333333333333333333233200000000000000000000000000000000000000000000000000000000000000000
00000000000000000000000000000222203333333333333333333334344343444433344444444444444334444333433333344443344444433333333333333333330222220000000000000000000000000000000000000000000000000000000000000000
00000020000000000000000000000222203333233333333333333344433344444443444444444444434334433333434334344434344444333333333333333333330302222022000000000000000000000000000000000000000000000000000000000000
00000000000000000220000000022222003033333333333333334344344444444444344444444444443333333443443333434443443344333333333333333333333222022222022000000000000000000000000000000000000000000000000000000000
00000000000000000220000000022220000033233333333333334444444444444444444444444444444344333344444444444444444343333333333333333333323220022222022000000000000000000000000000000000000000000000000000000000
00000000000000002220000000022222002222233333333333333344444444444444444444444444444333444434444444444444444344333333333333333330000020222200000000000000000000000000000000000000000000000000000000000000
00000000000000222220000000022022222223333333333333344444444444444444444444444444444334434444444444444444443334333333333333333300002002222220020000000000000002200000000000000000000000000000000000000000
00000000000022222000000000022222232303333333333333434343444444444444444444444444444343444444444444444444444433333333333333333032000000222222020000000000000222220000000000000000000000000000000000000000
00000000000022222000000022222222000302333333333333333334444444444444444444444444444444444444444444444444444333333333333333333333000302222222022220000000022222220000000000000000000000000000000000000000
00000000000022222000000022222222203002233333333333333434444444444445444444444444444444444444444444444444444433333333333333333333000022222222222220000000222222220000000000000000000000000000000000000000
33333000000022222033000300222222333333033333333333333333444444444455444454444444444444444444444444444444444334333333333333330323322222222222222020000002222222222000000000000000000000000000000000000000
33320000000022223232000000222332323233222233333333333334444444444445445555444444444444444444444444444444444434333333333333333223233223222222222200000002222222222000000000000000000000000000000000000000
33300000022022322232330332222333202222333333333333333334443444444445455555544444444444444444444544544444444444333333333323332033332222222222222200000002222222220000000000000000000000000000000000000000
33000020300032300223323322332232222322330030233333333334344434444444445555544444444444444445555555554444444443333333333320332200232222222222222220000002222222220000000000000000000000000000000000000000
33033333000022002223222222222222232333200003333333333333333344333344434444444444444444445555555555544444444444333333333223022203223222222222222222000002222222220000000000000000000000000000000000000000
33330303033022223333223232222002323302332023300303333333333333333333334444444444444444444555555555544444444343333333333323200000222222222222222222000002222222222000000000000000000000000000000000000000
33330330033022322233332220222222323302232033033003333333333333333333334444444444444444445555555555544444444333333333333333300000323222222222222222200002222222222000000000000000000000000000000000000000
33333230333332322232230230022003002333330333003333333333333333333333333344444444444444444555555555544444443333333333333333333333233332222222222222200002022222222000000000000000000000000000000000000000
33333332233333333332332223032222000032300332233333333333333333333333333344444344444444444455555555554444444433333333333333333333333323222222222222200000022222222000000000000000000000000000000000000000
33333333333333333223333330023202000033330223333333333333333333333333333333444444444444444555555555554444444333333333333333333333333223232322222222200000022222222000000000000000000000000000000000000000
33333333333333333323333200000000000033333003333332233332333333333333333333334444444444444444445555544444444433333333333333333333333232022232222222200002222222222200000000000000000000000000000000000000
33333333333333333333323203333002300332233003333222232223333333333333333333344444444444444444444444444444444433333333333333333333333320333332222222200002222222222200000000000000000000000000000000000000
33333333333333333333322322200332200300022333333202232333333333333333333333344444444444444444445544444444444443333333333333333333333330033323232222002022220222222220000000000000000000000000000000000000
33333333333333333333333333333332230300032023333332333033333323332233333333334443444444444444444444444444444433333333333333333332333332223322332222200222222222222220000000000000000000000000000000000000
33333333333333333333332332233330320000033033333333333333323333333333333333333343434444444444444444444444444444333333333333333333333203222332222222000202222222222222000000000000000000000000000000000000
33333333333333333333333303333333332333332333333333333333333333333333333333333343343344443444444444444444444343333333333333333333333322322233222222000020022222222222000000000000000000000000000000000000
33333333333333333333333330333333333333333333333333333330333333333333333333333333333443343444444444444444433443333333333333333333333322332322332222000020022222222202000000000000000000000000000000000000
33333333333333333333333333333333333333333333333333333330332333333333333333333333334333333444444444444444444343333333333333333300333330032022022222222202200022222202000000000000000000000000000000000000
33333333333333333333333333333333333333333333333333333323333333333333333333333333333343334444444444444444444444333433333333333333232330000223022002222222222222222222200000000000000000000000000000000000
33333333333333333333333333333333333333333333333333333333333333333333333333333333333333333444444444443344444333333333333333333333323333000333000002002222222222222222200000000000000000000000000000000000
33333333333333333333333333333333333333333333333333333333333333333333333333333333333334333444444455544343343333333333333333333333333332222230300002222222222222222222220000000000000000000000000000000000
33333333333333333333333333333333333333333333333333333333333333333333333333333333333434334444444545554434343333333333333333333333333333233200000002222222222222222222222000000000000000000000000000000000
33333333333333333333333333333333333333333333333333333333333333333333333333333333333333334444444455555443333333333333333333333333333332200000000002222222222222222202022200000000000000000000000000000000
33333333333333333333333333333333333333333333333333333333333333333333333333333333333333333333434455555443333333333333333333333330033332302222000002222222222222222222222020000000000000000000000000000000
33333333333333333333333333333333333333333333333333333333333333333333233333333333333333333333444445555444433333333333333333333003032232302222000020222200000222222222222020000000000000000000000000000000
33333333333333333333333333333333333333333333333333333333333333333333333333333333333333333333344455555554433333333333333333333323322003330322222222222222222222222222022200000000000000000000000000000000
33333333333333333333333333333333333333333333333333333333333333333303333333333333333333333343345545555554444333343333333333333223333330330032222222222222222222222222022200000000000000000000000000000000
33333333333333333333333333333333333333333333333333333333333333333323333333333333333333333333333444555544444444444333333333333332333333330023222222222222222222222222222200000000000000000000000000000000
33333333333333333333333333333333333333333333333333333333333333333333333333333333333333333333344445455444544444433333333333333332303333223223322222222222222222222222222220000000000000000000000000000000
33333333333333333333333333333333333333333333333333333333333333333332333333333323333333333334344444545544444444444333333333333333222332333232200002222222222222222222222200000000000000000000000000000000
33333333333333333333333333333333333333333333333333333333333333223333333333333222333333333333433444455444444444444344333333333332233333333232200020022222222222222222222200022220000000000000000000000000
33333333333333333333333333333333333333333333333333333333333333332333333333333323333333333334433434444444444444444444333333333332233332232222000002022222222222222222222202222222000000000000000000000000
33333333333333333333333333333333333333333333333333333333333333332333333333333323333333333334444444444444444444444444443333333233332233222322000000022220022222222222202222222222200000000000000000000000
33333333333333333333333333333333333333333333333333333333333333233333333333333332333333333333444444444444444444455554433333332333322223323332000000222220022222222222202222022222220000000000000000000000
33333333333333333333333333333333333333333333333333333333333333333333333333333333333333344333444444444444554444455554433333333333232230000303000222222222222000222220022222222222222000000000000000000000
33333333333333333333333333333333333333333333333333333333333333333333333333333333333333333434444444444455454444455554344443333322322220303332000222222222220000000000222222222223332300000000000000000000
33333333333333333333333333333343333333333333333333333333333333333333333333333333333333343444444444445555544444555544444433333333333220003222300222222222220000000000222222222233323320000000000000000000
33333333333433333333333333333433333333333333333333333333333333333333333333333333333333334444444444444555555445554554444444333333333000330033300222220220200000000002222222222233333333000000000000000000
33334333344333433333333444344333333333333333333333333333333333323333333333333333333333334444444444555445555555555554444444333332220300000003303222222202000000000002222222222333333333300000000000000000
34333433333333333343433433343343333333333333333333333333333333333333332333333333333333333443444444555454555555555554444444433333030222200032322222222220022000000002222222222332333333330000000000000000
33333333333333333333444344444344333333333333333333333333333333233333330230333333333333333444444444455555555555555555444444333333003000002332323322222222222000000000002220222333333333333000000000000000
33333334333333433334443443443344333333333333333333333333333333333333330220333333333333333334444444445555555555555555544444333333332003002233232322222222222000000000022202222233333333333300000000000000
33333343333333333334433343443433333333333333333333333333333333333322003033333300033333333333333334444555555555555555544443333333222002203332322322222222222200000000022000222333333333333330000000000000
43333333333333333333433444443344333333333333333333333333333333333223330333333300333333333333333344445555555555555555544443333330222333333333333222222232222230000000000020222333333333333333000000000000
34333343333333333334344444334444433333333333333333333333333333333332033333333333333333333233333334445555555555555555544443333330003333302333333333222233222020000000000000223333333333333333300000000000
33333443333333333443344433433343334333333333333333333333333333233233233333333333333333332333333344444545555555555555544444333333233333333333333323222232223322000223000002222333333333333333330000000000
34433344444333333443434334443334334333333333333333333333322233333333333333333333333330333333333444444444555555555555554444433332333333333333322223233332322222200223300000222233333333333333333000000000
43344444444433334443444343344333334333333333333333333333333333333333333333333303333333333333334444444444555444545455544444333333333333333333322222323332222222220220000000022233333333333333333300000000
33334444444443344444444434444333333333333333333333333333333333333333333333333332333332333333344554444444444444444445444444333323333333333333332333333222222232220222000000033333333443434333333330000000
33344444344444444444444433444434334333333333333333333333333333333333333333333333323333333334445554444444444444444444444444343333333333333333333333322222322223320333300002323333333444443334443334000000
33444443444434444444444444444333333333333333333333333333333333333333333333333333322333333444555554444444445555444444444443443333333333333333333333323233333200333333233322323333333344444444333344400000
33444443444334444443333333343443333333333333333333333333333333333333333333333333333233333444455544434444455555544444444444333333333333333333333334442333333330233333333332233333333444444444433444445500
33444433444334444333333333343433333333333333333333333333333333333333333333333333330333334444445544444444455555554444444444333333333334333333333343434333333334333333343333333333333444444444444444555500
34344434344334444333333333433433333333333333333333333333333333333333333333233333303333333334444444344444455555554444444333333333333334443433333434434334333333333333333443333334344444444444444444555550
33334443343334443333333333333333333333333333333333333333333333333333333333333333303333333333344444334444444455544444444433333333333444444433333443435454444444334444434553433334444444444444444444555555
34334443433344443333333333333333333333333333333333333333333333333333333333333323303333333333334444333433434445444444443443333333344444444434444434454545555455555444444555544434444445555544444444444444
33344444333344433333333333333333333333333333333333333333333333333333333333333333303333333333333333333333333444444444444444433343334444444444434444444555555555554443435555555444444445555544443444444334
33344444333444433333333333333333333333333333333333333333333333333333333333332323333333333333333333333333333344444444444555555454334445555444444344445545555555544444444444445444444455555544443333433333
33333444333444444333333333334333343333333333333333333333333333333333333333333333332333333333333333333333333334444444455555555543334445555555444444444545555555554444434343333444444555555544443333333333
33333444344444433333333333334333334433333433333333333333333333333333333333333333333333333333323333333333333333334444455555555543333445555555444444444454555545444444443333333334444555555544444333444443
33433444344444333333333333333333333433334333333333333333333333333333333333333323330333333333222333233333333333333333455555555543433445555554444344443444444455544444444444433444444455555544444434444444
33333343444433333333333333333333333333333443333333333333333333333333333333332332203333333333322333030233333333333333445555555544433444455444443433444444434444444444444344444444444444555554444444444444
33333434444433333333333333333333333334334444333333333333333333333333333333333230023333333332322022223323333333333333345445555554444444444444444433344344433344444444444444433344444444455544444444444444
33334444434433333333334333333333333334434333333333333333333333333333333333322303023333333332220000223333333333333343444445555555444344444443444434433444433444444444444444344343444444444444444444455554
33333443344433333333434433433333333444333333333333333333333333333333333333223323033333333302233333220003333333344343344445555554544344444333333343443333332433444434444443433333444444444444444445555554
33333333444433333334444443333333334433334333333333333333333333333333333322222202333333333333200300233003333333333443334454444544444343433333334443433333333334333344444443333333333444444444444445555555
33333443443333344344444444444334444344334333333333333333333333333333333333333332333333333333300300200003233332333343334344444444444433333333333333333433323334343334443333433333333344444444444445555555
33333334443333344344444444444444444344443333333333333333333333333333333230233333333333333333333200200220000330333333333344344444444433333333333343320033323333333333344433333333333343344444344444555555
43333343443334444434445455444444343334433333333333333333333333333333323232333233333333333333033333300330023020033233433333344444444444343332333333220022322233333332333333333333333333344443334444445555
33333344433334444434445555554443334333333333333333333333333333333333333322333303333333333330002222003000003323332232343333444434444433433322332333200200032332332233333333333333333333344333344344444444
33333344333334444443445555544444343333333333333333333333333333333333333322330333333333333332333303330220222222232222243444444333334444333323223322220002323222233333233323333333233333333333333333344444
44433343343334444434445555444443333333333333333333333333333333333333333323233333333333323332333000000230223222222222223434444333333443333222222222222002222222232223333223333303333333333333333333333444
44443334443344444434445554444444343333333333333333333333333333333333333323333333333333333233333200333323322222222222323432333433333443333333222222222202222222232223320333333323333333333333333333333344
44443334433444443344445544444433443333333333333333333333333333333333333223332333333333333333333333333333322222222222222343333333333344333323332222222202222222222222330023333323333333333333333333333343
44444334434444444344444444444434333333333333333333333333333333333333333233323333333333333333333333330333322222222222223322222333433334333333333232222200022022222223222003333333333300032333333233333333
44444334334444444444444443443333333333333333333333333333333333333333332333333333333333333333333333333333320222222222222222223333343333344433333222222200222222222222222222223333333220000333333233333333
44444433233444544444444434333333333333333333333333333333333333333333333333333333333333333333333333333333300022222222222223233333233334444443333232332200022222222222222222223323232300000222333322333333
44444432034445444444444433333333333333333333333333333333333333333333333333333333333333333333333333333333000022222222222222333233323433443334333333333200000200222222222222222222222222000303323200033333
44444330044444444444443433333333333333333333333333333333333333333333333333333333333333333333333323233332300022222222222322233323323333333333333333332330000222222222222222222222202222000000222200300200
44443332034444444444433433333333333333433333333333333333333333333333333333333333333333333233333333333330000022222222222222222320333333343332333333333333332022220202222222222222222222000000222222222000
44443222244444444444443333333333333333333333433333333333333333333333333333333333333333233333333322333333302222222222222222222322332233333432332333333330332000022220022222222222222222000222022022222202
44433232344444554444333333333333344343333333333333333333333333333333333333333333332333332322233332333333302222222222222222232232223233333333223333333320033000002222022222222222222222000222220202222202
44432333444444544444333322233333344433333333333333333333333333333333333333333333232333333333232233332333302222223222222222222223223322233332333333333303022000000002022222222222320000000002222222222222
43322333444444444443333322223333343333333333333333333333333333333333333333333333333233333333332323333232302222222222222222222230323333233223233333333323022000000000022200222222230000220002222222222222
33323334444444444433332000022233333333333333333333333333333333333333333333333333333333333333332220322223323333333332322222222223332233323233233333333333222000000000000000022232230000000020222222222222
33333334455444444433332002232233333333333333333333333333333333333333333333333333333333333333332223323232333333333332232222222233333333333322333333333322222000000000000020022220220000000000222222222222
33333334554544444443322022333333333333333333333333333333333333333333333333333333333333333333233323333323332332333332332222222223333323323233333333333322222000000000000000020200000000000002200222222202
33333334554544444443333223333333333333333333333333333333333333333333333333333333333333333233323333233332333333333233222222222223223333333322232332333222222200000000000000222000000000000000020000022222
33333334545554444333332223333333333333333333333333333333333333333333333333333333333333333323332333333322333333333332332222222003332333233333333322333222222200000000000000222000000000000000000002222222
33333444555554433333322223333333333333333333333333333333333333333333333333333333333333333333233233333223333333333333332222202223222333323333333323232202232200000000000200000000000000000000000000022220
44444444555444333333222222333333333333333333333333333333333333333333333333333333333333333333333222223233333333333233333222200223333233333333333332322222222200000000000000000000000000000000000000000200
44444455544433333333333322223332333333333333333333333333333333333333332230322333333332322222222222223333333323333233333320000000033333333333333323222222222200000000000000000000000000000000000000000000
44445555555444443333333332200002333333333333333333333333322333232332230002222222222323222222222222223323333333233333332220000033332333333333233332222222222000000000000000000000000000000000000000000000
44455555554444444333333333333003333333332300332222223222222223222222000022222222222333222222222222223222332323333333223332222233003233333333233332222222222200000000000000000000000000000000000000000000
44445555554444444433333333333333333333300023032222222222222222222222222222222222222333222223222222223333333223333332333322022223333333333333333322222222222200000000000000000000000000000000000000000000
44444555544444434333333333333333333333200023332222222222222222222222222222222222222233322233322222222333223223333333323220000222333333333333333332222222222200000000000000000000000000000000000000000000
44444455544444443333333333333333320000000022032222222222222222222222022222222222222222332223322222222333332333333233333300000033333333333332333333222222222220000000000000000000000000000000000000000000
44444444444444444333333333332222232220332300322222222022022222222222022222222222222233332223332222222333233233333333333332222033333333333333333333222222222222000000000000000000000000000000000000000000
44444444444444444333333333322323232232322000002222222022022222222222222222222222222233333223333222222333333233333333333332322233333333333333333333222222222223000000000000000000000000000000000000000000
44444444444444444433334332223332322222220000002222222022222202222222222222222222222023333323333222222333233333333333333333323233232333333333333333222222222223000000000000000000000000000000000000000000
44444444444444333443333333332222233222220000002222222022222202222222222222222222222222323322333222222333333333333333333333300333333333333323333333222222222223000000000000000000000000000000000000000000
44444444444444443333333333322222222222222000000222222000222222222222222222222222222222333232333322222233333333333333333332003033333333333333333332222302222230000000000000000000000000000000000000000000
44444444444444443333334333222030022220002200000022220022222222222022222222222222222222233232333322222233333333333333333333223033333333332333333333222222222230000000000000000000000000000000000002222022
43444444444444443333334333322200222220000200000002220222222222222222222222222222222222233233233332220233333333333333333333033333333333333333333332222222222230000000000000000000000000300000000000200222
43344444444444444333344333022222220200000000000000002222222222222202222222222222222222223333333332222233333333333333333333333333333333333333333323232222220330000000000000000000000022000000000020022022
43344444444444444343333333023222220000000000000000002222222222222222222222222222222222223233333332222233333333333333333333333333333333333333333332232222200330000000000000000000000022000000000000022023
44455444444444443333444333323320233000000000000000022222222222222222222222222222222222222202333333300233333333333333333333333333333333333333333332232200003300000000000000000000000000022200000000022322
44555544444444444444444433223330000000000000000000022222222222222222222222222222222222222233333333320033333333333333333333332333333333333333333332230020023300000000000000000000000022222002220222223222
45555544444444444444433300323300000000000000000022222222222222222222222222222222222222223333333333320033333333333333333333333233333333333333333332232020033300000000000000000000000022222222220033323233
44555544444444444443333323333220000000000000222222222222222222222222222222222222222222222233333333332223333333333333333333332333333333333333333332330000033000000000000000000000000000022000002333333333
34455444444443333334444332433220000000000002222202222222222222222222222222222222222222222222333333332223333333333333333333322333333333333333333330330000033000000000000000000000000200022202323333334434
33444443333343333333444444333000000000000022222202222222222222222222222222222222222222222223333333333003333333333333333333333333333333333333333330330000033000003230033332223000233322333333333333333433
33444444444444433343333434333000000000000000022222222222222222222222222222022222222222222223233333333303333333333333333333332033333333333333333323330002333000233032233023303000223322333223333333333334
33333434434444433333333334433000000000000000000022222222222222222222222222022222222222222222333333333303333333333333333333332033333333333333333323330002332000333302330033303003333023332333233333344444
33344434345454443333333344333320000000000000000000202222222222222222222222202222222022222222333333333333333333333333333333332033333333333333333323330003332003333003302333322003332333333333333334334444
44444434344443333333333344333330000000000000000000022222222222222222222220000022222022222222033333333333333333333333333333333333333333333333333323330003332003333343302333222302243333333332333334344444
44443433433334333333333344333330000000000000000000002222222222222222222220200222222222222222233333333333333333333333333333332333333333333333333333300003330223323330033333000000433333333333333334434444
33333333333333333333333343333333230000000000000002222222222222222222222022200022022222222220332333333333333333333333333333333333333333333333333333300023322323433000023322000003333334433333333333444444
43333333333333333333333333333333230000000000000002222222222222222222222022202222222222222222022333333333333333333333333333333333333333333333333333300033323233333300032232000003343343343333334334444444
33333333333333333333333333333333300000000000222222222222222222222222222222222222222222222220002233333333333333333333333333333333333333333333333333300033333333202220033300220003333333433333333334444445
33333333333333333333333333333333300000000002222222222222222222222222222222222222222222202222002223333333333333333333333333333333333333333333333333300033333322003332003422223303333334443333333334444555
33333333333333333333333333333333333020000022222222222222222222222222222222222222222222222222223333333333333333333333333333333333333333333333333333300333333322233333033322233333333334443333333334444455
33333333332333333333333333333333333330000222222222222222222222222222222222222222222222222222222223333333333333333333333333333333333333333333333333302333333222233223303332333333343333333333333344444555
34333334333332333333333333233333333303000022222222202222222222222222222222222222222222202222223233333333333333333333333333333333333333333333333333002333322222233232323334443333343333333333333344444555
43343333332333333333334333233333333022222222222222222222222222222222222222222222222222222000023303333333333333333333333333333333333333333333333333003333330222333222233343443343433333333333333444444555
33333333332332333333334332233333330333322222220022222222220222222222222222222222222222222000020020233333333333333333333333333333333333333333333333003333300222333223033334443334333333333333333444444555
33333323332333333333333432033333333333300220000022222222200222222222222222222222222222222000222022333333333333333333333333333333333333333333333333033333300323322222223334433334333333333333333444444455
33222222222333333333322342022333333333322200022222022220222202222222222222222222222220020222220032333333333333333333333333333333333333333333333333233333300323332332223433343444333333333333333444344455
33222233333333333323222233023333333333322000022220000202220002222222222222222222222222202222220032233333333333333333333333333333333333333333333333333333203333322223333334333433343433333333333434444444
22220233233333333333333323203223002333332200222202222222000002222222222222222220200222222222222232333333333333333333333333333333333333333333333333333333033333032224333333344433343333333444434444444444
22222323333333333333333332202322323333333300220002222222002222222222022222222222222222222222222222323333333333333333333333333333333333333333333330333333033333003343333444344444433333334444444444444444
00003322333233323333333333333233333333333333000002202200002222222222220022222222222222222022222223023333333333333333333333333333333333333333333333333332233333033434334444444443333333334444444455544444
00002202332223333333333333333333333333333333002222000000002222222222200222222222222222002222222220322333333333333333333333333333333333333333333333333332333333223333434334444333333444444554544555544444
00003203333333333333333333333333333333333333322222000000000222222222002220222222222022222222222222233333333333333333333333333333333333333333333333333333333330234334444344444433333444455555555555444444
02003323332232333333333333333333333333333333333300000000000222222022222202222222222222222202222222022333333333333333333333333333333333333333333333333333333333444334333444444333333344455555555555444444
03033322223222333333333333333333332333333333333200000000002202222222222002222222222222222222222222032233333333333333333333333333333333333333333333333333333334443334343444444343343444455555555444444433
33333322223232333333333332223233222233333333333200000000000222202222020222222222222222222222222222222233333333333333333333333333333333333333333333333333333344333333444444444444333444555555555444443343
33333220000000233333333333223332222233333333333220000000002222202222220222222222222222222222222222222233333333333333333333333333333333333333333333333333333433330324444444344344444445555555555444434444
33333220000002233333333223322332222222233333333320000000002220002222200222222222222222222222222222222333333333333333333333333333333333333333333333433333334333333234444334444333344455555544554444433334
33333202222222220223320223222232202222222333333333222000220022200022222222222222222222222222222222222333333333333333333333333333333333333333333333333333333433320234434344444344444455555444444443433333
33333222223333320233333022220222022022223223333333332000220222200022022222222222222222222222222202222233333333333333333333333333333333333333333333333333333333320343443344444434444445444444444433333333
33333303322322230333332222222222223222223222233333333022222022222222200222222222222222222222222022222323333333333333333333333333333333333333333333333333333333344433434444444444444444444444334433333333
33333302332222002333303222220222222322222222233333333022220022222202200222222222222222222222222222222233333333333333333333333333333333333333333333333333333330343344344445555544444444444443333333333333
33333333322222233333332222220222222222200000222233332022220222222222222222222002222222222222222222222223333333333333333333333333333333333333333333333333333323443333444454555544444434443333333333333333
33333333233233233333023333222222222222222022322200023223222222222222222222222222222222222222222222222222333333333333333333333333333333333333333333333333334344433333445555555544444344333333333333333333
33333332333332333320222233222222222222232222223303032322322222222222222222222222222222222222222222222222233333333333333333333333333333333333333333333333334444443444555555555543333433333333333333333333
33333333333333333202222230222222222222222022222200022222222222002222222222220222222222222222222222020022233333333333333333333333333333333333333333333443344444443344555555555443333333333333333333333333
33333333333333222202232200222222222222222222323200222222322222222222222222220222222222222222222222200022333333333333333233333333333333333333333333333434444344433434455553554433333334333333333333333333
33333333333330222222222222222220220202222222222202323222322222222222222222222222222222222222222222200220003333333333333323333333333333333333333333333444444343444344455453444333333333433333333333333333