11111110000000011000000001111111111111111111111111111100111000000011111111111111111111111111111111111011111110000011110001111111111111111111111100111111111111000001111111111100000111111000000000000000
11111110000000011000000001111111111111111111111111111100111000000011111111111111111111111111111111111011111110000011110001111111111111111111111100111111111111000001111111111100000111111000000000000000
11111001110011000110000001111111111111111111111111101111011111000000000000000000001100100111111111111000110000000011110111111111011111111111100011111111111111011001000000000000001001100111001000000000
11111001110011000110000001111111111111111111111111101111011111000000000000000000001100100111111111111000110000000011110111111111011111111111100011111111111111011001000000000000001001100111001000000000
11111111111111100000000001111111111111111111111111111111000000110000000011000110000000000000110000000000000111111011000001101100011111111111100011001110010000011000000011100011000111111000111000000000
11111111111111111000000011111111111111111111111111111111100000000000011000110000000000000000000000000000001111111111111111100011000000111110000100110001101111100111110011111011111111111100000000000000
11111111111111111000000011111111111111111111111111111111100000000000011000110000000000000000000000000000001111111111111111100011000000111110000100110001101111100111110011111011111111111100000000000000
11111111111111100000110001111111111111111111111111111111000000000000000000110000000000000000110000000000001111100011000000000000011000111101100111001110010000000001110000000100111111111100000111101100
11111111111111100000110001111111111111111111111111111111000000000000000000110000000000000000110000000000001111100011000000000000011000111101100111001110010000000001110000000100111111111100000111101100
11111111111100111111110001111111111111111111111111110011000000000000000000000000000000000000000000000000110111100100000000000000000110111101100100111111110011111001111101100111001111111100110000000000
11111111111111111001000011111111111111111111111111110000000000000000000000000111111111111000000010000011111110011111000110001111100001111110011000001111110000111111110000000000111111111000110000000000
11111111111111111001000011111111111111111111111111110000000000000000000000000111111111111000000010000011111110011111000110001111100001111110011000001111110000111111110000000000111111111000110000000000
11111111110000100110111111111111110000221111111001100000000000000000000000000000001111111000000000000000000000000000000001100011100000111110011100000000011111111111110010011111110111111000110000000000
11111111110000100110111111111111112222221111111001100000000000000000000000000000001111111000000000000000000000000000000001100011100000111110011100000000011111111111110010011111110111111000110000000000
11111111111111000110111111111111112222221111111111100000000000000000000011000000010000100000000000000000000000000111000000011111100000110000011100000111111111111111110011100000000001111011000000000000
11111112221111111110000001111111112222222221111111110000000000000000000011000111100000000000000000000000001000011111000001110000000000000011111100001110000000111111111111100100001001111100000000000000
11111110011111111110000001111111222220222221111121110000000000000000000011000111100000000000000000000000001000011111000001110000000000000011111100001110000000111111111111100100001001111100000000000000
00110111111111111110111111111111222220222221111020011100000000000000000111000001100000100000000000000000000111100000110000010000011110000001111111000000000000100000110011100000111000011000000000000000
00122221111111111110111111111122222222222011122222211100000000000000000111000001100000100000000000000000000111100000110000010000011110000001111111000000000000100000110011100000111000011000000000000000
00022221111111111111111111111122222222222011122222211100111000000000011000000000001111100000000000000000001111111000000000000000000000001100011100000110000000000000111100000111000000000000000000000000
00000001111111111111111111111122222222222011122222211100111000000000011000000000001111100000000000000000001111111000000000000000000000001100011100000110000000000000111100000111000000000000000000000000
00000000222221111111111111111222222222222011022220011100111000110000000000111000011100111110000000000000000000000000000000000000000000000001111111000000000000000001000010000000000000000100001000000000
00000000222220111111111111111222222222222111122221100011111111000001100111110001101100000000000000000000000000000011111000001100011000000000000000000000000000011001001110000011000000000100001001101111
00000000002220111112211111222222222222221111112221100011111111000001100111110001101100000000000000000000000000000011111000001100011000000000000000000000000000011001001110000011000000000100001001101111
00000000000220111112222222222011112222221111111111101100111110110010011111000111100011111000000000000000000110000000110001111111000000000000011000000000000000000000000000000011000001100100000110000000
00000000000220111112222222222011112222221111111111101100111110110010011111000111100011111000000000000000000110000000110001111111000000000000011000000000000000000000000000000011000001100100000110000000
00000000000002222222222222211111112222221111111111111111000110110001111011000000000000000000001100000000000000000000000110000000100000000001111100001000000000100000000000000000000110011011111000000000
00000000000002222222222222200000002222220011111111110011100110000001111111001111111100000000000000000000111000000000000000000000011000000010000011111000000000100000000000000000001111100000111111100000
00000000000000002222220000222222222222222011111111110011100110000001111111001111111100000000000000000000111000000000000000000000011000000010000011111000000000100000000000000000001111100000111111100000
00000000000000002222200000000222222222222011111111110000100000000010011111110111111111000000000000000000001000000000110000001100000000000001100000000000000000000000000000000000111111111000111111111111
00000000000000002222200000000222222222222011111111110000100000000010011111110111111111000000000000000000001000000000110000001100000000000001100000000000000000000000000000000000111111111000111111111111
00000000000000000000000000000022111112222112201111111100011000000001111111111111101111111000000000000000000000000000000000000000000000000010000000000000000000000000000000000111111110011111111111111100
00000000000000000022200000022011111112221222220111111111100110111111111111111111110011111110000000011000000000000000000000000000011110111110000000000000000000000000000000011011110110011100111000001100
00000000000000000022200000022011111112221222220111111111100110111111111111111111110011111110000000011000000000000000000000000000011110111110000000000000000000000000000000011011110110011100111000001100
00000000000000000000000000022111222112222002220111111111111110111111111111111111111100111111110010000000000000000000000000000000100111001100000000000000000000000000000000000111001001111100000000011100
00000000000000000000000000022211222222222220000111111111111110111111111111111111111100111111110010000000000000000000000000000000100111001100000000000000000000000000000000000111001001111100000000011100
00000000000000000000000000022211222222222220111111111111111111111111111111111111111100111111111110011100000000000011000110001100011000001100000000000000000000000000000000000000000111111100110000000011
00000000000000000000000000222200222222222220111111111111111111001111111111111111111111111111111111111100000000000011000111111100011110000000000000000111100000000000110000000100000001100000001110000000
00000000000000000000000000222200222222222220111111111111111111001111111111111111111111111111111111111100000000000011000111111100011110000000000000000111100000000000110000000100000001100000001110000000
00000000000000000000000000000000002222222221111111111111111111111111111111111111111111111111111111111111000000000100111111111111000110000000000000000000000000000000000000000000000000000000000110000000
00000000000000000000000000000000002222222221111111111111111111111111111111111111111111111111111111111111000000000100111111111111000110000000000000000000000000000000000000000000000000000000000110000000
00000000000000000000000000000011112222222221111111111111111111111111111111111111111111111111111111111111110000011000111111111100000000110000000000000000000000000000000000000011000000000111001110000000
00000000000000000000000000000000112002222220001111111111111111111111111111111111111111111111111111111111111000000011000001110011000000111100000000000000011100100000000000000000000000000000111110010000
00000000000000000000000000000000110000002222221111111111111111111111111111111111111111111111111111111111111000000011000001110011000000111100000000000000011100100000000000000000000000000000111110010000
00000000000000000000000000000000000000002222220001111111111111111111111111111111110011111111111111111111111110000000000001100000000000000000000000000000011100111110000000000000110000000100000000000000
00000000000000000000000000000000000000000222222221111111111111111111111111111112222211211111111111111111111110000000000001100000000000000000000000000000011100111110000000000000110000000100000000000000
00000000000000000000000000000000000000000222222221111111111111111111111111111112222200200111111111111111111110000000000000000000000000000000000000000111111111000000000000000000001111100011000000010011
00000000000000000000000000000000000000000002222221111111111111111111111111111112222222222111111111111111110000000000110000000000000000000000000000000111111111100000000000000100000000000100111000001111
00000000000000000000000000000000000000000000002222211111111111111111111111111111122222222111111111111111110000000000110000000000000000000000000000000111111111100000000000000100000000000100111000001111
00000000000000000000000000000000000000000000002222210011111111111111111111111111122222222111111111111111111000000000000111100000000000000000000000001001111100100000000000011000111110011111110001110011
00000000000000000000000000000000000000000000000022210222111111111111111111111111122222000111111111111111111000000000000111100000000000000000000000001001111100100000000000011000111110011111110001110011
00000000000000000000000000000000000000000000000002222222111111111111111111111111122222111111111111111111111000000000000000000000000000000000000000000001111100100000000000000000110001111111111110000011
00000000000000000000000000000000000000000000000002222222000001111111111111111111122222111111111111111111111000011000000000000000000000000000000000000001110011000000000000000011111111111100110110001111
00000000000000000000000000000000000000000000000000000222222222111111111111111122201100111111111111111111111000011000000000000000000000000000000000000001110011000000000000000011111111111100110110001111
00000000000000000000000000000000000000000000000000000000022222222111111111122222201111111111111111111111110110000000000000000000000000000000000000000000010011000001000001111111111000011100111001101111
00000000000000000000000000000000000000000000000000000000022222222111111111122222201111111111111111111111110110000000000000000000000000000000000000000000010011000001000001111111111000011100111001101111
00000000000000000000000000000000000000000000000000000000000222222011111111022222211111111111110010000011001000000000000000000000000000000000000000000000001100100001111100011011111110000111111111111111
00000000000000000000000000000000000000000000000000000000000222222111111100022222211111111111000001100000000000000000000000000000000000000000000000000000000000000000000000000011111110000011111111101111
00000000000000000000000000000000000000000000000000000000000000221111112202222222211111111111000001100000000000000000000000000000000000000000000000000000000000000000000000000011111110000011111111101111
00000000000000000000000000000000000000000000000000000000000000000010002222222220011111111111110000000000000000000000000000000000000000000000000000000000000000000000000000000011111000000011111000010000
00000000000000000000000000000000000000000000000000000000000000000010002222222220011111111111110000000000000000000000000000000000000000000000000000000000000000000000000000000011111000000011111000010000
00000000000000000000000000000000000000000000000000000000000000000000000022222201111111111111110000011000000000000000000000000000000000000000000000000000000000000000000000000011111000011100111000000000
00000000000000000000000000000000000000000000000000000000000000000000000000000020000000000000000000000000000000000000000000000000000000000000000000000000000000000000110000000011111000000100001000000000
00000000000000000000000000000000000000000000000000000000000000000000000000000020000000000000000000000000000000000000000000000000000000000000000000000000000000000000110000000011111000000100001000000000
00000000000000000000000000000000000000000000000000000000000000000000000000000000000000000000000000000000000000000000000000000000000000000000000000000000000000000000000000000011111110000000000000000000
00000000000000000000000000000000000000000000000000000000000000000000000000000000000000000000000000000000000000000000000000000000000000000000000000000000000000000000000000000011111110000000000000000000
00000000000000000000000000000000000000000000000000000000000000000000000000000000000000000000000000000000000000000000000000000000000000000000000000000000000000000000000000000011111110011000000000000000
00000000000000000000000000000000000000000000000000000000000000000000000000000000000000000000000000000000000000000000000000000000000000000000000000000000000000000000000000000000001110000000000110000000
00000000000000000000000000000000000000000000000000000000000000000000000000000000000000000000000000000000000000000000000000000000000000000000000000000000000000000000000000000000001110000000000110000000
00000000000000000000000000000000000000000000000000000000000000000000000000000000000000000000000000000000000000000000000000000000000000000000000000000000000000000000000001100000111110000000000000001111
00000000000000000000000000000000000000000000000000000000000000000000000000000000000000000000000000000000000000000000000000000000000000000000000000000000000000000000000001100000111110000000000000001111
00000000000000000000000000000000000000000000000000000000000000000000000000000000000000000000000000000000000000000000000000000000000000000000000000000000000000000000001110000111110000000000000000000011
00000000000000000000000000000000000000000000000000000000000000000000000000000000000000000000000000000000000000000000000000000000000000000000000000000000000000000000000001100111111110000111000001100000
00000000000000000000000000000000000000000000000000000000000000000000000000000000000000000000000000000000000000000000000000000000000000000000000000000000000000000000000001100111111110000111000001100000
00000000000000000000000000000000000000000000000000000000000000000000000000000000000000000000000000000000000000000000000000000000000000000000000000000000000000000000001111111111111111111111110000010000
00000000000000000000000000000000000000000000000000000000000000000000000000000000000000000000000000000000000000000000000000000000000000000000000000000000000000000000001111111111111111111111110000010000
00000000000000000000000000000000000000000000000000000000000000000000000000000000000000000000000000000000000000000000000000000000000000000000000000000000000000000000000001111111111111111111111000010000
00000000000000000000000000000000000000000000000000000000000000000000000000000000000000000000000000000000000000000000000000000000000000000000000000000000000000000000000001111111111111111111111000010000
00000000000000000000000000000000000000000000000000000000000000000000000000000000000000000000000000000000000000000000000000000000000000000000000000000000000000000000000000000111111111111111111000000000
00000000000000000000000000000000000000000000000000000000000000000000000000000000000000000000000000000000000000000000000000000000000000000000000000000000000000000000000000000000000110011111111000000000
00000000000000000000000000000000000000000000000000000000000000000000000000000000000000000000000000000000000000000000000000000000000000000000000000000000000000000000000000000000000110011111111000000000
00000000000000000000000000000000000000000000000000000000000000000000000000000000000000000000000000000000000000000000000000000000000000000000000000000000000000000000000000000000000000000011000000000000
00000000000000000000000000000000000000000000000000000000000000000000000000000000000000000000000000000000000000000000000000000000000000000000000000000000000000000000000000000000000000000011000000000000
00000000000000000000000000000000000000000000000000000000000000000000000000000000000000000000000000000000000000000000000000000000000000000000000000000000000000000000000000000000000000000000000110000000
00000000000000000000000000000000000000000000000000000000000000000000000000000000000000000000000000000000000000000000000000000000000000000000000000000000000000000000000000000000000000000000000000000000
00000000000000000000000000000000000000000000000000000000000000000000000000000000000000000000000000000000000000000000000000000000000000000000000000000000000000000000000000000000000000000000000000000000
00000000000000000000000000000000000000000000000000000000000000000000000000000000000000000000000000000000000000000000000000000000000000000000000000000000000000000000000000000000000000000000000000000000
00000000000000000000000000000000000000000000000000000000000000000000000000000000000000000000000000000000000000000000000000000000000000000000000000000000000000000000000000000000000000000000000000000000
00000000000000000000000000000000000000000000000000000000000000000000000000000000000000000000000000000000000000000000000000000000000000000000000000000000000000000000000000000000000000000000000000000000
00000000000000000000000000000000000000000000000000000000000000000000000000000000000000000000000000000000000000000000000000000000000000000000000000000000000000000000000000000000000000000000000000000000
00000000000000000000000000000000000000000000000000000000000000000000000000000000000000000000000000000000000000000000000000000000000000000000000000000000000000000000000000000000000000000000000000000000
00000000000000000000000000000000000000000000000000000000000000000000000000000000000000000000000000000000000000000000000000000000000000000000000000000000000000000000000000000000000000000000000000000000
00000000000000000000000000000000000000000000000000000000000000000000000000000000000000000000000000000000000000000000000000000000000000000000000000000000000000000000000000000000000000000000000000000000
00000000000000000000000000000000000000000000000000000000000000000000000000000000000000000000000000000000000000000000000000000000000000000000000000000000000000000000000000000000000000000000000000000000
00000000000000000000000000000000000000000000000000000000000000000000000000000000000000000000000000000000000000000000000000000000000000000000000000000000000000000000000000000000000000000000000000000000
00000000000000000000000000000000000000000000000000000000000000000000000000000000000000000000000000000000000000000000000000000000000000000000000000000000000000000000000000000000000000000000000000000000
00000000000000000000000000000000000000000000000000000000000000000000000000000000000000000000000000000000000000000000000000000000000000000000000000000000000000000000000000000000000000000000000000000000
00000000000000000000000000000000000000000000000000000000000000000000000000000000000000000000000000000000000000000000000000000000000000000000000000000000000000000000000000000000000000000000000000000000
00000000000000000000000000000000000000000000000000000000000000000000000000000000000000000000000000000000000000000000000000000000000000000000000000000000000000000000000000000000000000000000000000000000
00000000000000000000000000000000000000000000000000000000000000000000000000000000000000000000000000000000000000000000000000000000000000000000000000000000000000000000000000000000000000000000000000000000
00000000000000000000000000000000000000000000000000000000000000000000000000000000000000000000000000000000000000000000000000000000000000000000000000000000000000000000000000000000000000000000000000000000
00000000000000000000000000000000000000000000000000000000000000000000000000000000000000000000000000000000000000000000000000000000000000000000000000000000000000000000000000000000000000000000000000000000
00000000000000000000000000000000000000000000000000000000000000000000000000000000000000000000000000000000000000000000000000000000000000000000000000000000000000000000000000000000000000000000000000000000
00000000000000000000000000000000000000000000000000000000000000000000000000000000000000000000000000000000000000000000000000000000000000000000000000000000000000000000000000000000000000000000000000000000
00000000000000000000000000000000000000000000000000000000000000000000000000000000000000000000000000000000000000000000000000000000000000000000000000000000000000000000000000000000000000000000000000000000
00000000000000000000000000000000000000000000000000000000000000000000000000000000000000000000000000000000000000000000000000000000000000000000000000000000000000000000000000000000000000000000000000000000
00000000000000000000000000000000000000000000000000000000000000000000000000000000000000000000000000000000000000000000000000000000000000000000000000000000000000000000000000000000000000000000000000000000
00000000000000000000000000000000000000000000000000000000000000000000000000000000000000000000000000000000000000000000000000000000000000000000000000000000000000000000000000000000000000000000000000000000
00000000000000000000000000000000000000000000000000000000000000000000000000000000000000000000000000000000000000000000000000000000000000000000000000000000000000000000000000000000000000000000000000000000
00000000000000000000000000000000000000000000000000000000000000000000000000000000000000000000000000000000000000000000000000000000000000000000000000000000000000000000000000000000000000000000000000000000
00000000000000000000000000000000000000000000000000000000000000000000000000000000000000000000000000000000000000000000000000000000000000000000000000000000000000000000000000000000000000000000000000000000
00000000000000000000000000000000000000000000000000000000000000000000000000000000000000000000000000000000000000000000000000000000000000000000000000000000000000000000000000000000000000000000000000000000
00000000000000000000000000000000000000000000000000000000000000000000000000000000000000000000000000000000000000000000000000000000000000000000000000000000000000000000000000000000000000000000000000000000
00000000000000000000000000000000000000000000000000000000000000000000000000000000000000000000000000000000000000000000000000000000000000000000000000000000000000000000000000000000000000000000000000000000
00000000000000000000000000000000000000000000000000000000000000000000000000000000000000000000000000000000000000000000000000000000000000000000000000000000000000000000000000000000000000000000000000000000
00000000000000000000000000000000000000000000000000000000000000000000000000000000000000000000000000000000000000000000000000000000000000000000000000000000000000000000000000000000000000000000000000000000
00000000000000000000000000000000000000000000000000000000000000000000000000000000000000000000000000000000000000000000000000000000000000000000000000000000000000000000000000000000000000000000000000000000
00000000000000000000000000000000000000000000000000000000000000000000000000000000000000000000000000000000000000000000000000000000000000000000000000000000000000000000000000000000000000000000000000000000
00000000000000000000000000000000000000000000000000000000000000000000000000000000000000000000000000000000000000000000000000000000000000000000000000000000000000000000000000000000000000000000000000000000
00000000000000000000000000000000000000000000000000000000000000000000000000000000000000000000000000000000000000000000000000000000000000000000000000000000000000000000000000000000000000000000000000000000
00000000000000000000000000000000000000000000000000000000000000000000000000000000000000000000000000000000000000000000000000000000000000000000000000000000000000000000000000000000000000000000000000000000
00000000000000000000000000000000000000000000000000000000000000000000000000000000000000000000000000000000000000000000000000000000000000000000000000000000000000000000000000000000000000000000000000000000
00000000000000000000000000000000000000000000000000000000000000000000000000000000000000000000000000000000000000000000000000000000000000000000000000000000000000000000000000000000000000000000000000000000
00000000000000000000000000000000000000000000000000000000000000000000000000000000000000000000000000000000000000000000000000000000000000000000000000000000000000000000000000000000000000000000000000000000
00000000000000000000000000000000000000000000000000000000000000000000000000000000000000000000000000000000000000000000000000000000000000000000000000000000000000000000000000000000000000000000000000000000
00000000000000000000000000000000000000000000000000000000000000000000000000000000000000000000000000000000000000000000000000000000000000000000000000000000000000000000000000000000000000000000000000000000
00000000000000000000000000000000000000000000000000000000000000000000000000000000000000000000000000000000000000000000000000000000000000000000000000000000000000000000000000000000000000000000000000000000
00000000000000000000000000000000000000000000000000000000000000000000000000000000000000000000000000000000000000000000000000000000000000000000000000000000000000000000000000000000000000000000000000000000
00000000000000000000000000000000000000000000000000000000000000000000000000000000000000000000000000000000000000000000000000000000000000000000000000000000000000000000000000000000000000000000000000000000
00000000000000000000000000000000000000000000000000000000000000000000000000000000000000000000000000000000000000000000000000000000000000000000000000000000000000000000000000000000000000000000000000000000
00000000000000000000000000000000000000000000000000000000000000000000000000000000000000000000000000000000000000000000000000000000000000000000000000000000000000000000000000000000000000000000000000000000
00000000000000000000000000000000000000000000000000000000000000000000000000000000000000000000000000000000000000000000000000000000000000000000000000000000000000000000000000000000000000000000000000000000
00000000000000000000000000000000000000000000000000000000000000000000000000000000000000000000000000000000000000000000000000000000000000000000000000000000000000000000000000000000000000000000000000000000
00000000000000000000000000000000000000000000000000000000000000000000000000000000000000000000000000000000000000000000000000000000000000000000000000000000000000000000000000000000000000000000000000000000
00000000000000000000000000000000000000000000000000000000000000000000000000000000000000000000000000000000000000000000000000000000000000000000000000000000000000000000000000000000000000000000000000000000
00000000000000000000000000000000000000000000000000000000000000000000000000000000000000000000000000000000000000000000000000000000000000000000000000000000000000000000000000000000000000000000000000000000
00000000000000000000000000000000000000000000000000000000000000000000000000000000000000000000000000000000000000000000000000000000000000000000000000000000000000000000000000000000000000000000000000000000
00000000000000000000000000000000000000000000000000000000000000000000000000000000000000000000000000000000000000000000000000000000000000000000000000000000000000000000000000000000000000000000000000000000
00000000000000000000000000000000000000000000000000000000000000000000000000000000000000000000000000000000000000000000000000000000000000000000000000000000000000000000000000000000000000000000000000000000
00000000000000000000000000000000000000000000000000000000000000000000000000000000000000000000000000000000000000000000000000000000000000000000000000000000000000000000000000000000000000000000000000000000
00000000000000000000000000000000000000000000000000000000000000000000000000000000000000000000000000000000000000000000000000000000000000000000000000000000000000000000000000000000000000000000000000000000
00000000000000000000000000000000000000000000000000000000000000000000000000000000000000000000000000000000000000000000000000000000000000000000000000000000000000000000000000000000000000000000000000000000
00000000000000000000000000000000000000000000000000000000000000000000000000000000000000000000000000000000000000000000000000000000000000000000000000000000000000000000000000000000000000000000000000000000
00000000000000000000000000000000000000000000000000000000000000000000000000000000000000000000000000000000000000000000000000000000000000000000000000000000000000000000000000000000000000000000000000000000
00000000000000000000000000000000000000000000000000000000000000000000000000000000000000000000000000000000000000000000000000000000000000000000000000000000000000000000000000000000000000000000000000000000
00000000000000000000000000000000000000000000000000000000000000000000000000000000000000000000000000000000000000000000000000000000000000000000000000000000000000000000000000000000000000000000000000000000
00000000000000000000000000000000000000000000000000000000000000000000000000000000000000000000000000000000000000000000000000000000000000000000000000000000000000000000000000000000000000000000000000000000
00000000000000000000000000000000000000000000000000000000000000000000000000000000000000000000000000000000000000000000000000000000000000000000000000000000000000000000000000000000000000000000000000000000
00000000000000000000000000000000000000000000000000000000000000000000000000000000000000000000000000000000000000000000000000000000000000000000000000000000000000000000000000000000000000000000000000000000
00000000000000000000000000000000000000000000000000000000000000000000000000000000000000000000000000000000000000000000000000000000000000000000000000000000000000000000000000000000000000000000000000000000
00000000000000000000000000000000000000000000000000000000000000000000000000000000000000000000000000000000000000000000000000000000000000000000000000000000000000000000000000000000000000000000000000000000
00000000000000000000000000000000000000000000000000000000000000000000000000000000000000000000000000000000000000000000000000000000000000000000000000000000000000000000000000000000000000000000000000000000
00000000000000000000000000000000000000000000000000000000000000000000000000000000000000000000000000000000000000000000000000000000000000000000000000000000000000000000000000000000000000000000000000000000
00000000000000000000000000000000000000000000000000000000000000000000000000000000000000000000000000000000000000000000000000000000000000000000000000000000000000000000000000000000000000000000000000000000
00000000000000000000000000000000000000000000000000000000000000000000000000000000000000000000000000000000000000000000000000000000000000000000000000000000000000000000000000000000000000000000000000000000
00000000000000000000000000000000000000000000000000000000000000000000000000000000000000000000000000000000000000000000000000000000000000000000000000000000000000000000000000000000000000000000000000000000
00000000000000000000000000000000000000000000000000000000000000000000000000000000000000000000000000000000000000000000000000000000000000000000000000000000000000000000000000000000000000000000000000000000
00000000000000000000000000000000000000000000000000000000000000000000000000000000000000000000000000000000000000000000000000000000000000000000000000000000000000000000000000000000000000000000000000000000
00000000000000000000000000000000000000000000000000000000000000000000000000000000000000000000000000000000000000000000000000000000000000000000000000000000000000000000000000000000000000000000000000000000
00000000000000000000000000000000000000000000000000000000000000000000000000000000000000000000000000000000000000000000000000000000000000000000000000000000000000000000000000000000000000000000000000000000
00000000000000000000000000000000000000000000000000000000000000000000000000000000000000000000000000000000000000000000000000000000000000000000000000000000000000000000000000000000000000000000000000000000
00000000000000000000000000000000000000000000000000000000000000000000000000000000000000000000000000000000000000000000000000000000000000000000000000000000000000000000000000000000000000000000000000000000
00000000000000000000000000000000000000000000000000000000000000000000000000000000000000000000000000000000000000000000000000000000000000000000000000000000000000000000000000000000000000000000000000000000
00000000000000000000000000000000000000000000000000000000000000000000000000000000000000000000000000000000000000000000000000000000000000000000000000000000000000000000000000000000000000000000000000000000
00000000000000000000000000000000000000000000000000000000000000000000000000000000000000000000000000000000000000000000000000000000000000000000000000000000000000000000000000000000000000000000000000000000
00000000000000000000000000000000000000000000000000000000000000000000000000000000000000000000000000000000000000000000000000000000000000000000000000000000000000000000000000000000000000000000000000000000
00000000000000000000000000000000000000000000000000000000000000000000000000000000000000000000000000000000000000000000000000000000000000000000000000000000000000000000000000000000000000000000000000000000
00000000000000000000000000000000000000000000000000000000000000000000000000000000000000000000000000000000000000000000000000000000000000000000000000000000000000000000000000000000000000000000000000000000
00000000000000000000000000000000000000000000000000000000000000000000000000000000000000000000000000000000000000000000000000000000000000000000000000000000000000000000000000000000000000000000000000000000
00000000000000000000000000000000000000000000000000000000000000000000000000000000000000000000000000000000000000000000000000000000000000000000000000000000000000000000000000000000000000000000000000000000
00000000000000000000000000000000000000000000000000000000000000000000000000000000000000000000000000000000000000000000000000000000000000000000000000000000000000000000000000000000000000000000000000000000
00000000000000000000000000000000000000000000000000000000000000000000000000000000000000000000000000000000000000000000000000000000000000000000000000000000000000000000000000000000000000000000000000000000
00000000000000000000000000000000000000000000000000000000000000000000000000000000000000000000000000000000000000000000000000000000000000000000000000000000000000000000000000000000000000000000000000000000
00000000000000000000000000000000000000000000000000000000000000000000000000000000000000000000000000000000000000000000000000000000000000000000000000000000000000000000000000000000000000000000000000000000
00000000000000000000000000000000000000000000000000000000000000000000000000000000000000000000000000000000000000000000000000000000000000000000000000000000000000000000000000000000000000000000000000000000
00000000000000000000000000000000000000000000000000000000000000000000000000000000000000000000000000000000000000000000000000000000000000000000000000000000000000000000000000000000000000000000000000000000
00000000000000000000000000000000000000000000000000000000000000000000000000000000000000000000000000000000000000000000000000000000000000000000000000000000000000000000000000000000000000000000000000000000
00000000000000000000000000000000000000000000000000000000000000000000000000000000000000000000000000000000000000000000000000000000000000000000000000000000000000000000000000000000000000000000000000000000
00000000000000000000000000000000000000000000000000000000000000000000000000000000000000000000000000000000000000000000000000000000000000000000000000000000000000000000000000000000000000000000000000000000
00000000000000000000000000000000000000000000000000000000000000000000000000000000000000000000000000000000000000000000000000000000000000000000000000000000000000000000000000000000000000000000000000000000
00000000000000000000000000000000000000000000000000000000000000000000000000000000000000000000000000000000000000000000000000000000000000000000000000000000000000000000000000000000000000000000000000000000
00000000000000000000000000000000000000000000000000000000000000000000000000000000000000000000000000000000000000000000000000000000000000000000000000000000000000000000000000000000000000000000000000000000
00000000000000000000000000000000000000000000000000000000000000000000000000000000000000000000000000000000000000000000000000000000000000000000000000000000000000000000000000000000000000000000000000000000
00000000000000000000000000000000000000000000000000000000000000000000000000000000000000000000000000000000000000000000000000000000000000000000000000000000000000000000000000000000000000000000000000000000
00000000000000000000000000000000000000000000000000000000000000000000000000000000000000000000000000000000000000000000000000000000000000000000000000000000000000000000000000000000000000000000000000000000
00000000000000000000000000000000000000000000000000000000000000000000000000000000000000000000000000000000000000000000000000000000000000000000000000000000000000000000000000000000000000000000000000000000
00000000000000000000000000000000000000000000000000000000000000000000000000000000000000000000000000000000000000000000000000000000000000000000000000000000000000000000000000000000000000000000000000000000
00000000000000000000000000000000000000000000000000000000000000000000000000000000000000000000000000000000000000000000000000000000000000000000000000000000000000000000000000000000000000000000000000000000
00000000000000000000000000000000000000000000000000000000000000000000000000000000000000000000000000000000000000000000000000000000000000000000000000000000000000000000000000000000000000000000000000000000
00000000000000000000000000000000000000000000000000000000000000000000000000000000000000000000000000000000000000000000000000000000000000000000000000000000000000000000000000000000000000000000000000000000
00000000000000000000000000000000000000000000000000000000000000000000000000000000000000000000000000000000000000000000000000000000000000000000000000000000000000000000000000000000000000000000000000000000
00000000000000000000000000000000000000000000000000000000000000000000000000000000000000000000000000000000000000000000000000000000000000000000000000000000000000000000000000000000000000000000000000000000
00000000000000000000000000000000000000000000000000000000000000000000000000000000000000000000000000000000000000000000000000000000000000000000000000000000000000000000000000000000000000000000000000000000
00000000000000000000000000000000000000000000000000000000000000000000000000000000000000000000000000000000000000000000000000000000000000000000000000000000000000000000000000000000000000000000000000000000
00000000000000000000000000000000000000000000000000000000000000000000000000000000000000000000000000000000000000000000000000000000000000000000000000000000000000000000000000000000000000000000000000000000
00000000000000000000000000000000000000000000000000000000000000000000000000000000000000000000000000000000000000000000000000000000000000000000000000000000000000000000000000000000000000000000000000000000
00000000000000000000000000000000000000000000000000000000000000000000000000000000000000000000000000000000000000000000000000000000000000000000000000000000000000000000000000000000000000000000000000000000
00000000000000000000000000000000000000000000000000000000000000000000000000000000000000000000000000000000000000000000000000000000000000000000000000000000000000000000000000000000000000000000000000000000
00000000000000000000000000000000000000000000000000000000000000000000000000000000000000000000000000000000000000000000000000000000000000000000000000000000000000000000000000000000000000000000000000000000
00000000000000000000000000000000000000000000000000000000000000000000000000000000000000000000000000000000000000000000000000000000000000000000000000000000000000000000000000000000000000000000000000000000