11101111111101011111111111111111111111111111111121102222011110011111001100001111111111111112220000022222222202012111011111111111111101111011111111111100011111111111110111100010111001011111111111111111
11111111111101011111111111111111111111111111111111122221211110011111001100001111111111111112022020222222222002211111011111111110111111111111111111101111111111111111111011100001001011111112111111111111
11111111111111110111011111111111111111121101111111110020111110000000011110001111000011112111222021212222222201222201111111111111111111111111111111111111111111111111111111001001011101011111021021111111
11110111111111111111111111111112111111111211111111111111111000000101100011101100010011100112222220022222222221112201111211111111111111111111111111111101111111111111111111110001011111101111222122211111
00011111111111111111111111111110111111111101111111111111100111100001100011001010010000111122002222222222222220011110002211101111111111111111111111111111111111111111111111111001110111110011122212111111
00001111111111111111111111111111101100112211111111111111111111110000100011111010010020112201121222222222222222222222220222102222111111111111111111111111111111111111111111111011011100110111102202211111
11101111111111111111111111111121101110121111111111111111101111110110100001010001101111102222220222222222222222222222222220211001001111111111111111111111111111111111111111111111111100100101112222211111
11111111110011111000111111102222211122022221111011111111111111111000000001111111101110111022220222222222222222222222202221010222211110111111111111111111111111111111111111111111111110000011111222211111
10001111111111000110011111122222111122100111111111111111110011111010000000001111110001110122222222222222222220000200222212221000111111111111111111111111111111111111111111111101110000001001011222211111
11111111111111111111011111102222111122000111111111111111110011111000100000110011100111111122220201222222222221111200222202221111111111011111101001111111111111111111111111111111110010000111111122201111
11111111120000011111111111000222001222220111111111111111111011101001111011000101101111111110020202222110222210000022220022222211111122110120111011011111111111111111111111111111110000000101100122221111
11110111222222222201111111220022222222222011111211111111111001000001111111111111111111111110011202222222202222222122222222222222111111111100021222221111111111111111111111111111111110011000011212221111
11111121122222222222001111220222222222202221110111111111111111011001111111111111101010020022201220222222222222222201222222222022111111122220002222222200111111111111111111111111111111100111011121221111
11111110202222222222220111222222222222202221111111111111011111011111111111111002112222202222010222222222222222222222222222202222110111202222222222222222211111111111111111111111110100111111111111021111
12112200222222222222222111222222222222222221111111010111101111111111111111111222111211222222210222222222222202222222222222222222202112022222222222222222221111111111111111111111111111111110111111221111
22210120222222222222222111222222222222002221121111110111101111111111111111111222111211222222202222222222222222222222222222222022220110222000122222200222222222222212211111111111111111111111010112111111
22222222222222222222222211122222222222222221110000101111111111111111111111112102202222222200222222222222202222222010022222222222222111222222222222222222222222200101111111111111111111111111100011221111
22222222222222222222222211112222222222222222211112011111111111111111111111212222122222222222022002222222222222222222222222022222020112222222222222222222222222220111111111111110111111111000000111121111
22222222222222222222222211111002222022022220111202201222211111111111111111022222222222220222211111102222222222222222222222222210222102222222222222222222222222222111111111222211011110000010111121111111
22222222222222222222222011110100022222212222121122222220211111111111111121222222222222221111211111112222222222222222222222222222222222222222222222222222222222220011111111222211011100010000110112212111
22222222222222220000111111111022222222222221111122222222221111111111111101222222222222201110011111112222222222222222222200222222222222222222222222222222222222222201111122022011101001110001001112222222
22222222222222221100000010000122222222222221101122222222221111111111111111222222222222201110111111102222222222222222222200222222222222222222222222222222222222222211111022122111111100001111111122222222
22222222222222210022211122222212221222220111112221112222221111111111111112222222222222211122111111022222222222222222222222021222222111222222222222222222222222222000001022011111111110001111122222221100
22222222222221022222211122221111021022221111111111111112221111111111111112222222222222111111111111222222222222222222222222222210221111112222222222222222222222222202222022101111111111101101112222221211
22222222202022222222210111111111121212111111111111111111111110011111111111221222220222001111111111222222222222222222222222221111111111102222222222222222222222222222222221111111022011111111012022210110
22201000222222222222220211111111111111111111111111111111111122011111111111111111222222221111111112222022222222222222222020221111111111122122222220022222222222222222222221111112222211111110111222222221
22011102222222222222222011111111111111111111111111111111111122111111111111111110022222201122122222222222222222222222220002222211111111222222211112121122222222222222222221111111022221101111111222222222
11222222222222222222222111111111111111111111111111111111111111111111111111111111122222221122221022222222222222222222120212122201111112222222221111112022222222222022220211111112222222111000212222222222
11202222221220222222220111111111111111111111111110000011111111111111111111111111112122202111221122222022222222220222220221111111111112222211111222211122222200201111110011111111122202211102222222222022
11110011122222202222201111111111222111111111111111101111111111111111111111111111111122222022222022222222222222222222222221201111111111122211111212222022211222201111111111111111100111111111222222022221
11111111120220210002211111111112222221111111111111111111110111111111111111111111111122222222122222222222222222220222222201111111111111222200122001122002221221201211111111111011111111111112222222222111
11111111111122222221111111111102222221111111111111111111211111111111211111111111112222222222222222222022110022202222221222011111111112112211011111111122211221001111111111111111111111110222222221211111
11111111111110110111111111111102222222211111111011101111101111111112221121111111111111110222011222200222221222202222102021111111111110002220111111100011111220111111111111111111111111110111022211111111
11111111111111111111000011111112222222211111111111110111111111111102221020111111110011111222001222200222220222202222002021111111111111112221111111101111111221111111111111111111011111111111112211111111
11111111111111111100022201111100222222211111101111101000111111011112211222111101112210111222220011122222222222222222222211111111111111112111111111100001111111110111111111111111111111111111220101111111
11111111111111111102222201111102222222211111101111101000111122021112111111111101112220111122222211112222202222222222122011111111111111111111111111100001111111110111111111111111111111111111110100100110
11111111111111111112222222102202222220111111111111101111011111111112212222011101101111111022222211112222222222222210201111111111111111111111111111100001011111000111111111101112011111111111111001011111
11111111111111111002222222222222222011111101101111111111101111120110111222111111111110111122222211112022222222202200211111111111111111111111111011100000011110000101111111111222221111111111100000000011
11111111111111111022222222211100011111111111011111111111011111110011102220211111211000111111222212112011222222222011111111111111111111111111111111110000101000000111111111110222211111111111111011011111
11111111111111111022222221111111111111100111111111111111111001112010220201210112211101111111122222122111222022201111111111111111111111111111111101100000000001111111111111112222211111111111101011110111
11111111111111111111111111111111111111111111111100011111011020112102102201121111212121111111120210012222111112011111111111111111111111111111111111100010010011111111111111112222111111011111110111001011
11111111111111111111111111111111111111100111111101111111110002212002220211111010222111111111222222111111111110201111111111111111111111111111111110100011011011111111111011111121111111001111011111000111
11111111111111111111111111111111111111111111110111111111111122211110222111111111221111111122211222211111111102111111111111111111111111111111111111111101111111111111111100101111111110111110011110000011
11111111111111111111111111111111111111111100111111111111111112001111020101111111111011112222221222211111111111121111111111111111111111111111111111111111011111111111111100101001101111010010000111000110
11111111111111110111111111111111111111111110111111111111111121210112100111100011111011111122222022100111111111112201111111111111111111111111111111111111111111111100011111111111111111001000000000000011
11111111111111110111111111111111111111111110111111111111111121210112100111100011111011111122222022100111111111112201111111111111111111111111111111111111111111111100011111100000011110100100000000010001
11111111111111111110111111111111111111111111111111101111012112120111111110000111111111110222221222200122211221111222111111111111111111111111111111111111111111111110101111110000100110000001100000000000
11111111111111101111111011011100111111111100111111100101112001111101111111111000011211122222222112211122211121111122211111111111111111111111111111111111111111110101110111100000000010000001100000000000
00111111111111111111111101001111101111111100111111101111111111000111111111111111111210222222220111120022222222222222111111111111111111111100111111111111111111111000101111100000000000010010100010000001
11111111011111111111111011101111001111111111111111111111101111110000111111001111111102222222122220220122112222222222121111111111111111111100111111111111111111110110011011000100000000000100001010000011
11011100110001111010111111100111001100111111111111111101111111110000000000101111111212222201122222222222211222222222222211111111111111111100101111111111111111110100100000100000000000000000001000100111
00110011000000111010111110100011011111111111111111111111111111111000000011111111111200222201111222222222221022222022220211111111111111111111111111111111111111111100110000000000000000010000111101000111
11111000101100000011001110100011010110111011111111111111111111111000011111111111111222222001111020222222211122222022222221111111111111111111111111111111110011000000100000000000000000000000110111001111
11111000110000000110000111100000001111111011111111111111111001111111111111111111111222221001112122220222111102222022222111111111111111100111101111111110110001000000000100100001100000000000001110000111
11111110001100000010111111100000100000111111111111110101111111111110111111111111110222222122100222111222112222222201111111111111111111111111111011111100110001001000010000000101111010000100001101001111
11111110001100000010111111100000100000111111111111110101111111111110111111111111112202222122222002222001110222210201111111111111111111111111111011111100110001001000010000000100111010000000000111111111
11001011111100000001111010000000000000011111111111110100011110111110111111111111112121020022222210022211120222220001111111111111111111111100110001111111110000001010000000000010000010100000011101111111
11110100011110000000000110000000010011111111111111111101011111111101111111111111112221111210222221122222201022221011111111111111111111111100111111111111000010111010010000000000101111100001100111111001
11111011111110000000001010000000000011111111111111111100111110011111111111111111112221110200222221122222211122221110011111111111111111111100011000101111000101110010000000000000001101100111111101001111
11111111110000000000001100100000000011111111111111100111111111111111111111111111122222022222222222100222222122222011111111111111111111111111001100110001000010000000000001101000110110111111101011001111
11110111100010000000000101000000000000111111111111111111111111111111111111111111111222222222222222202222222222222200111111101110111110111011011000100000000000101100000000000011000111111011110000101101
11111001011100000000001000000000000000111111111111111111111111111111111111111111120222222222222222222222222112222200111111110111111111111111101100100110000100010000001000100000000100111001100000111111
11111101011101000000000000000000000101111111111111111111111111111111111111111111222222222222222222222222222111222222121111111111111111111111111100000000000000000000000001100001011110111010111010111101
11111100100000000000000000000000000001111111111011111111111111111111111111111110221222222222202222222201222211222222201111111111110111111111110100001010000000000000000000000000011100000000101100001100
00110001000001000000000000100000000000111111111111111111111111111111111111111110011022222222222222222222222220022222201111111110111001111111111110000000000000000000000001010000011110000000111100111000
00110001000001000000000000100000000000111111111111111111111111111111111111111112011022222222022222222222222222222222102111111110111001111111111110000000000000000000010000000001011110000000011100101000
11110000001110000000000000000000000111000011111101111111111111111111111111111101111100222200220202222222222222220122212211111111111011111111111000000000000000000000000000011100100111001100110000000000
11100011100000000000000000000000001001000010011111111101111111111111111101111111111110221201201002222222200201100111122102111111111111111111110100000000000000000000100011110000010010111111101100000001
11111001000000000000000000000000110011100000011110011111111111111111111111221111111110011111211122222222101011101111112201221111111111111111111100000000000000000000000011101000011111011111111011100101
11110100000000000000000000010000100000100000011101111111111111111111011111110111101110111110122022222222111111111111111111111111111111111111100110000000000000000000000000001000011111111110100010000101
11111100000000000000000000001111000000000011110011111011111111111111100111111101111111011111122022222222011111110101111110111111111111111100001100000000000000000000001100001000011110000110000011111100
11111110000000000000000000000100000100111001101111111111111111111111111111111222121111211110012222122222001111111111111111111111111111111111011100100000000000000001000100000010101111110100001011000111
00011111100000000010000000000111000100000001100001111111111001111111111111011221211011111122110201100200022000011111111101111111111111111111111000000000000000000001000001001011100111110000000011101111
00001011000000100000000000001100000001000000100011111111111111010111011110001101111111111111111111220111122222211101111111111111111111111111111101100000000000001100101000101111111111111000001100000111
00001011000000100000000000001100000001000000100011111111111111010111011110001101111111121111111111100111120222011101111111111111111111111111111101100000000000101101110001001101111111111110000011111101
00000011100000000000000000000000100001100000000100001111011110100111111110101111111101111111111111111110222011111111111111110111111111111111111110000000000000000001100100000011111111111110000111111011
00000011100000000000001000000011110001000000000010011111001111111111111101111111111000111111110111011111222110011111110011110111111111111111111111100000000000000000000100000010000111111110000111110100
00011011110000000000001000000100110000011010000001111111111111111111100101111111111100101111111111111111222211111111111111011111111111111111111110100000000000000000000011111000000000111111001011100101
00001001111100000000000000000000000010100000000101111001111001111111111000011111111111100111101111111111201211111101111111111111111111111111111111100000000000000000100101111110011010111110011000110111
00000011101100000000000000000000000000000000000001111111111111111111111111111110001111100111001111111111111111111010111110111111111111111111111111100000000000000000001001011111011000001100001111010101
11000011110000000010000000000000001100000100000000000111111111111111100110111111101111100110001111100211111211111000111101111111111111111111111111100000000000000000011010110111111101110101011100111101
00011011110011100000000000000000001100011000000100001000111111111111111101111111111111001000001101111011111121111011110000111111111111111111111111110001000000000000101001101111111111111011111100111000
00000000010000110110000000000000011011100000001011111111111111111111111111100111111011111001111011111111111120011111110011111111111111110100111111110000000000000100110011001111111111111011111110011100
00000000100000100111000000000000000000000000000001110111111111111111111111111111110011010000011010111111111112111111111111100111111111101111111111100000000000000000010011111011111111111101001100111000
00000000100000100111000000000000000000000000000001110111111111111111111111111111110011010000011010111111111111211111111111100111111111101111111111100001000000000000000001111111111111111110011101000000
00010111011101000011110000000000000000000000000011110111111111111111111111101111110011011111011111111111111112121211111111110011111111111111111111100000000000000000001111001111111111111100010011000000
00000000011101010001111000000000000000000010100000011111111111111111111111111111110001000001111111111111111111121201111111110111111111111111111111111100100000000000011000011111111111111010100010000110
00101100100001111000001000000000000000000010000001111101111111111111100011111111110001110001100111111110111101111111111111111111111111111111111111110001011000000100010110001111111111111111100101111101
00111100000000001000111100000000000000000000001001111111111111111111100111111111110011100111111111111111111122011111111111111111111111111111111111111100000000000000011100001111111111111001111111001000
00101000000001010000001000000000000000000000010011111111111001011111000011111111110001111111111111111111111121111111111111111111111111111111111111110011011000000000010000010111111111111000111111110011
00000000000000001000001000000000000000000000010111111111111110011111111011111111110011111111111101111111111022211110111111111111111111111111111111100011000000000000001010111111111111111000011111101101
11000000000000001000000000000000000000000000001111111101111110110111000111111111111111111111111101111111111211111110111111111111111111111111111101100000001000000000000111101111111111111010011111111011
00000000000000000100000000000000000000000000001111110001111000110100111001111111111111111111111101111111111111111111111111111111111111111111101001111110010111000000010011111111111111111010111111100100
00000000000000000000000000000000000000000000001111100101110000010111011111111111111111111111111011000111111111111111111111111111111111111111100101111110000000001000010000110011111111110000011111100111
00000000000000000000000000000000000000000000001111100101110000010111011111111111111111111111111011000111111111111111111111111111111111111111100101111110000000001000011100000011111111101111111111101001
11100000000000000010000000000000000000000000000111111000111001110111100111111111111001111111100111111111111111111111111111111111111111111111101111111110000000110000001000000011111111111110111111111110
00000000000000000010001000000000000000000000011111111000001001001110100011111111111111111001111111111111111111111111111111111111111111111111111111111110001000110000000010000101100001111110111111010111
00000000000000000010000000000000000000000000000001100000101111111001100111111111110000110110111111111111111111111111111111111111111111111111111111111111100001000000000000000101101011111111111111111111
00000000000000000010000000000000000000011000000000000000111110110000111111000010000000000001000111111111111111111111111211112201111111111111111111111111011110000000000100000001001001111111111111111111
00000000000000000000000000000000000000000001000000000100011000101000000000000000000000100110101111111111111111111111110222022222111111111111111111111111111010011000001100000001101010111111111111111111
00000000000000000000000000000000000000000000010000000100110001100000100000010000000010010001011111111111111111111111112222222222111111111111111111111111111111001111000011000000000100010111111111111111
00000000000000000000000000000000000000000000000000000000011110001000000000000000000000010001001111111111111111111111110222022222211111111111111111111110110110001000000000010000001011111111111111111111
00000000000000000000000000000000000000000000000000000000001000010000000000000000010000100000110011111111111111111111110222222222111111111111111111111111111110011000000000000001100011111111111111111111
00000000000000000000000000000000000000000000000000000000000000010000000000000000000110100001111111111111111111111111110222221101002011111111111111111111111100000000000000011111111011111111111111111111
00000000000000000000000000000000000000000000000000000000000000010000000000000000000110100001111111111111111111111111112222221101222222111111111111111111111100011000000000000000111111111111222111111111
00000000000000000000000010000000000000000000000000000000000000000000000000000000000010111111111111111111111111111111110222221122222201111111111111111111011110111000000000000011111111111112222211111122
00000000000000000000000000000000000000000000000010000000000000000000000000000000000011111111111111111111111111111111111222221122222201111111111111111111111110011100000010110111111111111112222211111110
00000000000000000000000010000000000000000000000000000000000000000000000000000000000000111111111111111111111111111111111111011122222221111111111111111111101110000100000101111111111111111222222211111212
00000000000000000000000000000000000000000000000000000000000000000000000000011000001011011111111111111111111111111111111111111122222220110200111111111111111010000100110101111111111111112222222221111222
00000000000000000000000000010000000000000000000010000000000000100000100000010110001010011111011111111111111111111111111111111122222222102200111111111110110000000101110100010101111111112222222221112222
00000000000000000000000000000000000000000000000000000000000000000110000000011111111100011111011011111111111111111111111111111222222222222220111111111111110101000101110111111111111111111221122221112222
00000000000000000011110000000000000000000000000001100000000000000000000000011111111111111111000011111111111111111111111111111122222220222220111111111101111100000000101111100111111111111111111111102222
00000000000000000011110000010000000000000000000000010000000000000000000000011111111111111111110111111111111111111111111111022222222222222211111111110000100000110001011101101111111111111111111111122222
00000000000000000111111000000000000000000000001000000000000000000000000001111111111111111111110111111111111111111111111111222222222222222111111111110001000100000001100011111111111111111111111111122222
00000000000000000111111000000000000000000000001000000000000000000000000001111111111111111111110111111111111111111111111111222222222222222211111111110001000100000010111111011111111111111111111111112222
00000000000000001111111000000100000000000000000000000000000000000000000000111111111111111111110111111111111111111111111111100222222222222011111111111100000000000110111111011111111111211112211111111112
00000000000000011111111010010000000000000000000000000000000000000000000000011111111111111111101111111111111111111111111212111222222202220111111111111100100000000010101111011111110202220112221111112222
00000000000000101111111100100000000000000000000000000000000000000000000000011111111111111111111111111111111111111111111111111100001011111111111101111101000000011010101111111111112222222222220111122222
00000000000000000011111111001000000000000000000000000000000000000000000000011111111111111111111111111111111111111111111111111111111111111111111001100000000001111111111111111111122222222222221111122222
00000000000000000000111001100000000000000000000000000000000000000000000000000011111111111111111111111111111111111111111111111111111111111111111111000001000001111111011110111111122222222222111111121222
00000000000000000011111110000000000000000000000000000000000000000000000000011111111111111111111111111111111111111111111111111111111111111111110110010000100100111111000111111111012222222222211110122222
00000000000000000000111010010000000000000000000000000000000000000000000000001111111111111111111111111111111111111111111111111111001111111111100011110001000000111110111111101111211222222222111111022222
00000000000000000000000001100000000000000000000000000000000000000000000011011111100111111111111111111111111111111111111111111111111111001100000110011010000000011111111111101111110222222220112111102222
00000000000000000000000001000100000000000000000000000000000000000001100011101111111111011111111111111111111111111111111111111111111110101111000101000100000000111111111111111111112222222221111111112222
00000000000000000000000001000100000000000000000000000000000000000001100011101111111111011111111111111111111111111111111111111111111110101111001100000111000001111010111111111111111111222221111121122222
00000000000000000000000000010111010000000000000000000000000000000001100011001111111001111111111111111111111111111111111111111111111100001100000000001111000101110011111111101111011112222201111111122222
00000000000000000000000000011100000000000000000000000000000000000001000010001111111111111111111111111111111111111111111111111011001111100100000000000110000000000011111111110001111110022211111110112222
00000000000000000000000000000000000000000000000000000000000000000011000000001111111111111111111111111111111111111111111111111010001101110000000000000110011000010011111111111100011111111111211112221102
00000000000000000000000000000100000000000000000000000000000000000011011000001111111101111111111111111111111111111111111111111000001111110000000000010011111000011111110001111111101111112222221111222222
00000000000000000000000000000000000000000000000000000000000000000010011100001111111110111111111111111111111111111111111111111010000111000000010000000011011000111111100001111001111111112222111111102222
00000000000000000000000000000011000000000000000000000000000000000001111000001111111111111111111111111111111111111111111111111000111111100001100000000111001110000001000011110111101111111222220211112222
00000000000000000000000000000000000000000000000000000000000000000011111100001111111111111111011111111111111111111111111111111101111111100011111100001111111100000000000111111111111110111222222221111222
00000000000000000000000000000000000000000000000000000000000000000011100000001111111111111000011111111111111111111111111101101101111111111001111100011111101110000011000111111111100001111022221220111122
00000000000000000000000000000000000000000000000000000000000000000011100000001111111111111000011111111111111111111111111101101101111111111001101110000001111111000011011111111111000111111022011110111122
00000000000000000000000000000000000000000000000000000000000000000010000000000000011111110000111111111111101011110011111111111000111001100101111111100100111111100001011111111111111111111112111111111122
00000000000000000000000000000000000000000000000000000000000000000010000000000100000111110001111110100111010111111111110000101001111100000111111111111111111101111000111111111110011111111111211111111110
00000000000000000000000000000000000000000000000000000000000000000000000000000000011111000111110001011100111111111110110001101001001000100111111111111100111111111000111120111111011111111111111111111111
00000000000000000000000000000000000000000000000000000000000000000000000000000001111110001111111001100001111111111111000001001000000000001011011111111111100111111111111212111111111111111111111111111111
00000000000000000000000000000000000000000000000000000000000000000000000000000000001111100000000000000001111111111110000000000000000000001100011111111111110111111111111112110000011111111111111111011111
00000000000000000000000000000000000000000000000000000000000000000000000000000000000110000110010100000001110110011100010000100000000000000100011111111111110111111111111111110000011111110111111111111111
00000000000000000000000000000000000000000000000000000000000000000000000000000000000000000110010000100011110011111110000000000000000000000011111110111111110011111111111011121111122111111111111111111111
00000000000000000000000000000000000000000000000000000000000000000000000000010000000000000000100100111111110011110000000000000000001000010110001011110010100101111111111110202222202011111111111111111111
00000000000000000000000000000000000000000000000000000000000000000000000000000000000000000110000000000111101111101011000001001100000000000100111111111111100111011011111122222222222111211111111111111111
00000000000000000000000000000000000000000000000000000000000000000000000000000000000000000110000000000111101111101011000001001100000000000101110010010000010001110111111112222222222111201111111111111111
00000000000000000000000000000000000000000000000000000000000000000000000000000000000000000000000000011110111011100111000001000100000000000010010011110000000001111111101111122222220212211111111111111111
00000000000000000000000000000000000000000000000000000000000000000000000000000000000000000000000000111100101111111000100000100000110000000001101010000001000001111110110010022222222221111111101111111011
00000000000000000000000000000000000000000000000000000000000000000000000000000000000000000000000010000000111111110000000000100001111000000001100010010000100001111111011000122222222221110110001111110011
00000000000000000000000000000000000000000000000000000000000000000000000000000000000000000000100000011111111111111110010000000000000000000001110111110000000011111111110001111111122211111111111111011111
00000000000000000000000000000000000000000000000000000000000000000000000000000000000000000000100000000010111111101111100000000100000000100001101101100000011100111111111111111111111212210111111111111111
00000000000000000000000000000000000000000000000000000000000000000000000000000000000000000000100000011010111110011111100000000000000010100000000100110000011101111111111110011111111112211211211111111111
00000000000000000000000000000000000000000000000000000000000000000000000000000000000000000000000000000000111110001111100000000000000000011110100010000000111111011101111111111111111112212211121111111111
00000000000000000000000000000000000000000000000000000000000000000000000000000000000000000000000000000000111111111111110000000000111011100010100001000000111111111111111111111111111111122211112111111111
00000000000000000000000000000000000000000000000000000000000000000000000000000000001000000000000000000001101100011010000000001100001011010000000011110000111111111111001111111111111111122211111121121111
00000000000000000000000000000000000000000000000000000000000000000000000000000000001000000000000000000001101100011010000000001100001011011010000011111001111111111111111111111222211111122221012122102112
00000000000000000000000000000000000000000000000000000000000000000000000000001000000000000000000000000001001001111110100000010010111111000110000011011101111111111111100111122222211111111222202221220111
00000000000000000000000000000000000000000000000000000000000000000000000000000000000010010000000000000000100111110110101101001010000100101001000000011111111111111111100122222222111111112222222221211111
00000000000000000000000000000000000000000000000000000000000000000000000000000000000011000000000000000000000101110111111111011001111111000011000000011111111111111111011122222011111111111222222211121010
00000000000000000000000000000000000000000000000001100000000000000000000000000000010111100110100000000010000101100011100011111001111111000110000000011111111111111110111222220111111111111111222011111111
00000000000000000000000000000000000000000000000000000000000000000000000000000001111111100000000000000001000011110001100001011011001001000000000000100010111111111100112222222222111021111112122221101111
00000000000000000000000000000000000000000000000000000000000000000000000000000000011111100000000000000000001100000000000011001110001111001010000001100000111111111111122222022222111221111111022121100011
00000000000000000000000000000000000000000000000000000000000000000000000000000000001111000000001000000000000000000000000000100101000100000000000000000001111111111111122222222222111222111111111111111110
00000000000000000000000000000000000000000000000000000000000000000000000000000000011100000000001000000000000000000000000000111010000000000000000000010101011111111111111122222222010221111111111111111110
00000000000000000000000000000000000000000000000001100000000000000000000000000000000010000000000001000100000001110000000000100000000000000000000000101010111111111111111122222222110222111111111111111111
00000000000000000000000000000000000000000000000001100000000000000000000000000000000010000000000001000100000001110000000000100000000000000000000000001110111111112222111122222222211222111111111111111110
00000000000000000000000000000000000000000000000000000100000000000000000000000000000000001000000000011000101000000000000000000000000000000000000000001000011111102222211120222222211222111111111111111110
00000000000000000000000000000000000000000000000000000000010000000000000000000001100000000000000000000000000000000000000000000000000000000000001000000001011111112222211111112222010221111111111111111111
00000000000000000000000000000000000000000000000000001000000000000000000000000000000000000000000000000000000011111100000000000000000000000000000000000110011111111122211101111212212221111111220111111111
00000000000000000000000000000000000000000000000000000000000000000000000000000000000000000000000000000000000000000000000000000000000000000000000000000101001111111112111111122222222221111112222211111111
00000000000000000000000000000000000000000000000000000000000000000000000000000000000000000000000000000000000001100000000000000000000000000000000000000000110001111011111111122222222222011122222211111111
00000000000000000000000000000000000000000000000000000000000000000000000000000000000000000000000000000000000000000000000000000000000000000000000000000000110000011011111111111122122222211222222111111111
00000000000000000000000000000000000000000000000000000000000000000000000000000000000000000000000000000000000000000000000000000000000000000001000000000000111100111111101111111112112222211022011111111111
00000000000000000000000000000000000000000000000000000000001000000000000000000000000000000000000001000000000000000000000000000000000000000000100000100001111111000111111111111111111221111121111111111111
00000000000000000000000000000000000000000000000000000000000000000000000000000000000000000000001010000000000000000000000000000000000000000000000000000001110000000011011111111111111111111111111111111111
00000000000000000000000000000000000000000000000000000000000000000000000000000000000000000000001010000000000000000000000000000000000000000000000000000011000000000011111101111111111111111111111111111101
00000000000000000000000000000000000000000000000000000000000000000000000000000000000000000000001101100000000000000000000000000000000000000011111000000000000000001000000111111110011111111111111111111101
00000000000000000000000000000000000000000000000000000000000000000000000000000000000000000000000000100000000000000000000000000000000000000011011000000000000000000000000000111110111111111111111111111101
00000000000000000000000000000000000000000000000000000000010000000000000000000000000000000000000000000000000000000000000000000000000000001111110000000000000000000000000000111101111111111111111111111100
00000000000000000000000000000000000000000000000000000000000000000001000000000000000001000000000000000000000000000000000000000000000000000111111000000000000000001000000010011110100100111111111111110100
00000000000000000000000000000000000000000000000000000000000000000001100000000000000000000000000000000000000000000000000000000000000000011011000000000000000000000100111010011111100110111111111111110000
00000000000000000000000000000000000000000000000000000000000000000011100000000010000000000000000000000000000000000000000000000000000000001011000000000000000000000000111010010111111110111111001111101000
00000000000000000000000000000000000000000000000000000000000000001111111000000000001010000000000000000000000000000000000000000000000000001010000000000000000000000001011110000010011000111111011011100000
00000000000000000000000000000000000000000000000000000000011001111111100000001000000000000000000000000000000000000000000000000000000000101011000000000000000000000001000100000000000101111111010000000100
00000000000000000000000000000000000000000000000000000010001001101111100000000000000000000000000000000000000000000000000000000000000000000100000000000000000000000001000000000000000001111011000000000000
00000000000000000000000000000000000000000000000000000010001001101111100000000000000000000000000000000000000000000000000000000000000000000000000000011100000000000000010000000000000001111001000000000000
00000000000000000000000000000000000000000000000000000000001110011111000000000000000000000000000000000000000000000000000000000000000000000000000000011110000000000000000000000111101111111101000000000000
00000000000000000000000000000000000000000000000000000000000111011111000000000000000000000000000000000000000000000000000000000000000000000000000000111100000000001000000000000011000000000000000000000100
00000000000000000000000000000000000000000000000000000000001000011101000000000000000000000000000000000000000000000000000000000000000000000000000000111110000000000000000000011000000000000000000000000000
00000000000000000000000000000000000000000000000000000000000000111110000000000000000000000000000000000000000000000000000000000000000000000000000001010000000000000010010000000000000000000000000000000000
00000000000000000000000000000000000000000000000000000000001001110100000000000000000000000000000000000000000000000000000000000000000000000000000001100001000000000110011000000000000000000000000000001110
00000000000000000000000000000000000000000000000000000000000111110000011000000000000000000000000000000000000000000000000000000000000000000000000010000000010000001011010000000000000000000000000000000000
00000000000000000000000000000000000000000000000000000000001110110000011000000000000000000000000000000000000000000000000000000000000000000000000010100000111100010111111000000000000000000000101100000000
00000000000000000000000000000000000000000000000000000000000000111000011000000000000000000000000000000000000000000000000000000000000000000000000000000111111000001011111000000000000000000000000110000000
00000000000000000000000000000000000000000000000000000000000000110000000001000000000000000000000000000000000000000000000000000000000000000000000000000101111000001001111000000000000000000000000000000000
00000000000000000000000000000000000000000000000000000000000000110000000001000000000000000000000000000000000000000000000000000000000000000000000000001001111100000000110000000000000000000000000000000001
00000000000000000000000000000000000000000000000000000000000000100000000000000000000000000000000000000000000000000000000000000000001000000000000000000000001110000000000000000000000000000000000000000110
00000000000000000000000000000000000000000000000000000000000110000010000000000000000000000000000000000000000000000000000000000000000000000000000000000000000000000000000000000000000000000000000000000011
00000000000000000000000000000000000000000000000000000000000001000010000000000000000000000000000000000000000000000000000000000000000000000000000000000000000100000000000000000000000000000000000000000111
00000000000000000000000000000000000000000000000000000000000000000000000000000000000000000000000000000000000000000000000000000000000000000000000000000000000000000000000000000000000000000000000000000011
00000000000000000000000000000000000000000000000000000000000110000000000000000000000000000000000000000000000000000000000000010000010000000001000000000000000000000000000000000000000000000000000000000001
00000000000000000000000000000000000000000000000000000000000001000000100000000000000000000000000000000000000000000000000000010000001000000000000000000000001000000000000000000000000000000000000000000001