11111111111111111111111111110000000011111111111111111111111110001000001111111111111111111111111111111110011111111111111111111111111111111111111111111111111111111111111111011111111111111111110000000000
11111111111111111111111111110000000000111011111111111111111110010001000001111111111111111111110011111101111111111111111111111111111111111111111111111111111111111111111111111011110010011111100000000000
11111111111111111111111111110000000000111011111111111111111110010001000001111111111111111111110011111101111111112211111111111111111111111111111111111111111111111111111111111011110010011111100000000000
11111111111111111111111111111000000000111000111111111111111111100000001111111111111111111111111100010011111111112201111111111111111111111111111111111111111111111111111100111100011101111111111100000000
11111111111111111111111111111000000000000011111011111111111111100000000110111111111111011111011101111111111110022221111111111111111111111111111111111111111111111111111111000100000011111111110000000000
11111111111111111111111111111000000000000011111011111111111111100000000110111111111111011111011101111111111122222221111111111111111111111111111111111111111111111111111111000100000011111111110000000000
11111111111111111111111111001000111000000011011100011110011111101000000000000111111011111111100011111111111122222220112220111111111111111111111111111111111111111111111111000111000010011111101100000001
11111111111111111111111111111001110000011000000011100000001111111000000000110111111111111111111111111111111022222221112220111111111111110011111111111111111111111111111100100000010001100000010010000111
11111111111111111111111111111001110000011000000011100000001111111000000000110111111111111111111111111111111222200001112222111111111111110011111111111111111111111111111100100000010001100000010010000111
11111111111111111111111111111110000000000000000000000011110010010110000000000011111111100111111111111111122222201122222220111111111111111110001111111111111111111111111111111000101111110000000000001000
11111111111111111111111111110110000100000000000000011111100010011110000000000011011111111111111111111111122222200022222221111111111111111101111111111111111111111111111111111000010000000000000000000000
11111111111101111111111111111001000000011000000000001101110010000110000000000111111111111111111111111111122222222222222111111111111111000010001111111111111111111111111111111100000000010010000000000000
11111111111101111111111111111001000000011000000000001101110010000110000000000111111111111111111111111111222222222222222111111111111111000010001111111111111111111111111111111100000000010010000000000000
11111111111101111111111111111110110011000000000000000011101100000110000000000111111111111111111111111111122222222222222220111111111111110000011111111111111111111111111111111100000001111101100000000000
00111000011110011111111111111111000011000000000000000010010000001111000000000011111111111111111111111111122222222222222220111111111111111110001111111111111111111111111111111111000001101100010000000000
00111000011110011111111111111111000011000000000000000010010000001111000000000011111111111111111111111111222222221022222222111111111111111110001111111111111111111111111111111111000001101100010000000000
11011001101110001110011111111111111000000000000000001100000000001111000000000111011111011111111111111111222222221022222222111111111111111110000011111111111111111111111111111111000000001100011100000000
00000110010001110000011111111111001111000000000000000010000000000111000000000111100100111111111111111110222222220022222222111111111111111100000000011111111111111111111100000011000000000000001110000000
00000110010001110000011111111111001111000000000000000010000000000111000000000111100100111111111111111112222222222222221222111111111111111100000000011111111111111111111100000011000000000000001110000000
00000010001101101111111111111111000111000000000000000000000000000001110000000011111000011111111111111110022222222222220111111111111000101100000000010111111111111111111111100000000000000010000010000000
00011000000000000011101111111000111100000000000000000000000000001001110000000011111111011111111111111111111110222222222220111111100011011100010000011000111111111111111100100100100000000000001110000000
00011000000000000011101111111000111100000000000000000000000000001001110000000011111111011111111111111111111110222222222220111111100011011100010000011000111111111111111100100100100000000000001110000000
00000000000000000010011110110111000111000011111000000001100000000000000110001000111100011111111111111102211122221022222221111111011111101111101110010000000111111111111111111000000000000000011110000000
00000000000010000000000000111111001000111100011000000001100000001110110000000000011111011111111111111112222022201022222220111111111111111111101101111001111111111111000000100000100000001101111111000000
00000000000010000000000000111111001000111100011000000001100000001110110000000000011111011111111111111112222022201022222220111111111111111111101101111001111111111111000000100000100000001101111111000000
00000001100000000000000001111111110000011000011000000000000000000000110000001100111011111111110011111111222222202221112222011111011011010001110010011111000001000000100011000000100000000010011101110000
00000000000000000000001111111111001000111100011000001110000000000000110000110000111111111111011111111111111110222220112222111011111011010001111100000001001110000000000011000000000000000000001111111000
00000000000000000000011001111111110000100000000100100000000000000000001110000000011111111111111111111111111110222221022220011000000011100000000000001000000000000110000000000000000000000001100001111000
00000000000000000000011001111111110000100000000100100000000000000000001110000000011111111111111111111111111110222221022220011000000011100000000000001000000000000110000000000000000000000001100001111000
00000000000000001100001111110110110000000000000011000000000000000000000000110000011011000111110001111111111111122222222002111111100000110000010000001000000110000000000000100000000000010000000001111000
00000000000000001111111000001001000000000011000000000000000000000000000110000011000000000111011101110011111111112222211111111100000011101110000000000000000110000000000100000000000000001100000000001110
00000000000000001111111000001001000000000011000000000000000000000000000110000011000000000111011101110011111111112222211111111100000011101110000000000000000110000000000100000000000000001100000000001110
00000000000000001101111110110001000000000000011111000000000000000000000000000000100000000011001100001111110111111022211111111011111011111100000000000000000000000000000000000000100000010010000000111111
00000000000000000001110110110111000000000000000100000000000000000000000000000000000100000011010000000001111111111122211111111111111100000000000000000000000000000000000000000000000000000001100010000001
00000000000000000001110110110111000000000000000100000000000000000000000000000000000100000011010000000001111111111111111111111111111100000000000000000000000000000000000000000000000000000001100010000001
00000000000000000000000000111111110011000000000000000000000000000000000000000000000011000000000000000000011111111111111111111100111000000000000000000000000000000110000000000000000000000011111110111110
00000000000000000000000000110000000111000000000000000000000000000000000000000000000111000000000000000011111111111110111111111011111000000000000000000000000000000000000000000000000000000010011110111111
00000000000000000000000000110000000111000000000000000000000000000000000000000000000111000000000000000011111111111122211111111011111000000000000000000000000000000000000000000000000000000010011110111111
00000000000000000000000000001110000111100000000000000000000000000000000000000000000011000000100000000011111111111022201111111111111000000000000000000000000000000000000000000000111110000010011111001111
00000000000000000000000000110000000011100000000000000000000000000000000000000000000000100000110000010011101111111022201111111011100111000000000000000000000000000110000100000000001101101111101111110111
00000000000000000000001000001110000000100000000000000000000000000000000000000000000011011100001111110011111111112222220111111111111100000000000000000000000000000000000000000100011110001110000001110001
00000000000000000000001000001110000000100000000000000000000000000000000000000000000011011100001111110011111111122222220111111111111100000000000000000000000000000000000000000100011110001110000001110001
00000000000000000000000111111111000000000000000000000000000000000000000000000000000000000000000011111101111111022222221111111111100000101100000000000000000000000000000000000100011101111101110011111001
00000000000000000000000001001110000000000000000000000000000000000000000000000000000000000000000011111111111111022220001111111111111011101111100000000000000000000000000000100011001101101111111111111111
00000000000000000000000001001110000000000000000000000000000000000000000000000000000000000000000011111111111111022222221111111111111011101111100000000000000000000000000000100011001101101111111111111111
00000000000000000000000111001001000000000000000000000000000000000000000000000000000000000011000011111111111111122222220111111111111100110001100000000000000000000000000000011111011101111111110011111111
00000000000000000000000000111110000000000000000000000000000000000000000000000000000000000100101110010011111111111112222001111111100100110000010000000000000000000000000000000100111101111111100011110111
00000000000000000000000000111110000000000000000000000000000000000000000000000000000000000100101110010011111111111122222001111111100100110000010000000000000000000000000000000100111101111111100011110111
00000000000000000000000001001000000000000000000000000000000000000000000000000000000000000100101110001111111111111111111111111111100111110011101110000000000000000000000000000100111111111111110011110001
00000000000000000000000001110000000000000000000000000000000000000000000000000000000000000100110000001111111111111111111111111111111111101101110000000000000000000000000000000011101111111111111111001111
00000000000000000000000001110000000000000000000000000000000000000000000000000000000000000100110000001111111111111111111111111111111111101101110000000000000000000000000000000011101111111111111111001111
00000000000000000000000000001000000000000000000000000000000000000000000000000000000000111100111100001111111111111111111111111111111111111111110001100000000000000000000000000000111100010011111101110001
00000000000000000000000000110000000000000000000000000000000000000000000000000000000000000011111100011111111111111111111111111111111111111111111100000000000000000000000000000000010011110011111110000111
00000000000000000000000000000000000000000000000000000000000000000000000000000000011000000111011100011111111111111111111111111111111111100001111101111000000000000000000000000000000011110010011110000001
00000000000000000000000000000000000000000000000000000000000000000000000000000000011000000111011100011111111111111111111111111111111111100001111101111000000000000000000000000000000011110010011110000001
00000000000000000000000000000000000000000000000000000000000000000000000000000000011000000011111100011111111111111111111111111111111111111101100000000000000000000110000000000000000001101111111100000110
00000000000000000000000000000000000000000000000000000000000000000000000000000000000000011100101101111111111111111111111111111111111111111110000000000001000000000000000000000000000000010011101100001110
00000000000000000000000000000000000000000000000000000000000000000000000000000000000000011100101101111111111111111111111111111111111111111110000000000001000000000000000000000000000000010011101100001110
00000000000000000000000000000000000000000000000000000000000000000000000000000000011000011011101101111111111111111111111111111111111111110011100000000000000000000000000000000000000000000001111100000000
00000000000000000000000000000000000000000000000000000000000000000000000000000000000011111100011100001111111111111111111111111111111111111111110000000000000110000000000000000000000000000000000000001000
00000000000000000000000000000000000000000000000000000000000000000000000000000000000011111100011100001111111111111111111111111111111111111111110000000000000110000000000000000000000000000000000000001000
00000000000000000000000000000000000000000000000000000000000000000000000000000000000000000100111100011111111111111111111111111111111111111100010000000000000000000000011000000000000000000000000000000000
00000000000000000000000000000000000000000000000000000000000000000000000000000000000000100000011100001111111111111111111111111111111111111110001110000000000000000000000111000000100000000000000000000000
00000000000000000000000000000000000000000000000000000000000000000000000000000000000000100000011100001111111111111111111111111111111111111110001110000000000000000000000111000000100000000000000000000000
00000000000000000000000000000000000000000000000000000000000000000000000000000000000011100111110000011111111111111111111111111111111111111111100010000000110000000000000011000000000010000000000000000000
00000000000000000000000000000000000000000000000000000000000000000000000000000000000000000000100011101111111111111111111111111111111111111101110010010000000000000000000011111000010010000000000000000000
00000000000000000000000000000000000000000000000000000000000000000000000000000000000000000000100011101111111111111111111111111111111111111101110010010000000000000000000011111000010010000000000000000000
00000000000000000000000000000000000000000000000000000000000000000000000000000000000000100011010011111111111111111111111111111111111111110000010000010110000000000001000011111100000000000000000000000000
00000000000000000000000000000000000000000000000000000000000000000000000000000000000000011000100010011111110111110111111111111111111111110011101100010110000000000000100011111111001101100000000000000000
00000000000000000000000000000000000000000000000000000000000000000000000000000000000000000000010001111111111111111111111111111111111111111111111110010001000000000000011111111111000000010000000000000000
00000000000000000000000000000000000000000000000000000000000000000000000000000000000000000000010001111111111111111111111111111111111111111111111110010001000000000000011111111111000000010000000000000000
00000000000000000000000000000000000000000000000000000000000000000000000000000000000000000000000010011100011001111111111111111111111111111111111100001001111001111111100111111100100001100000000000000000
00000000000000000000000000000000000000000000000000000000000000000000000000000000000000000011000000001110011111111111111111111111111111111111111101101110110110111001111000111111110000001100000000000000
00000000000000000000000000000000000000000000000000000000000000000000000000000000000000000011000000001110011111111111111111111111111111111111111101101110110110111001111000111111110000001100000000000000
00000000000000000000000000000000000000000000000000000000000000000000000000000000000000000000000000001111100111111111111001111111111111111111111110011001001001111001111111011111111100011111100000000000
00000000000000000000000000000000000000000000000000000000000000000000000000000000000000000000000000000001100001111111110001111111111111111111111111110110001110110111011111000111111111101110010000000000
00000000000000000000000000000000000000000000000000000000000000000000000000000000000000000000000000000001100001111111110001111111111111111111111111110110001110110111011111000111111111101110010000000000
00000000000000000000000000000000000000000000000000000000000000000000000000000000000000000000000000001111100001001111000111011111111111111111111111110000001000000110011000000000111111101101111110000000
00000000000000000000000000000000000000000000000000000000000000000000000000000000000000000000000000000000011110000111001111100111111111111111111111111000000001000110111100111000001111101111111110110000
00000000000000000000000000000000000000000000000000000000000000000000000000000000000000000000000000000000011110000111001111100111111111111111111111111000000001000110111100111000001111101111111110110000
00000000000000000000000000000000000000000000000000000000000000000000000000000000000000000000000000000000011110000110111111111111111111111111111111111111110001111110111111100100000001101111100011000000
00000000000000000000000000000000000000000000000000000000000000000000000000000000000000000000000000000000000001000000111001111111111111111111111111111111000111111111100111100100000011101111111111111000
00000000000000000000000000000000000000000000000000000000000000000000000000000000000000000000000000000000000000110001111110000100111111111111111111111111111111111110111111111111000001100000011110111110
00000000000000000000000000000000000000000000000000000000000000000000000000000000000000000000000000000000000000110001111110000100111111111111111111111111111111111110111111111111000001100000011110111110
00000000000000000000000000000000000000000000000000000000000000000000000000000000000000000000000000000001100000000000111111111111111111111111111111111111111110111111111111111111000000000000011100111110
00000000000000000000000000000000000000000000000000000000000000000000000000000000000000000000000000000000000001000000001001011111111111111111111111111111111111001111111111111111110000000000000001000111
00000000000000000000000000000000000000000000000000000000000000000000000000000000000000000000000000000000000001000000001001011111111111111111111111111111111111001111111111111111110000000000000001000111
00000000000000000000000000000000000000000000000000000000000000000000000000000000000000000000000000000000000000110000000110011111111111111111111111111111111110001111011111111111110000010000000000001110
00000000000000000000000000000000000000000000000000000000000000000000000000000000000000000000000000000000000000000000001001011111111111111111111111111111111111111111111111111111011100011111111110000111
00000000000000000000000000000000000000000000000000000000000000000000000000000000000000000000000000000000000000000000001001011111111111111111111111111111111111111111111111111111011100011111111110000111
00000000000000000000000000000000000000000000000000000000000000000000000000000000000000000000000000000000000000000001001110011111111111111111111111111111110111110111111111111111111100000011111111111111
00000000000000000000000000000000000000000000000000000000000000000000000000000000000000000000000000000000000000000000000000111011111111111111111110011111110111111111111111111111101110010010011111111111
00000000000000000000000000000000000000000000000000000000000000000000000000000000000000000000000000000000000000000000000000111011111111111111111110011111110111111111111111111111101110010010011111111111
00000000000000000000000000000000000000000000000000000000000000000000000000000000000000000000000000000000000000000000111111100111111111111111111111111111110111111111111111111111101111111101111111111111
00000000000000000000000000000000000000000000000000000000000000000000000000000000000000000000000000000001100000000000000111111111111111111111111111111110001111111111111111111111111111111111111111111111
00000000000000000000000000000000000000000000000000000000000000000000000000000000000000000000000000000000000000000000000111100111111111111111111101111111111111111111111111111111111111111111111111111111
00000000000000000000000000000000000000000000000000000000000000000000000000000000000000000000000000000000000000000000000111100111111111111111111101111111111111111111111111111111111111111111111111111111
00000000000000000000000000000000000000000000000000000000000000000000000000000000000000000000000000000000000000000000000000111111111111111111111101111000110000111111111111111111111111110011111111111111
00000000000000000000000000000000000000000000000000000000000000000000000000000000000000000000000000000000000000000000000000111000111100101111111111110001111111111111111111111111111111111111111111111111
00000000000000000000000000000000000000000000000000000000000000000000000000000000000000000000000000000000000000000000000000111000111100101111111111110001111111111111111111111111111111111111111111111111
00000000000000000000000000000000000000000000000000000000000000000000000000000000000000000000000000000000000000000000000000011011111111001111110001101111111001111111111111111111111111111111111111111111
00000000000000000000000000000000000000000000000000000000000000000000000000000000000000000000000000000000000000001001000111111111100111110011111110010111111111001111111111011111111111111111111111111111
00000000000000000000000000000000000000000000000000000000000000000000000000000000000000000000000000000000000000001001000111111111100111110011111110010111111111001111111111011111111111111111111111111111
00000000000000000000000000000000000000000000000000000000000000000000000000000000000000000000000000000000000000000000000000111111111111101111111111111111111001111111111111111111111111111111111111111111
00000000000000000000000000000000000000000000000000000000000000000000000000000000000000000000000000000001101000000000000111011111100111111111111110011111111111111111111111111100101111111111111111111111
00000000000000000000000000000000000000000000000000000000000000000000000000000000000000000000000000000001101000000000000111011111100111111111111110011111111111111111111111111100101111111111111111111111
00000000000000000000000000000000000000000000000000000000000000000000000000000000000000000000000000000000000001000001000110111111111111101111111110011111110111111111111111111111111111111111111111111111
00000000000000000000000000000000000000000000000000000000000000000000000000000000000000000000000000000000001111110110000111111111111100011110001100011000111111111111111111111111111111111111111111111111
00000000000000000000000000000000000000000000000000000000000000000000000000000000000000000000000000000000000001111111111111111111111111111111101111111111111111111111111111111111111111111111111111111111
00000000000000000000000000000000000000000000000000000000000000000000000000000000000000000000000000000000000001111111111111111111111111111111101111111111111111111111111111111111111111111111111111111111
00000000000000000000000000000000000000000000000000000000000000000000000000000000000000000000000000000000000001001001111001111111111111111111111101110111111000110111111111111111111111111111111111111111
00000000000000000000000000000000000000000000000000000000000000000000000000000000000000000000000000000000000110110001111001111111111111111110001111111001111111001001111111111111111111111111111111111111
00000000000000000000000000000000000000000000000000000000000000000000000000000000000000000000000000000000000110110001111001111111111111111110001111111001111111001001111111111111111111111111111111111111
00000000000000000000000000000000000000000000000000000000000000000000000000000000000000000000000000000001110001110111001111111111111111111110011111111111111111111110111111111111111111111111111111111111
00000000000000000000000000000000000000000000000000000000000000000000000000000000000000000000000000000000010000001111111111111111111111111100011110011111111111111111011011111111111111111111111111111111
00000000000000000000000000000000000000000000000000000000000000000000000000000000000000000000000000000000010000001111111111111111111111111100011110011111111111111111011011111111111111111111111111111111
00000000000000000000000000000000000000000000000000000000000000000000000000000000000000000000000000000000000111111111111111111111111111110010011111111110111111111111100111111111111111111111111111111111
00000000000000000000000000000000000000000000000000000000000000000000000000000000000000000000000000000000000001111111111111111111111111100000011101111110111111111111011111111111111111111111111111111111
00000000000000000000000000000000000000000000000000000000000000000000000000000000000000000000000000000000000001111111111111111111111111100000011101111110111111111111011111111111111111111111111111111111
00000000000000000000000000000000000000000000000000000000000000000000000000000000000000000000000000000000000000111111111111111111111111111111111111111001111110111111100111111111110011111111111111111111
00000000000000000000000000000000000000000000000000000000000000000000000000000000000000000000000000000000000000111111111111111111111111111111111100011000001001111111111111111111101111111111111111111111
00000000000000000000000000000000000000000000000000000000000000000000000000000000000000000000000000000000000000111111111111111111111111111111111100011000001001111111111111111111101111111111111111111111
00000000000000000000000000000000000000000000000000000000000000000000000000000000000000000000000000010000000000001111111111111111111111111110001111110000000000110111111111111111111101111111111111111111
00000000000000000000000000000000000000000000000000000000000000000000000000000000000000000000000000001100000000000111110111111111111111111110011101100000000000000111111111111111111111111111111111111111
00000000000000000000000000000000000000000000000000000000000000000000000000000000000000000000011101110000000001111000111111111111111111110010001111100000000000000000111111111111111111111111111111111111
00000000000000000000000000000000000000000000000000000000000000000000000000000000000000000000011101110000000001111000111111111111111111110010001111100000000000000000111111111111111111111111111111111111
00000000000000000000000000000000000000000000000000000000000000000000000000000000000000000000010010011101111111000000001000111111111111100001111111110000000000000001011111111111111111111111111111111111
00000000000000000000000000000000000000000000000000000000000000000000000000000000000011011011100001100000011110000000000000011011111111110011110000010000000000000000100111111111111111111111111111111111
00000000000000000000000000000000000000000000000000000000000000000000000000000000000011011011100001100000011110000000000000011011111111110011110000010000000000000000100111111111111111111111111111111111
00000000000000000000000000000000000000000000000000000000000000000000000000000000000000000011110011111111101111000000000000000000000111010000011111110000001000000000000111111111111111111111111111111111
00000000000000000000000000000000000000000000000000000000000000000000000000000000000000100000111111111111111110111110000000000000000111000001100011100000001110000001000011111111111111111111111111111111
00000000000000000000000000000000000000000000000000000000000000000000000000000000000000100000111111111111111110111110000000000000000111000001100011100000001110000001000011111111111111111111111111111111
00000000000000000000000000000000000000000000000000000000000000000000000000001000011000111011100001110011111111111111111000000000000000000000000010000001001110001110011011111111111111111111111111111111
00000000000000000000000000000000000000000000000000000000000000000000000000110011000000111000100000011111111111111111111110000000000000000000000000000110001001111111111111111111111111111111111111111111
00000000000000000000000000000000000000000000000000000000000000000000000000110011000000111000100000011111111111111111111110000000000000000000000000000110001001111111111111111111111111111111111111111111
00000000000000000000000000000000000000000000000000000000000000000000000000000000000000011000100001111111111111111111111110100000000000000000000000000000000001001111111111111111111111111111111111111110
00000000000000000000000000000000000000000000000000000000000000000000000000000000011000100100000001111111111111111001111111100000000000000000000000000000000111111111111111111111111111111111111111111111
00000000000000000000000000000000000000000000000000000000000000000000000000001100011000011100010001111101111111001111111111111111000000000000000000000000000110111111111111111111111111111111111111110111
00000000000000000000000000000000000000000000000000000000000000000000000000001100011000011100010001111101111111001111111111111111000000000000000000000000000110111111111111111111111111111111111111110111
00000000000000000000000000000000000000000000000000000000000000000000000000000000000000000011100011111111110111111111111111111111111100000000010000000000000110001111111111111111111111111111111110001000
00000000000000000000000000000000000000000000000000000000000000000000000000000000000000000000100011111111111111111111111111111111111111100000010010000000000110111111111111000011111111111111111111000000
00000000000000000000000000000000000000000000000000000000000000000000000000000000000000000000100011111111111111111111111111111111111111100000010010000000000110111111111111000011111111111111111111000000
00000000000000000000000000000000000000000000000000000000000000000000000000000000000000000111000010011101111111111111111111111111111111110010010000001000000001111111111111111111111111111101111110000000
00000000000000000000000000000000000000000000000000000000000000000000000000000000000000000000010010011111111110111111111111111111111111111111110000000001110001001111111111111111111111110010011111000000
00000000000000000000000000000000000000000000000000000000000000000000000000000000000000000000010010011111111110111111111111111111111111111111110000000001110001001111111111111111111111110010011111000000
00000000000000000000000000000000000000000000000000000000000000000000000000000000011000000011010010011111111111111111111111111111111111111111101111111110001111111001111111111111111111111111110011000000
00000000000000000000000000000000000000000000000000000000000000000000000000000000000000000000000000000000000001111111111111111111111111111111111111111110001111001111111111111111111111111111111111111111
00000000000000000000000000000000000000000000000000000000000000000000000000000000000000000000000000000000000001111111111111111111111111111111111111111110001111001111111111111111111111111111111111111111
00000000000000000000000000000000000000000000000000000000000000000000000000000000000000000000000000000000001111111111111111111111111111111111111111111110111110000001011111111111111111111111110011111111
00000000000000000000000000000000000000000000000000000000000000000000000000000000000000000000000000000000001111111111111111111111111111111111111111111111111000110000100111111111111111111111111100111111
00000000000000000000000000000000000000000000000000000000000000000000000000000000000000000000000000000000001001111111111111111111111111111111111111111111111111111000011111111111111101111111111100000000
00000000000000000000000000000000000000000000000000000000000000000000000000000000000000000000000000000000001001111111111111111111111111111111111111111111111111111000011111111111111101111111111100000000
00000000000000000000000000000000000000000000000000000000000000000000000000000000000000000000000000000000000111111111111111111111111111111110011111111111111111110111111111111111111110011111111100000001
00000000000000000000000000000000000000000000000000000000000000000000000000000000000000000000000000000001111111111111111111111111111111111111111111111111111111111111111111111111111110011111111110000000
00000000000000000000000000000000000000000000000000000000000000000000000000000000000000000000000000000001111111111111111111111111111111111111111111111111111111111111111111111111111110011111111110000000
00000000000000000000000000000000000000000000000000000000000000000000000000000000000000000000000000000001101111111111111111111111111111111111111111111111111111111111100100111111111110010010010010000000
00000000000000000000000000000000000000000000000000000000000000000000000000000000000000000000000000000000010111111111111111111111111111111111111111111111111111111111111111011111111110000001111100000000
00000000000000000000000000000000000000000000000000000000000000000000000000000000000000000000000000000000010111111111111111111111111111111111111111111111111111111111111111011111111110000001111100000000
00000000000000000000000000000000000000000000000000000000000000000000000000000000000000000000000000000010011111111111111111111111111111111111111111111111111111111111111111111011011110000001110001000000
00000000000000000000000000000000000000000000000000000000000000000000000000000000000000000000000000000000000000111111111111111111111111111111111111111111111111111111111111111000001111100011101100000000
00000000000000000000000000000000000000000000000000000000000000000000000000000000000000000000000000000000000000111111111111111111111111111111111111111111111111111111111111111000001111100011101100000000
00000000000000000000000000000000000000000000000000000000000000000000000000000000000000000000000000000000010111001111111111111111111111111111111111101111111111001001111111111100010011100001111101000000
00000000000000000000000000000000000000000000000000000000000000000000000000000000000000000000000000000000010000000001111111111111111111111111111111111111111111111001011111111000010011100000011100000000
00000000000000000000000000000000000000000000000000000000000000000000000000000000000000000000000000000000010000000001111111111111111111111111111111111111111111111001011111111000010011100000011100000000
00000000000000000000000000000000000000000000000000000000000000000000000000000000000000000000000000000000000111110111001111111111111111111111111111111111111110111111111111100100010011110000000000000000
00000000000000000000000000000000000000000000000000000000000000000000000000000000000000000000000000000001110111110111111111111111111111111111111111111111111111110000111111111100100001110000001100000000
00000000000000000000000000000000000000000000000000000000000000000000000000000000000000000000000000000000001001001111001111111111111111111111111111111111111111001111111111111100100001111100000000000000
00000000000000000000000000000000000000000000000000000000000000000000000000000000000000000000000000000000001001001111001111111111111111111111111111111111111111001111111111111100100001111100000000000000
00000000000000000000000000000000000000000000000000000000000000000000000000000000000000000000000000000000000110001111111001111111111111111111111111111111111111111001111111111111100010011100000000000000
00000000000000000000000000000000000000000000000000000000000000000000000000000000000000000000000000000000000110111110111111111111111111111111111111111111111001001110111111111111111100011100000000000000
00000000000000000000000000000000000000000000000000000000000000000000000000000000000000000000000000000000000110111110111111111111111111111111111111111111111001001110111111111111111100011100000000000000
00000000000000000000000000000000000000000000000000000000000000000000000000000000000000000000000000000000000000000000111111111111111111111111111111111111111111001111100111011111110010001100000000000000
00000000000000000000000000000000000000000000000000000000000000000000000000000000000000000000000000000000000110001111110111111111111111111111111111111111111111110001111100111111010000000000000000000000
00000000000000000000000000000000000000000000000000000000000000000000000000000000000000000000000000000000000110001111110111111111111111111111111111111111111111110001111100111111010000000000000000000000
00000000000000000000000000000000000000000000000000000000000000000000000000000000000000000000000000000000010001111110111110111111111111111111111111111111001110110111111111100111000000000000000000000000
00000000000000000000000000000000000000000000000000000000000000000000000000000000000000000000000000000010000110110111111111111111111111111111111100011000001111001111100111011100000000000000000000000000
00000000000000000000000000000000000000000000000000000000000000000000000000000000000000000000000000000010000110110111111111111111111111111111111100011000001111001111100111011100000000000000000000000000
00000000000000000000000000000000000000000000000000000000000000000000000000000000000000000000000000000000001110001111110110111011111100111111111101110110110110111111111111111100000000000000000000000000
00000000000000000000000000000000000000000000000000000000000000000000000000000000000000000000000000000000000001111001111111111111111111111111111110011111111111110111111111111111000000000000000000000000
00000000000000000000000000000000000000000000000000000000000000000000000000000000000000000000000000000000000001001111111111111111111111111101111111111111001111110111111111100111110000000000000000000000
00000000000000000000000000000000000000000000000000000000000000000000000000000000000000000000000000000000000001001111111111111111111111111101111111111111001111110111111111100111110000000000000000000000
00000000000000000000000000000000000000000000000000000000000000000000000000000000000000000000000000000000000000000111111111111111111111111111111111111111111111110111100111011011111100000000000000001000
00000000000000000000000000000000000000000000000000000000000000000000000000000000000000000000000000000000010001001001111110100011111111111111111111111111111111111110100111000111110001110000000000000000
00000000000000000000000000000000000000000000000000000000000000000000000000000000000000000000000000000000010001001001111110100011111111111111111111111111111111111110100111000111110001110000000000000000
00000000000000000000000000000000000000000000000000000000000000000000000000000000000000000000000000000000000110110110001111111111111111011101111111111111111111111111100011100100000000011100000000000000
00000000000000000000000000000000000000000000000000000000000000000000000000000000000000000000000000000000000001111111110111111111111111111111111111111111111111111111100111011000111110000000000000000000
00000000000000000000000000000000000000000000000000000000000000000000000000000000000000000000000000000000000001111111110111111111111111111111111111111111111111111111100111011000111110000000000000000000
00000000000000000000000000000000000000000000000000000000000000000000000000000000000000000000000000000000000001001111000000000111111100111111101111111111111111111110111111100100011100010010000000000000
00000000000000000000000000000000000000000000000000000000000000000000000000000000000000000000000000000000000000110111110001000111111111111111111111111111111111111000111111111000100011110000000000000000
00000000000000000000000000000000000000000000000000000000000000000000000000000000000000000000000000000000000000110111110001000111111111111111111111111111111111111000111111111000100011110000000000000000
00000000000000000000000000000000000000000000000000000000000000000000000000000000000000000000000000010000000000001001111111111000000111011111111111111111111111111110011100100000100010011100000000000000
00000000000000000000000000000000000000000000000000000000000000000000000000000000000000000000000000000000000000001001000111111000111011111111111111111111111111111110111000011100011111101110000000000110
00000000000000000000000000000000000000000000000000000000000000000000000000000000000000000000000000000000000110000110111111111000100000111111111111111111111111111111100000000111010011110010000000000001
00000000000000000000000000000000000000000000000000000000000000000000000000000000000000000000000000000000000110000110111111111000100000111111111111111111111111111111100000000111010011110010000000000001
00000000000000000000000000000000000000000000000000000000000000000000000000000000000000000000000000000000000000001000111001111111100011001111111111111111111111001001000000011000011111111111100000000000
00000000000000000000000000000000000000000000000000000000000000000000000000000000000000000000000000000000000111000000111111100111111000011111111111111111111111111111000000000011000001111111110000000000
00000000000000000000000000000000000000000000000000000000000000000000000000000000000000000000000000000000000111000000111111100111111000011111111111111111111111111111000000000011000001111111110000000000
00000000000000000000000000000000000000000000000000000000000000000000000000000000000000000000001100001110010110000111111111111111100111011111111111111111111111111110000000011111111111111111110010000000
00000000000000000000000000000000000000000000000000000000000000000000000000000000000000000000000000000000000000000000001110111111111111111111111111111111111110000000000000011100111111111110011101000000
00000000000000000000000000000000000000000000000000000000000000000000000000000000000000000000000000000000000000000000001110111111111111111111111111111111111110000000000000011100111111111110011101000000