10000001111111111111111111111222222222222222201111111111111111111110111110010000000000010011101001000000111111000011100100000000000000000011011111101111111111111111111222211111111111111111110011111111
00000011111111111111111111111222222222222222210110221111111111111100111110000000011111011001100000000000000110000011111000000000000000001010011011001111111111111111111111111111111111111111101111111111
00000011111111111111111111110222222222222222222111121111111111111110001111110001100000000100000000000000000011011110000000000000000000100111111111011111111111111111111111221111111111111111101111111111
00000011111111111111111111110222222222222222201111011111111111111111111111111010000011001111100000000000000000000100000000000000000000101111111111111111111111011111122110222011111111111111111111111111
00000111111111111110111111111122222222222222201111211111111111111111111111101110111011000111100000000000000000000000000000000000010001100001011111111111111111111110222221222211111111111111111111111100
00000111111111111110111111111102222222222222001111111111111111111111111211101110111011000111100000000000000000000000000000000000010001100001011111111111111111111122222222222011111111111111111111111100
00000111111111111111111111111111001111011100011111101111111111111112222222110111011001011011110010000000000000000000000000000000001000011110111111111111111111112222222222222211111111111111111111111111
01110111111111111111111111111111111111111111111111111111111111000112222222211111011111110000001000000000000000000000000000000000110110111000011111111111111111112222222222222221111111111111111111111111
11111111111111110111111111111111111111111111111011111111011011111222222222211111111111111111111000000000001000000000000000001111111111111011111111111111111111102222222222222221111111111111111111111111
11111111111111110101111111111111110011111111111111111110000001111222222222211111111111111111111000101000000000000000000100001111110111110111111111111111111111112222222222222220111111111111111111111111
11111111111111111111111111110111111111110011011111111110000011112222222222211111111111111111100000010000000000000000000000011111111111110111111111111111111111111111222222222222011111111111111111111111
11111111110111111111110000001110111110011100011001111111000011111222222222222222211101111111100011011000000000000000000000011111111111011111111111111111111111111111122222222222211111111111111111111111
11111110010100000011100000000000000000000000011001111111100111111222222222222222222211111111110011111111000000000010100001111111111111111111111111111111111111111111111222222222211111111111111111111111
11111101011111000011000000001000000000000011110010111111100111111112222222222222222221111111111111111001110111000000101011111111111111111111111111111111111111111111111222222222011111111111111111111111
11110110001100000011100000011101000000000000010000111111011111111122222222222222222222111111110111111110111001011111110110000022110111211111111111111111111111111111111222222222211111111111111111111111
11110110001100000011100000011101000000000000010000111111011111111100222222222222222220111111110111111110111001011111110110022002212221111111111111111111111111111111111222222222011111111111111111111111
11000111000011100011000000111101110001001111000001111111111111111122222222222222222221111100011110111111111010121111110111222211222222211111111111111111111111111111111100022220111111111111111111111112
11111111100000000110000000111100000011100011010111111111111111111122222222222222222201111111111001111111111112222111022202122002222220110111111111111111111111111111111111122001111111111111111111111112
11111111111011100000000000100000000001001111111011111101111111111100022222222222222021111111111111111111121022222022100021122200222211111211111111111111111111111111111111111111111111111111111111111112
11111111111111100000000000000000000000000100111111111111111111111110222222222222222111111111111111111111220022222221201102122210222221121211111111101111111111111111111111111111111111111111111111111222
11001111111111110000000011100000000000001000110001111111111111111111022222201111111111111111111111112222122222222222111102222222222222222111111111111111111111111111111111111111111111111111111111111222
11111111111111100000000010100000000000101100111111111111111111111111122222211111111111111111111111102222022222222222011002222222222222222111111111011111111111111111111111111011111111111111111111110222
00111111111111111111000001010000000000101111111111111111111111111111110201111111111111111111111111112222222220222202202220220222222222202111111110010111111111111111111101022000111111111111111111122222
00111111111111111111110011101000000001111111111111111111111111111111111111111111111111111111111111101222220012222222000002222222222222222111111101001011111111111111111112222200111111111111111111122222
00110011111111111101111111000000000011011111111111111111111111111111111111111111111111111111111111112020220012222222222222222202222211111111100001110111111111111111111111222222111111111111111111122222
00110011111111111101111111000000000011011111111111111111111111111111111111111111111111111111111111111222220022222222222222222222201111111111100001110111111111111111211111220121111111111111111111102222
00000111111111111011101110000000000011011111111111111111111111111111111111111111111111111111111111111222222222222222222222222222211111111111011000101111111111011111121111222220111111111111111111110220
00000011111100101111001110000000000000000111111111111111111111111111111111111111111111111111111111111222222222222222222222222222011111110000000011001111110011100011202102222222111111111111111111111111
00001110111111101101011110000000000001100111111111111111111111111111111111111111111111111111111111111000212221222022222222222222111111000000000011010111111101111110102222222220111111111111111222222211
00111111101100000000011100000010001101101111111111111111111111111111111111111111111111111111111111110111202222222112222222220011111111000001011100011111111111111111111222222221111111111111112222222222
00001110011000000000111100001000001011100111111111111111111111111111111111111111111111111111111111111022022202100122222222222221111111111111111011010111110111111111222222222111111111121111112222222222
10000100110000000001111111101100111101111122011111111111111111111111111111110111111111111111111111111111011122111120121022222120111111111101111011000010000000111111122222221111111002222221112222222222
00000000000000000000110011100000001111011122011111111111111111111111111111011111111111111111111111111111111112111111111111112210111111111111111111000000011111110011122222221111111102222222222222222221
00000000011111000000000001111001111101111022011111111111111111111111111111111111111110111111111111111111111112111111111111112211111111111100011011110000011100111111122222221111111002222222222222222221
00110000111111100000110011111101111111112222201111111111111111111111011111111111111011111111111111111111111111111111111111112121111111111110100011100000010011111111122222221111112222222222222222222111
00110000111111100000110011111101111111112222222111111111111111111111011111111111111011111111111111111111111111111111111111111111111111111110100011100000010011111111112222221111111222222222222222020111
01111011011111111000011111111001111101222222201111111111111111111101111110011111111111111110011111111111111111011100111011111111111111111111111111110000011001111111211222212111112222222222222222211111
00110011100111111000011111110111000011222222200111111111111111111110000111111111111111111110011111111111111111100011101111111111111111111110100111101010011101111111102222222111122222222222222222211111
00000111101111111000010011110000000111222222222211111111111111111111001001111111111111111111111111111111111100100100000011111111111111111011111111111111111111111120222222222111112222222222222222111111
00000111100011111110000011110100111111222222222111111111111111111111111111111111111111111111111111111111111111000001000000001111111111111110111111111111111111111122022222222221112222222222222011111111
00000010000100111010010011111011111111111111122211111111111111111111111111111111111111111111111111111111111111000000000000001111111111100111111111111111111111111122222222222222122222222222211111111111
00000000000100111000000001111111111111111111111111111111111111111100111111111111111111110111111110111111111111000000000000000110101111101111111111111111111111111122222222222222222222222211111111111111
00000000000000010000001111111111111111111111111111111111111111111110011111110011111111111111111111111111111100000000000000000011110111001111111111111111111111111122222222222222222222112211111111111111
00000000000100011110111111111111111111111111111111111111111111001000011111111100111011101111111111110111111111100000000000010111111110101111111111111111111111111111222222222222122011111111111111111111
00000000000000000100001111111111111111111111111111111111111111110010111111111100011111111111111011011111111111100000000000000111111110111111111111111111111111111111112222222222221221211111111111111111
00000000000000000100001111111111111111111111111111111111111111110010111111111100011111111111111011011111111111100000000000000111111110111111111111111111111111111111112222222222221221211111111111111111
01110010010000000000011111011111111111111111111111111111111111111110001111111101111111111111111111110111110101000000000000011111011111111111111111111111111111110220122222222222221220111112111111111110
00000000000000000000011100001111111111111111111111111111111111111010101001111111100111010111111110110001111110000000000000011011111111111111111111111111111111122222222222222222222222111121111111111111
00000000000000000000000000111111111111111111111111111111111111111001101111111111100000110111111110011111111110000000000000000011111111111111111110111111111112222222222222020222222220122022111111111111
00000000011100000000000000111000111111111111111111111111111111111110100111111000000000011111111110111111011110000000000000000101111110111111111111111111111110222222021221112222222222222222111111111111
01001000001000000110000000110000111111111111111111111111111111111111100001111110000111100011111111001111111110000000000000000001111111111111111110111111111112222222221111111112222222222222111111111111
11110000001000010100000001110000110111110111111111111111111111111101001001111110111111111111111110000000011111000000000000001101111111111111011111111111111102222222201111112222221222222111111111111111
11000000000100000111000001100001000001000111111111111111111111111000011110110110111111111111111111100000111111000000000000001110011111111111111111111111111222222222221011022222222222222011111111111111
11111100001000101100010011100001000001100111111111111111111111111111101111110000011111111111111111100001111111000000000000000011011111111111111111111111112222222222222222222222222222222111111111111111
11111100000000011110000000110000000100000111111111111111111111111110101111111111111111111111111111000001111001000000000000000011011111111111111111111111122222222222222222222222222222220111111111101111
11111100000000011110000000110000000100000111111111111111111111111110101111111111111111111121111111000001111001000000000000000011011111111111111111111111222222022222222222222222222222220111111111101111
01111000001111111000000000011000000100110000011111111111111111111111111111111111111110111211101111101111111000000000000000000000000001111111111111111111222222222222222222222222222000000111111111111111
01111010000000000010000000011100111011110000001111110011111111111111111111112211111111112011101111111000010001000110000000000001000111111111111111111112222222222222222222201222202221111111111111110111
01111101000000101101000000000111111111110000001111111111111111111111111111112200111111112011111111110001010111000110000010001111110111111111111111111112222222222222222222201222202221111111111111111111
00111111010000000000000000000001111111111100100110111111111111112111111111112212000111110211111111111000110010011110000011111101000111111111111111022202222222222222222222201121222220111111111111111111
11111110110000100010110001110001111111111111110100111101111111020011111111122222222222222220011111111111111110011111000111111011011111111102211002222222222222222222222222201111222222200111111111111111
11111000111111111101100011110101000110100111110010011100111111210112000111122222222222222222220011111111101111000111100011111111110000022222211222222222222222222222222222220111222222222011111111111111
11111011001100000010100010111111000011100000001111011100011101222222222201120222222222022222222211111111111111111111111111111111110002222222222222222222222222222222222222222111222220122211111111111011
11111111111011010110000001001110000001000000011110000000111101111222222222020222222222222222222221111111101111111111101111111111102222222222222222222222222222222222222221121111121111112111111111111111
11111111111100110111000000011100000000011000111100000000011111002222222222222222222222222222222222111111111111111011111100011111122222222222221112221102222222222222222221111111111111111111111111110111
11111111111100110111000000011100000000011000111100000000011111001022222222222222222222222222222222211111111111111011111100011111122222222222211111111122222222222222222221111111111111111111111111110111
01000111111111101111100000111100000000011111101000000000000001110122222222222222222222222222222222222111111111111111111111111111112222222222211111111122222222222222222011001011111111101111111110000111
00110111111111111110100000000010000000111111110000000000000001111122222222220222222222222222222220202111111111111111110111111111120122222220011111111122222220222222222011110110111111111111011101010111
00001011111111111111000001110111000000111111100100000000000001111222222222220122222222222222222222101111111111111111101111111111111000222221111111111122222221222222222011111111111111011111010010000010
00001111111111111111101100100010000001111111010000000000000001111222222222221112222222222222222222211111111111111111111111111111111112222201111111112222222221022022220011111111111111100101010000010111
00000011111111111111101111111100000000000111000100000000000101111222222222221112222222222222222222211111111111111111111111111111111112222211111111112222222221122122221111111111111011001110000000000111
01000001001111111111101111100000000000001111101010010000111111111222222222211111122222222222222222001111111111111111111111111111111112222210111111112222220111111111111111111111110100000100001111001011
00000000010111000011111111000000000000011111111111011100111111112222222222211111111222222222222222021111111111111111111111111111111111122111111101111122221111111111111111110000010100011000100000000110
11110000001111001011111101000000000000011111111111111111111111022222222222111111100112222222122221211111111111111111111111111011111111111111112220111111111111111111111110110011001011100000000000001110
11110000001111001011111101000000000000011111111111111111111112222222222220111111100111222221111022111111111111111111111111111011111111111111112012111111111111111111111110110011001011100000000000001110
01111101111111000011111110000000000000011111111111111111111002222222222221110112222112222211111110001111111111100111111111111111111111111112222222212111111111111110011111110000110111000000000000001110
01111111111111010110111110000000000000111111111111110011122011022222222221112201211111222111111111111111111111111011111111111111110111111112222222222111111111101110010111111001010100000000000000001110
11111111111100100000110001000000000000011111111111111111122222222222222221112212011111222211111111111111111111111111111111111111111111111111222222201111111111100000100010111101010000000000000000000101
11111111111111100000000000000000000000011111111111111200222222222222222221111022111112222211111111111111111111111111111111111111111111111222222222222111111110000000000110001110010000000000000000001000
11111111111111100100000010000000000001010111111111111120110202222222200211111111111112222212211022111111111111111111111111111111111111112222222222221111111010000000011001111100000000000000000000000010
11111111111111110100010000000000000000100011111111111122222212222222222111111111111122222222201111111111111111111111111111111111111111122222222222222211111110000000011000000000000000000000000000011111
11111111111111111110101110100000000000000011111111111111110222222222211111111111111221110222200111111111111111111111111111111111111111222222222222222211111101010000010111000000000000000000000001000110
11111111111111111111111111011000000011100011111111111111110222222222211001111110000220001222200111111111111111111111111111111111111111222222222222222211111101000001111000000000000000000000000001000000
11111111111111111111111101111010001111111011111111111111122211222211111121111122222222220022222200011111111111111111111111111111111111222222222222222211111010010000000010000000000000000000000011000001
11111111111111111111111101111010001111111011111111111111111111111111111111111212222222222222222222211111111111111111111111111111111111222222222222202111111010010000000010000000000000000000000011000001
11111111111111111111100000111011111111111011111111111111111111111111111111110222222222222222222222111111111111111111111111111111111111122222222221111111111110001110010000000000000000000000001101000000
10000111111111111111000000011111110111111111011111111111111111111111111111112222222222222222222222221111111111111111111111111111122202222222222011111111111101010010010000000001000000000000000000000000
10000010011111100111100000011111110110111100011111111111111111111111111111121222222222222222222222222111111111111111111111111112222222222222211111111111101110110000110000000000000000000000000000111110
11110000101111111000000011110100110000011111111111111111111111111111111111122222222221122222220012201111111111111111111111111122222222222221111111111111111110110011000000000000000000000000000000011100
01001000000111111000000001110100000000001111111111111111111111111111111112200222222222222222201112222111222222211111111111122122222222222211111111111111100110000010000000000000000000000010000000000010
01110000010111001101000011111000000001001111011111111111111111111111111112222222222222222221222222222202222222211111111102222222222222222211111111111011101010000010100000000000000000000000000000000000
10110000001100000111111110100000000010011111011111111111111111111111111022222222222222222221122222222222222222211111111122222222222222222111111111111011100000101110000000000000000000000000001100000000
11000000001000101111111111111000000111111111011111111111111111111111111022222222122222222222022222222222222222221111111110222222222222222111111111111011110011110000000000000000000000000000000000000000
01000100001011011111111111100000000110011111111111111111111111111111111212222222222222222222222222222222222222211111111112222222222222222111111111110011110001000000000000000000000000000000000000000001
01000100001011011111111111100000000110011111111111111111111111111111111212222222222222222222222222222222222222211111111112222222222222222111111111110011110001000000000000000000000000000000000000000001
10000110000000001111111100000000000010111111111022211111111111111111111122222222222222221121111122222222222222211111111110212202222222222111111010000001110010000000000000000000000000000000000000100001
10001010000100000000000000000000000001110111111222100221111111111111111111222222222222221111111121122222222222111111111111111201222222222111111011100100000000000000000000000000000000000000000000000000
11111010000000000000000010000000000000111111100222221220211111111111111111222222222222111111111111102222222221211012111111111111212222222111111111111111100000000000000000000000000000000000000000000000
01111111100100011101000000100100000000111111222222222111111111111122222222222222011011111111111111222222222222121211111111111111112222222211111111111111110000010000000000000000000000000000000000000000
01001010010111011111001110111101000010111011222222111220111111111112222222222201122112211111111100222222222221111111111111111111112222222221111111111111110011010000000000000000000000000000000000000000
11111110111111111111001101110110111000111111222222222011111111111111211021211101111111111111111122222222201121111011111111111111112222222221111111111111100001100000000000000000000000000000000000000000
11111110101011110010111111110110111100011111011222221201111111111111111112121021111111111111122222222222011111111111111111111111111022222201111111111111100000000000000000000000000000000000000000000000
11111111111011100100111110111101111000001111001022222201111111111111111122112222111111111110012222222222202211111111111111111101112222222211111111111110000000010000011000000000000000000000000000000000
10111111111111111010001111111111110000101111111122222211111111111111111121102222211111111111111022222222222211111111111111111110012222221111111111111110000000010000000000000000000000000000000000000000
10111111111111111010001111111111110000101111111122222211111111111111111111222222211111111111111022222222222221111111111111111110012222221111111111111110000000010000000000000000000000000000000000000000
11111011111111111111111111111111111000011111111222222022211111111111111111122222211111111111111122222222222221111111111111111100111002001111111111110100000000000000000000000000000000000000000000000000
11111111111111111111111111111111111000011111111222222022211111111111111111122222211111111111111122222222222221111111111111111101111112111111111111000000000000000000000000000000000000000000000000000000
11111111111111110111111111111111111111011111111122222222211111111111111111112220111111111111111112222111122222111111111111111101111111111111111111101000000000000000000000000000000000000000000000000000
11111111111111001111111111111111111110011111111022222221111111111111111111112221111111111111111111111111122221111111111111111111111111111111111111100000000000000000000000000000000000000000000000000000
10000111111111011110222222011111111111111111111122222222111111111111101111112111111111111221100111111111222221100001111011111111111111111111111111100100000000000000000000000000000000000000000000000000
11111111111111111112222222201111111111111111122022222221111111001111111111111101100102012222011111201112222221100001111111111100011111111111111111101010001010000000000000000000000000000000000000000000
11111111111111111122222222221100111112002222222122222222222111111111111111111112122212220222010102220122222221111100000111111111111111111111111111001001100001100000000000000000000000000000000000000000
11111111111111111101222222211122222222222222210222222222222011111111111111111002222022222222000012121022220011111100000001110111111111111111100111000000001010100000000000000000000000000000000000000000
10001111110111122222222122221111222222222220122222222222222221111110011111211122222222222222222211122222222211111110000010000111101111111111111111100000010011100000000000000000001000000000000000000000
12222221112211122222222102201111222222222220100222222222222011111222022222121222022200022220220111112222120111111110000010000111101111111111111111100000010011100000000000000000001000000000000000000000
22222222222111222222222222221110112222201011110222222222222111112222122222222211100121222222220101002220111111111110000000001110101111000111111111000000000111000000000000000000001000000000000000000000
02220012221222222222222220221111111220110111111210222022222211111122222222222021111122222222220100010220110111111110000000000010111001001001111111100000000111000000000000000000000000010000000000000000
12200112222220022222222201111111111021111111001121111122022221111122222222220011111112222202220100012211101111111110000001100000000001000011111111100000011111110000000000000100000011010000000000000000
12200112222221122222222201111111111121111100001121111122022221111122222222220111111112222202220110012211111111111000000001100000000000000000111111100011100010010000000000000000000000110000000000000000
22222202222221120222222211111111111110010100001112111120211022111222222222212011111100112222201110012211111111000000000000010000110001000000111101110000000000010000000000000000001000000000000000000000
10221112222220111222221111111111001100101100010001111111111122111122222221112100100222210222201110112111111110000000000000001000000001000000011111111000000000000000000000110000000000000000000000000000
11111111222222121211111111111111001011111011100011111101111111111102211211111112122222220202211111011111111100000000000000001101110000000000011111111000000000000000000000110000000011000001000000000000
12112111112200011111111111111111111111111111111111111111111111111111111111111111111112221221210100001111100100000000001100011111110110000011111111110000000000001110000000000000101100010000000000000000
11111111111111111111111111111110111110110111111110111110101111111111111111111111111111111111111100001111111100100000001011111111100000011111111111111110000000001100100000000000000000000100000000000000
11111111111111111111111111111110111110110111111110111110101111111111111111111111111111111111111100001111111100100000001011111111100000011111111111111110000000001100100000000000000000000100000000000000
11111111111111111111111111111111111110111111111101011110101101111111111111011111111111111111101000001111001100000000001001111000000000011111100000110001100000101110100000000000000100100000000000000000
00001111111111111111111111101000000001111100001100011111001111001101111111110101011111111111100010101111110000000000110111100100000000111110100000011000001000100010000000000010000011101000000000000000
00000111111111121111111111110010000010011111000111011111010111001001001111111110111111111110000011111111111010000000111010001001000000000000011000011110010011001110000000000001000000001000000000000000
00001011111100111111111111111011110000000111101100000011001111110011100111111111111110100110000001111111111110111111110011111111000000000000100100000000000000010010000000000000100000000000000000000000
01000101001111111111111111111111000000000000111101101101010111111111000000111111111000100111100001111111111110111111111111111111000000001100000000010000000101010000000000000000000000000000000000000000
00000010101111111111111111111111110000000000111100100000000011110110000001111111111100000110011111111111111111111111110111111101110000000000000000100000000000110000000000000001000000000000000000000000
00000111111111111111111111111111110010000011001110111100000001110000000001110111111100000110001001111111111111111111111111110101110000000000000000000000000000000000000000000000000000000000000000000000
00000011111111111111111111111111111110001000111111001101100000000101011111110110111110000001100010011111111111100011111111110011110000000000000000000000000000000000000000000000000000000000000000000000
00000011111111111111111111111111111110001000111111001101100000000101011111110110111110000001100010011111111111100011111111110011110000000000000000000000000000000000000000000000000000000000000000000000
10000111101111111111111111110111000001001000101111100011000000000001111001111111011100000010000000011111111111000000111111100001111000000000000000000000000000000000000000000000000000000000000000000000
00000001111111111111111111110111001011000000001111111101000000000011111001111111000000001011101100010001111111011010000010000110101110000000000000000000000000000000000000000000000000000000000000000000
00111011111111111111111111111111111101000000001111000000100000001111111110111011111100000011101011001000111111111001000000001111110000000000000000000000000000000000000000000000000000000000000000000000
00111111111111111111111111111111111111000100011111000001000000110111111111111111100000000001100110000000111111111100000000000010010001000000000000000000000000000000000000000000000000000000000000000000
00111111111111111111111111111100111111111000000111000000000001110111111111111111111000000000000100000001011111111111001000000001110001000000000000000000000000000000000000000000000000000000000000000000
10001111111111011111111111111100111111111111101111000000010001001101111111111111111111010110000100000000111111111011000000000000110000000000000000000000000000000000000000000000000000000000000000000000
10001011111111111011111110111111111111111100001011100000011111111001110000011111111110100010000000000001111111111110000000000000000000000000000000000000000000000000000000000000000000000000000000000000
11001111101111111111111111111110111111111111110111000000111111111111100000001111111111100010010010000000011111111111010100010010000000000000000000000000000000000000000000000000000000000000000000000000
10110111111111111011111101111111111111111111111111100000000000001111100000001111111110110010000000000000001111111111011000000000000000000000000000000000000000000000000000000000000000000000000000000000
10110111111111111011111101111111111111111111111111100000000000001111100000001111111110110010000000000000001111111111011000000000000000000000000000000000000000000000000000000000000000000000000000000000
11111000001111110001101111111111111111111100001111110010000000000010000000011111111110110000000000000000011111111100111000001000000000000000000000000000000000000000000000000000000000000000000000000000
00111111100111111111111111111111111101001111111011111111111100000010000000001110111111101000000000000000000111111111101010011100000000000000000000000000000000000000000000000000000000000000000000000000
01110000010011111111111111111111111111101111000000100001111111110000000000111111100110000000000000000111011111111110110010011000000000000000000000000000000000000000000000000000000000000000000000000000
10111011100111000100110010110111111111111011000000111101111111000000000001111111000000001000000000110110011011111111000011101000000000000000000000000000000000000000000000000000000000000000000000000000
11110011110111000000000010001111111101001000100000101100111001110000101110001010011000001100001001000000101101111111000010000000000000000000000000000000000000000000000000000000000000000100000000000000
00000110010000000000000000011110000000000000000000000011111100000000010000011111000110000000011000000001000001111111101001110100000000000000000000000000000000000000000000000000000000000000000000000000
00001110111000000000000001111111001101110000000000000001110000000000010001101111111011000000000000001110000111111101110111100000000000000000000000000000000000000000000000000000000000000000000000000000
01111100001000100000010000101111111000100000000000000000010000000000010000011100000000010100000001000001101111111111111110000000000000000000000000000000000000000000000000000000000000000000000000000000
00110001000000000010001101101111110001010000000000000000000000000101001000001000000000111111100000011111111111111111111110000000000000000000000000000000000000000000000000000000000000000000000000000000
00110001000000000010001101101111110001010000000000000000000000000101001000001000000000111111100000011111111111111111111110000000000000000000000000000000000000000000000000000000000000000000000000000000
11111000001111100000000000000111111111100000000000011100100100001111000000100000000000111111110001111111111111111111111110000000000000000000000000000000000000000000000000000000000000000000000000000000
10000000000000100000000000010111111110000000000000000001110011111111110000000000000000111111110001111001111111111111111000001000000000000000000000000000000000000000000000000000000000000000000000000000
00110011000011001001000001100101111111010111111100000001111111000111110001000010000000111111111111111111111111111111111011111000000000000000000000000000000000000000000000000000000000000000000000000000
11001000000000000110111111101111111011111111110000000001111111111111100000000000000100111111111111111111111101111111111000000000000000000000000000000000000000000000000000000000000000000000000000000000
10000001101000011101111110011100001111111100000001000001111111111111101000000000000001111111111111111111111111111111110111110000000000000000000000000000000000000000000000000000000000000000000000000000
11000000001100011001001111011100001001001111001110111111111111111011110110000000011001111111111111110000011111111101101110000000000000000000000000000000000000000000000000000000000000000000000000000000
11000000010100001111111110011111110001000000000001000011111111111010000110000000000100111111111101100000010111111011101110000000000000000000000000000000000000000000000000000000000000000000000000000000
11110011011011001011100010010011000100000100000000110000111110001000010000000010000010111011100001100000001011111111111110000000000000000000000000000000000000000000000000000000000000000000000000000000
01110000111011000111111111011111110000000000000000000000000100000000100000000000000011111001111000000000000111111101101111100000000000000000000000000000000000000000000000000000000000000000000000000000
01110000111011000111111111011111110000000000000000000000000100000000100000000000000011111001111000000000000111111101101111100000000000000000000000000000000000000000000000000000000000000000000000000000
01111011100000101111111111111000111100000000000000000000000000000000000000000001000000000001111000000000110111111111011010000000000000000000000000001000000000000000000000000000000000000000000000000000
01001001110011111111111111111101001000000000110000011110000000111000000000000000000001000011101110000110011111111111111000010000000000000000000000001000000000000000000000000000000000000000000000000000
00001011111000011111011111111110110000000000000100011111101011001100000000000000000000100000000101100001111111111111110010000000000000000000000000001000000000000000000000000000000000000000000000000000
11001111101011111111101111111110000100000000011111101111011110000010010000000000000001000000000111001111111101111111110110000000000000000000000000000000000000000000000000000000000000000000000000000000
11111011111011011101000000000001000000000000010111111111110100000001000000000000000010110000000010011110111111111111111110000000000000000000000000000000000000000000000000000000000000000000000000000000
10110111111111001100000000000000001000001000000001011110001000001100000000000000000000000000000011001111111111111111110101100000000000000000000000000000000000000000000000000000000000000000000000000000
11001101100111111000000000000100000000000000010101100001000000111100000000000100000011111011101000000001111111011111111100000000000000000000000000000000000000000000000000000000000000000000000000000000
11000111000011011011000000000000000000000000000110000000100011111111000000000000011111111011110010000111111111011111111111100000000000000000000000000000000000000000000000000000000000000000000000000000
11110001011100001110000000000100000000000000000000000000000000000100000000000000111001111001110100001111111111111101110111100001000000000000000000000000000000000000000000000000000000000000000000000000
11110001011100001110000000000100000000000000000000000000000000000100000000000000111001111001110100001111111111111101110111100001000000000000000000000000000000000000000000000000000000000000000000000000
11111111110000001111000000000000000000000000000000000010000001111110010000000000000001111010011100011111111111111011111111110000000000000000000000000000000000000000000000000000000000000000000000000000
11110111100011101011000000000000000000000000010000000000101011110000010000000010011000111001111110011111111111111110100011110000000000000000000000000000000000000000000000000000000000000000000000000000
11111011110000000100000000000000000000000000000000000011000011111010110000000000000001110000001010111111111111111110110101110000000000000000000000000000000000000000000000000000000000000000000000000000
11111011101100000000000000000000000000000000000000000000000111111111100000000010000010000111111111111111111111111110000100010000000000000000000000000000000000000000000000000000000000000000000000000000
11110000111111000000000000000000000000000000000000001100001111111111111001000000000101011111111111111111111111111100000010010000000110000000000000000000000000000000000000000000000000000000000000000000
11111001001111001001000000000000000000000000000000101100000011111111111110000001000100011111111111111111001111111101000000010000000000000000000000000000000000000000000000000000000000000000000000000000
11111001010000011001000000000000000000000000000000000000001111111111110000000001000011111011111111111111000011111011010000000000000000000000000000000000000000000000000000000000000000000000000000000000
11111111101100011100000000000000000000000000000000000000011111111110100000000000000011111011111111111111000011111111010010010110000000000000000000011000000000000000000000000000000000000000000000000000
11110011111100100000000000000000000000000000000000000000010111111100100110000000100111111111111111111000000010111111110010000110000000010000000000010000000000000000000000000000000000000000000000000000
11110011111100100000000000000000000000000000000000000000010111111100100110000000100111111111111111111000000010111111110010000110000000010000000000010000000000000000000000000000000000000000000000000000
11110011011000110110000000000000000000000000000000000000000001111000000000000001111111111011111111111110110010100011100010000000100000100000000000010000000000000000000000000000000000000000000000000000
10110010100011001010000010000000000000000000000000000000001000000000000000000001111111111111111111111110111001011111100010000010000000000000000000001000000000000000000000000000000000000000000000000000
00000100011011100110000000000000000000000000000000000000000000000000000000000011111111111111111111111111000000000111110100000000101000000000000000000000000000000000000000000000000000000000000000000000
10110100000000000000000000001000000000000000000000000000100000000000000000000011111111111110010110111110001100011111111110000010101000000000000000000000000000000000000000000000000000000000000000000000
10111100000000100000000000000000000000000000000000000000010000000000000000000111111111100111100111110000000001011111111100000000000000100000000000001000000000000000000000000000000000000000000000000000
10111000000000000000000000000000000000000000000000000000000000000000000000001001111111111111111101010000101000000011111111100000000000000010000000000000000000000000000000000000000000000000000000000000
11000000000000000000000000000000000000000000000000000000000000000000000000010011111100000110011000000000001001100111111101110000000000000000000000000000000000000000000000000000000000000000000000000000
10000000100000000000000000000000000000000000000000000000000000000000000000000110111000111111110000000110000100000000011111100000000110000000000000000000000000000000000000000000000000000000000000000000
00110000000000000000000000000000000000000000000000000000000000000000000000000010111000001100000000000000000000000000010011110010000000010000000000000000000000000000000000000000000000000000000000000000
00110000000000000000000000000000000000000000000000000000000000000000000000000010111000001100000000000000000000000000010011110010000000010000000000000000000000000000000000000000000000000000000000000000
01000001000000000000000000000000000000000000000000000000000000000000000000001100000000000000000000000000000000000000100000010000000110000000000000000000000000000000000000000000000000000000000000000000
11001111100000000000000000000000000000000000000000000000000000000000000000000010000000000000000000000000000000000000000000000000000000000000000000000000000000000000000000000000000000000000000000000000
00001110000000000000000000000000000000000000000000000000000000000000000110100000100000000000000000000000000000000000000100010000000000000000000000000000000000000000000000000000000000000000000000000000
00000111000000000000000000000000000000000000000000000000000000000000000000000000000000000000000000000000000000000000000000010000000000000000000000000000000000000000000000000000000000000000000000000000
00000000010100000000000000000000000000000000000000000000000000000000000000000000000000000000000000000000000000100000000000000000000000000000000000000000000000000000000000000000000000000000000000000000
10001101000000000000000000000000000000000000000000000000000000000000100000000000000000000000000000000000100010000000000000000000000000000000000000000000000000000000000000000000000000000000000000000000