00000000000000000000000001101111101111111111111111111111111111111111111100001111000000000000000000000000000000000000000000000000000000000000000000000000000000000011110111111101000000011111101011110111
00000000000000000000000001111111001011111111111111111111111111111111110110000010000000000000000000000000000000000000000000000000000000000000000000000000000000001001101111011111001111110010110011111011
00000000000000000000000001111111110111111111111111111111111111111111111111110001000000000000000000000000000000000000000000000000000000000000000000000000000000000000010111101111111101100001010011111011
11100000000000000000000000111111111111111111111111111111111111111111111111100000000000000000000000000000000000000000000000000000000000000000000000000000000000110110001111111111111011110011010011111101
11100000000000000000000000111111111111111111111111111111111111111111111111100000000000000000000000000000000000000000000000000000000000000000000000000000000000110110001111111111111011110011010011111101
00000000000000000000000000111111111111111111111111111111111111111111111111110000100000000000000000000000000000000000000000000000000000000000000000000000000000000000111110111111111111111101111010011111
01000000000000000000000000101011111111111111111111111111111111111110111110001000000000000000000000000000000000000000000000000000000000000000000000000000000000000000101111101100111111111101111001111111
00000000000000000000000000111100111111111111111111111111111111111111111111101010000000000000000000000000000000000000000000000000000000000000000000000000000000000000101111011111111111111111111111110111
00000000000000000000000000110111111111111111111111111111111111111110110011111100000010000000000000000000000000000000000000000000000000000000000000000000000000000000000001001111111111111110111111111111
00000000000000000000000000111111111111111111111111111111111111111111110110011000011010000000000000000000000000000000000000000000000000000000000000000000000000000000001001101011111111111111111111111111
00000000000000000000000000011111111111111111111111111111111111111101111100000111000000000000000000000000000000000000000000000000000000000000000000000000000000000000001001011111111111111111111111111111
00000000000000000000000000111111111111111110111111111111111110111111111001100011000000000000000000000000000000000000000000000000000000000000000000000000000000000000000111011101111101111111111111111111
00000000000000000000000000111111111111111110111111111111111110111111111001100011000000000000000000000000000000000000000000000000000000000000000000000000000000000000000111011101111101111111111111111111
00000000000000000000000000011111111111111111111111111111111100001111010100011011000000000000000000000000000000000000000000000000000000000000000000000000000000000000000000111111111111111111111111111111
00000000000000000000000010001111111111111111101111111111111110001100000000010111100000000000000000000000000000000000000000000000000000000000000000000000000000000000000000111111111111111111111111111111
00000000000000000000001100100111111111111111111111111111111111111100000000000101000000000000000000000000000000000000000000000000000000000000000000000000000000000000000000011111111111111111111111111111
00000000000000000000000000000011111111111111111111111111111110111100001000000101100000000000000000000000000000000000000000000000000000000000000000000000000000000000001110001111111111111111111111111111
00000000000000000000000001000000111111111111111111111110000100001110000000010110100000000000000000000000000000000000000000000000000000000000000000000000000000000000011001000111111111111111111111111111
00000000000001110100001101110000001111111111111111111111111000001111000011101110000000000000000000000000000000000000000000000000000000000000000000000000000000000000000000001011001111111111111111111111
00000000000011100000111111111111100011111110001111111111111100000011000001111100100000000000000000000000000000000000000000000000000000000000000000000000000000000000000000001111001111110011111111111111
00000000000000010000011111101111100001111111100001101011111111000000111000011000100000000000000000000000000000000000000000000000000000000000000000000000000000000000000000111111111111111111110111111111
00000000000000010000011111101111100001111111100001101011111111000000111000011000100000000000000000000000000000000000000000000000000000000000000000000000000000000000000000111111111111111111110111111111
00000000000000011111011111111111111100111111001000110101111111100011100011111000100000000000000000000000000000000000000000000000000000000000000000000000000000000000011110111111111111111111111111111111
00000000000011111101111111111111111101011111111000110000111111010010001001110000011000000000000000000000000000000000000000000000000000000000000000000000000000000001000000011111111111111111111101111111
00000001001110011100001111111111111111100110001111111110001111100011100000010000000000000000000000000000000000000000000000000000000000000000000000000000000000000000011000000111111110011111110111111111
01000001110111101010001111111111111111000001111111111011000111000011000000010000000000000000000000000000000000000000000000000000000000000000000000000000000000000000001111111000001111111111111001111001
01001110111110011111010001111111001111100011111000101101000000010011000101110000000000000000000000000000000000000000000000000000000000000000000000000000000000000000001110111111111111111101111101101001
11111000111010001101110011000100011111111111111111111111111100011110010001100000000000000000000000000000000000000000000000000000000000000000000000000000000000000000001110111111110111111101111101101111
11110001111111111111100011000000011101111101111111111111111110010011000111110000000000000000000000000000000000000000000000000000000000000000000000000000000000000000001110111111110011111111111110000011
11110001111111111111100011000000011101111101111111111111111110010011000111110000000000000000000000000000000000000000000000000000000000000000000000000000000000000000001110111111110011111111111110000011
11111001111111111111110011100000001111111110111111101100001111110000001111111000000000000000000000000000000000000000000000000000000000000000000000000000000000000000000000011111111000000001111011111110
11101111111111111111100011111000000000111111111111111111001111111110000010001000000000000000000000000000000000000000000000000000000000000000000000000000000000000000000000011111111011000000011110010011
11111111111111111111111111110000000000000111111111110111110111100011000010000100000000000000000000000000000000000000000000000000000000000000000000000000000000000000000000001111111111111101111111101111
01111111111111111111110011010000100000000111110111111111111011101110011000000000000100000000000000000000000000000000000000000000000000000000000000000000000000000000000000000110111011111111111001101111
11101111111111111111111100101011101111111111111111111110001110110011100001100000000000000000000000000000000000000000000000000000000000000000000000000000000000000000000000000001111111111111110000011111
10111111111111111111110000000000111111111111111111110000111111111111111010000000000000000000000000000000000000000000000000000000000000000000000000000000000000000000000000000000111110100011000000011011
11001111111111111111110000000000111111111000100001110011111111111111010000000000000000000000000000000000000000000000000000000000000000000000000000000000000000000000000000000000110111000000000000001111
11011001111111111111111100000000001111111110000000111111111111111101000000000000100000000000000000000000000000000000000000000000000000000000000000000000000000000000000000000000001111111111100000001111
11011001111111111111111100000000001111111110000000111111111111111101000000000000100000000000000000000000000000000000000000000000000000000000000000000000000000000000000000000000001111111111100000001111
10100111111111111111111100000000000000111111111111100111000110110000000011101001100000000000000000000000000000000000000000000000000000000000000000000000000000000000000000001000000111111110111000000111
11101000111100011111100010000000000000000000011111110000000000110001100011101101100000000000000000000000000000000000000000000000000000000000000000000000000000000000000001000000000011111111001100000111
01110111111111111111000000000000000000000000000000000000000000100000000001111110000001100000000000000000000000000000000000000000000000000000000000000000000000000000000000011100110101111111010110000111
11111111111111110100000000000000000000000000000000000000000001100000111101111111000000000000000000000000000000000000000000000000000000000000000000000000000000000000000000000110111010111111111111101111
11111001111111111100000000000000000000000000000000000000000000000000111111101100000000000000000000000000000000000000000000000000000000000000000000000000000000000000000000000110111111111111111111110111
11001111111101111100000000000000000000000000000000000000000000100000111111110000000100000000000000000000000000000000000000000000000000000000000000000000000000000000000000000000111101110011111111101111
11001111100011110100000000000000000000000000000000000000000000000000001111110000000000000000000000000000000000000000000000000000000000000000000000000000000000000000000000100001111111111111111111111111
11001111100011110100000000000000000000000000000000000000000000000000001111110000000000000000000000000000000000000000000000000000000000000000000000000000000000000000000000100001111111111111111111111111
11011111011111100000100000000000000000011001010000000000000000000000111110000000000111000000000000000000000000000000000000000000000000000000000000000000000000000000000000000000110111111111111111111111
11011111110111111000000000000000000000000000100000000000000000000000110100000000000111000000000000000000000000000000000000000000000000000000000000000000000000000000000000000000001111011111111111111111
01010111101011111010000000000000000001100000000000000000000000001101111100000000000001000000000000000000000000000000000000000000000000000000000000000000000000000000000000000010000011111111111111111111
00101110101111110010100000000000000011000000011111011000000010001111111000000000000011000000000000000000000000000000000000000000000000000000000000000000000000000000000000000000001111111111111111111111
10111001110010011011000011000100000111111000010000110100000111000011111100000010000011000000000000000000000000000000000000000000000000000000000000000000000000000000000000100000000111111111111111111010
10111111110111111000010000000000011110111110011110010111000011101111111111111111000000000000000000000000000000000000000000000000000000000000000000000000000000000000000000000000001101111111111111111001
01111111101111111110110010001111100000111111111111101110111111111111111111111111100000000000000000000000000000000000000000000000000000000000000000000000000000000000000001000001001111111110111001111000
00111111111111111110111111011111011001111111111110111110000111111111111111111111000101000000000000000000000000000000000000000000000000000000000000000000000000000000000000000000001011111101100111100000
00111111111111111110111111011111011001111111111110111110000111111111111111111111000101000000000000000000000000000000000000000000000000000000000000000000000000000000000000000000001011111101100111100000
11111111111101111111111111101111001111111111111111111111001111111111111111111110000110000000000000000000000000000000000000000000000000000000000000000000000000000000000000000000000001111111111100000000
11110111100111111111111111111111100111111111111111111100001111111111111111111110000010000000000000000000000000000000000000000000000000000000000000000000000000000000000000000000001010111110111000000000
11110000001111111111111111110111110111111111111110111000001111111111111111111111100010000000000000000010000000000000000000000000000000000000000000000000000000000000000000000000000010110011111011110000
11111110000011111111111111111111011111111111111111111011001111111111111111111111100011000000000000000010000000000000000000000000000000000000000000000000000000000000000000000101000011101111110011110000
11111111100011101111101111111000101111111111111111111011111111111111111111111111100001000000000001000000000000000000000000000000000000000000000000000000000000000000000000000100000001101110111101111100
11111111100111111111111111111111111111111111111110111111111111111111111111111111100000000000000000111000010000000000000000000000000000000000000000000000000000000000000000000000000001100011111111110100
10111111111011111111111111111111111110111111111111110111111111110011111111111111100000000000000000000001100000000000000000000000000000000000000000000000000000000000000000001000000000001111111111111111
10111111111011111111111111111111111110111111111111110111111111110011111111111111100000000000000000000001100000000000000000000000000000000000000000000000000000000000000000001000000000001111111111111111
11111111111111111111111111111111111101111111111111111111111111101111111111111111100000000000000001011100010000000000000000000000000000000000000000000000000000000000000000000000000000001111111111111111
11111111111111111111111111111111111110011111011111111111111111111111111111101111100100000000000000000100000000000000000000000000000000000000000000000000000000000000000000000000000000111111111111111111
11111111111111111111111111111111110111011111111111111111111111111111111111101111111000000000000011000000000000000000000000000000000100000000000000000000000000000000000000000000000001011111111111111110
11111111111111111111111111111111111111100111111111111111111111111111111101100010000100000000000001100000000000000000000000000000000100000000000000000000000000000000000000000000001000111111111111111111
11111111111111111111111111011111101111100111111111111111111111111111111110000011000000000000000001000000000000000000000000000000000111110000000000000000000000000000000000000000000111011111111111111011
11111111111111111111111111111111010111111011111111111111111111111111101111100001000000000000000000000000000000000000000000000000111111111000000000000000000000000000000000000000000110111111111111111001
11111111111111111010111111111111110111111111111111111111111111111111111110010000000000000000000000000000000000101000000000000001111111111100000000000000000000000000010000000000000011111111111111110000
11111111111110001110011111111111111101111111111111111111111111111111111100000010000000000000000000000000000111000000000000011111010111111111000000000000000000000000000000000000000000111111001111110100
11111111111110001110011111111111111101111111111111111111111111111111111100000010000000000000000000000000000111000000000000011111010111111111000000000000000000000000000000000000000000111111001111110100
11111111111111111000111110111111111111111111111111111111111111111111111110010010000000000000000000000000000001010100000000011110101101111110000000000000000000000000000000000000000001000011110100010000
11111111101000000000011100001111111111111111111111111111111111111111101100000000000000000000000000000000000111111111110000111110111111111110000000000000000000000000000000000000000000000001011011110100
11111111111000000000000011111111100101111111111111111111111111111111101110000011111110000000000000000000000000011111110010001100111111111110000000000000000000000000000000000000000001000000111001110001
11111111011000000000000000111111010001111111111111111111111111111111111110000111100100000000000000000000000001111111000000000000011111111111000000000000000000000000000000000000000001100010000010010000
11111110101000000000001100101100110110011111111111111111111111111111111010011111011100000000011100000000000001111100000000000000011111111111000000000000000000000000000000000000001101110000100100001000
11111111100000000000001100110111011110111111111111111111111111111111111101111100111101110100001110100001011001111100000000001110001111111111111000000000000000000000000000000000000100100011000111100110
11111110100000000000001110011011100111111111111111111111111111111111110001110001111100111111011111011111111111111000000000000010001111111100100000000000000000000000000000000000000000000011110110000000
11111111110000000000000001101100010111111111011111111111111111111111111011111011111111100100001111011111111111111100000000000000100011111110100000000000000000000000000000000000000010100001001100000100
11111111110000000000000001101100010111111111011111111111111111111111111011111011111111100100001111011111111111111100000000000000100011111110100000000000000000000000000000000000000010100001001100000100
10111110000000000000000001110100010111111111111111111111111111111111111111111111111111111111011111111110111111110111000000000010000011111110000000000000000000000000000000000000110000010000000000010111
11111000000000000000000001001011111111111111111111111111111111111111111111111111111111111111000101100101101110001101110000000000000000001000000000000100000000000000000000000000000000000000000000011110
01000000000000000000001101000111111011111111111111111111111111111111111111111111111111100111101111100110101000000111000000000000000000000000000000100000000000000000000000000000001001000000000000011110
11000000000001111001001110001111110011111111111111111111111111111111111111111111111111110111111111100111001110000111000000000000000000000000000000000000000000000000000000000010000001100000001011111111
11100000000001111111011110001111111111111111111111111111111111111110111111111111100111111111111111111111101110000110110000000000000000000000000000000000000000000000000000000010110100100011111111111101
11000111000001111111111100001111110011111111111111111111111111110001011111111101111101110011111111111111010001001100000000000000000000000000000000000000000000000000000110000111000000000001111010011111
10000110100011111111110000001011011111111111111111111111001111000000111111111111011011110011101111111110011111000010000000000000000000000000000000000000000000000000000000000000000000000000011101111111
10000110100011111111110000001011011111111111111111111111001111000000111111111111011011110011101111111110011111000010000000000000000000000000000000000000000000000000000000000000000000000000011101111111
01000000100000011111001110001111111111111111111111111111111111100000001111111111111110000011111111111100111110011111110000000000000000000000000000000000000000000000000110000000001100100011101111111011
00000000000001111111011110000011010111111111111111111111111111111100001111111111111110011111111111100111110001100000000000000000000000000000000000000000000000000000000000000000001000000001110101101111
00000111110001111011110011001111011111111111111111101111111111010010001110011111111111111111111101111111111111000000000000000000000000000000000000000000000000000000000000000010000110000000111111111111
00001111110110011111100011111111101111111111101000001011111111001110000001111111111111111111111110111001110110100000000000000000000000000000000000000000000000000000000000000001001110000010111111111111
00111001111111111111111101111111111011111111110000000001111111110010010001111111111111111111111000100111111000010000000000000000000000000000000000000000000000000000000000000100000010000001111111111111
01111111111111111111111111111111111111111110111000000000000111011111110111111111111111111100110110100111110000100000000000000000000000000000000000000000000000000000000000000000000100001110111111111111
10010111111111111111111111101111111111111101010000000000001111000001111111111111111111111100101101111111110111100000000000000000000000000000000000000000000000000000000000000100110110001111011111111111
11111111111111111111111111110111001111100010000000000000110101000000111111111111111111111111001011011000101111100000000000000000000000000000000000000000000000000000000001001001000000001100000111111111
11111111111111111111111111110111001111100010000000000000110101000000111111111111111111111111001011011000101111100000000000000000000000000000000000000000000000000000000001001001000000001100000111111111
11111111111111111111111111100000101111100000000000000000001111000000111111111110111111111000000011111000000110100000000000000000000000000000000000000000000000000000000001100000111000010010001001111100
11111001011111111111111111110100001010000000000000000011111110000000111000000111111111111000000111111101001001100000000000000000000000000000000000000000000000000000000000100000000010010000000001111111
11111111110111110111111111101000001000000000000000000101000000010000011010011111111111111100000111111111000000000000000000000000000000010000000000000000000000000000000000010000000000100000000011111100
11111001111111111111111111000011100000000000000000000111000000010000000100010111111111100000111011111110111111000000000010000000000000000001000000000000000000000000010000111111000000000000000110010000
11111111111111111111111110110000100000000000000000000111000000000000000000000011111111000000111111100111111111000000000000000000000100000000000010000000000000000000001110011111000010000000001111110000
11111111110011111111111111101100000000000000000000000111000100011100000000000111111100001100111111111111111111100000000110000000001100000000000001000000000000000000000110011001111010010000000001110000
11111110100111111111111111111111100000000000000000011111110110000000000000001110111000000000011111111111111111100000000110000000000110001000000000000000000000000000000111111100111000001100000111110000
11111110100111111111111111111111100000000000000000011111110110000000000000001110111000000000011111111111111111100000000110000000000110001000000000000000000000000000000111111100111000001100000111110000
11111111111111111111111111111111001000000000000000001111111101000000000000010111111110011011111111111111111111111000000111000000001001111000000000000000000000000000011001111111111100001100001101110000
11111111110111111111111111011111010000000000000000001111111101000001100000000000011111011111111001111111111111100000000111000000111010001000000000000000000000000000001111111111111101000000000111110000
00111111111111101111111111111000101000000000000000011111111101000001010001100011111111111111110111111111111111111000000111011111111111110000000000000000000000000000010110111111111100100000110011100000
11111110001111111111111111110100110000000000000000011111111111010000001111101110011111111111111011111111111111111100001111111111111100000000000000000000000000000000010110111111111100000000000000010000
11011110011111111111111111101000011010011100000001110111111100000000001111111110111111111111110001111111111111111100001111111111111000000000000000000000000000000000001111111111000110000010000010000001
11111111111011111111111111100111111001111100110001111111111111000000000011111101111111111111110001011011111111001100111111111111111000000000000000000000000000000001111111111111111001100011100011110000
11110111010001111111111111111100100111111101111111111111111111110000000000011111111111111111110000100010111111111110111111111111111100000000000000000000000001111111111110111111111111001101100011100000
11111111101101110111111100111111011111111111011111111111111111000000001000011111111111111111000011100111111111111111111111111111111110000001000000000000000000000100101111111111111011100011100111110001
11111111101101110111111100111111011111111111011111111111111111000000001000011111111111111111000011100111111111111111111111111111111110000001000000000000000000000100101111111111111011100011100111110001
11111000110100000011111110110111111111111111111111111111111110000001110000011111111111111100000011000111111001111111111111111111111100000011100000000000000001111010111111111111111111111111110100011011
11111111111100000000111110111111111111111111111111111111111111001101111001111111111111101000000001111111111111111111111111111111111100010001100000000000000000000011111111111111111111111111110110001001
11111111111110010110110011111111111111111111111111111111111110000000011000001011100111111000000000000011111111111111111111111111111111111001011000000000000000000111111111111111111111111111110111101101
11111111111111110110001111111111111111111110111111111111111110000011110000001111111111110000000000011011111111111111111111111111111011111001000100000000000000111100111111111111111111111110001011110110
11111111111111111111110011111111111111111111111111111111111000111111010001111111111111110000001000000111111111111111111111110001011101110001000100000000000000110101111111111111111111111111000011110110
11111111111111111111111111111111111111111111111111111011111011011111100000011110111110100000000000011111111111111111111111110000000000000001011110000000000010001011111111111111111111111111101111111111
11111111011111111111111111111111111111111111111110111011111110011111100110011111011111110000000100111111111111111111111111100000000000000000011000000000000111110001111111111111111111110011010101111111
11111111011111111111111111111111111111111111111110111011111110011111100110011111011111110000000100111111111111111111111111100000000000000000011000000000000111110001111111111111111111110011010101111111
11111111001111111111111111111111111111111111111111111111111011111111110100010111000111100000000001111111111111011111111110000000000000000000000001000000000110110111011111111111111111111111111001111111
11111111101110011110111111111111111111111111111111111111111000111111110010000101111010100000000000111111111000001111110110000000000000000000000000100000000011111101111111111111111011111111111111111111
11101111111011111011000011111111111111111011111111111111111111111111110000000011011011000000010100111111101001000010000000000000000000000000000010110000000000111111111111110111111111111111101111111111
11101111111000011111101111111111111111111111111111111111111111111111111000000011000100000000000000100111010000000000000000000000000010000000000001011000010000001111111111111111111011011111111111111111
11111001111000000000111111111111111111111111111111111111111111111111110110000010000100000000000001100000010000000100000110000000000010001111111000011111001111111111111111111111111111111111111111111111
11111111110000000001011111111111111111111111111111111111111111111101111110000000000001000000000010000100000000000000000000000000000000000001111111011111101111111111111111111110111111101110111111111111
11111111111000000000111111111111111111111111111111111111111111111111111110000000011000000000000000011001100000000000000000000000000000000011111111111111100101111111111111101010111111010011011111111111
11111111011100010101111111111111111111111111111111111111111111111110110010010001000000000000000000000000000000000000000000000000000000000000111111111111111111111111111111111000001111111111011111111111
11111111011100010101111111111111111111111111111111111111111111111110110010010001000000000000000000000000000000000000000000000000000000000000111111111111111111111111111111111000001111111111011111111111
11111111111001101111111111111111111111111111111111111111110111111111110001100001011000000000000000000000000000000000000000000000000000000111011111111111111111111111111111011000001111110000110111111111
11011111111110000011111111111111111111111111111111111111110011111111111111100000000100000000000000000000000000000000000000000000000000011000111111111111111110111111111111101100001111100001011111111111
11111111111111110111111111111111111111111111111111111111111111111111111111111000100010000000000000000000000000000000110100000000000110000100111111111111111111111111111111110000000111111110010111111111
11111111111011110011111111111111111111111111111111111111111111111111000100001110100110000000000000000000000000000000001100110000001100001100111111111111111111111111111001110001000010011111011111111111
11111111111111111111001111110111111111111111111111111111111111111111110001100110000011001000000000000000000000000000000100000011100100011001111111111111111111111111111111111001110000001110111111111111
11111111111111111010001111111111111111111111111111111111111111111111111111100111111101101000100000000000000000000000000111000010101100001111111111111111111111001111111001011011001000111101111111111111
11111111111111111010001111011111111111111111111111111111111111111111111111100111011111110100100000000000000000000000001010000000000000000011111111111111000111111111111111111110111100001111101111111111
11111111111111111010001111011111111111111111111111111111111111111111111111100111011111110100100000000000000000000000001010000000000000000011111111111111000111111111111111111110111100001111101111111111
11111111111111101110001111111111111111111111111111111111111111111111111111100111111111110100100100000000000000000000111000000000000000000101111110101111100000110010111111011101111001111111111111111111
11111111111111110010011111111111111111111111111111111111111111111111111101110111111111111100000001000000000000001001111000000001101101110111111111111111100000000001111111111111001101011111111111111111
11111111111111100000001111111111111111111111111111111111111111111111111111111111111111111100011000000000000110100010001100010011111101111111100011111000110000000101011111111011111111011111111111111111
11111111111100010100111111111111111111111111111111111111111111111111111111111111111111111100000000000000000001101111001111000011111011110101100111111100110000001000111111111111111110011111111111111111
10111111111110011100111111111111111011111111111111111111111111111111111111111111111111111000100110000000000000011000000111100011001101110000011111111111110000000101111111111111111100011111111111111111
01111111111000011100101111111111111111111111111111111111111111111111111111111111111111111000110110000000000001000100000101011101111110011110111111111111110100001000111000111111111110001111111111111111
11110111111011111110111111111111111111111111111111111111111111111111111111111111111111111100100001000000000000000000000001100011110011111110111111111111111100001100010110110101111111110011111111111111
11111111111011101111111111111111111111111111111111111111111111111111111111111111111111110000000010100000000000000000000001010011000111111101111111111111111111001110111111011111111101011111111111111111
11111111111011101111111111111111111111111111111111111111111111111111111111111111111111110000000010100000000000000000000001010011000111111101111111111111111111001110111111011111111101011111111111111111
11111111111101101111111101111111111111111111111111111111111111111111111111111101111111111100000000100000000000011000000000000000111111101111111111111111111111110011100111111001111111110011111111111111
11111111010101100111111111111111111111111111111111111111111111111111111111111111111111110100101100011000000000000000000000011100111110011111111111111111111111111011101000100111111111111111111111111111
11111111100100011111111111101111111101111111111111111111111111111111111111111111111111001100000100011000000000000000000000001111111111101110111111111111111111111111011001000111000111111111221111111111
11111111100110011111111111111111111101111111111111111111111111111111111111111111111111101111010001100000000000001000001001000011101111110111111111111111111111111111110001000011000111111122222222111111
11111001101100001111111111111111111101111101111111111111111111111111111111111111111111110011000111100100000000000000000010000000110011111111111111111111111111111111100000000011001111112222222222221111
11110001100100011100100011111111100011100101111111111111111111111111111111111111111111101111100111111101110000000010000000010011111111101111111111111111111111111111101111000111001111110222222222221111
11110000011000000010101101111111000010111011111111111111111111111111111111111111111111101111111110000110000000001101000001110011111111111111111111111111111111111111000110000011110111111122222222221222
11110000011000000010101101111111000010111011111111111111111111111111111111111111111111101111111110000110000000001101000001110011111111111111111111111111111111111111000110000011110111111122222222222222
11010111110000000010101111111111101001100001111111111111111111111111111111111111111111111111111100011000000000000000000101111101110111111111111101111111111111111110000111000010110111111102222222222222
11110111100000001000001110111000011111000011111111111111111111111111111111111111111111111111101100000000000000000000000001111101111111111111111111111111111111111110100001100001111111111112202222222222
11111111100001111100000010011100000111000010011111111111111111111111111111111111111111111111011101000100001000000101000001010011111111111111111111101111111111111111000000100001111101111111112222222222
10100001100000010000000000001000000110011001111111111111111111111111111111111111111111111111111111000010000000000100001110011111111111111111000101100011111111001110110000010011111111111111110222212222
11000111110000010000000000000000000000011001101111111110111111111111111111111111111111101111111101111111000000000011001100111101111111111111000001111011111111001001011000000111000111111111110222222222
01011111110101100000000000000000000000000111001111111111111111111111111111111111111111111111111110011000000000000111111111111111110111111110100011111011111111000000111000001111110101111111111022222222
00101111111111110000000000000000000000000110100111111111111111111111111111111111111111110111111100000000000001000111111111111111111111111111111011111100100111110000110111001101001011111111122222222222
01111111111111111000000000000000000000000110010111111011111111111111111111111111111111111000111000000000010000001111111111111111111111111111111110111111110001000000000001101100111111111111122212222222
01111111111111111000000000000000000000000110010111111011111111111111111111111111111111111000111000000000010000001111111111111111111111111111111110111111110001000000000001101100111111111111122210222222
10101111111111111001000000000000000000100010010001111111111111111111111111111111111111111111111110100000000000000111111111111111111111111111111111111111000000000000001000100111111111111111222222122222
11101111111110011110000000000000000000100100001000111001111111111111111110011111111111111111111111100000000000000011111111111111111111111111111111111111111001000000011111011110001111111111022222222222
11101111111111111111000000000000000000011000001111110111111111111111111101111111111111111111111101100000000000000011111111111111111111111111111111111111101000110000001111111110111211111111122222222222
01111111111111111111101100000000000000100000000000011111111111111111111111111111111111111111111100000000000000000011111111111111111111111111111111111111000010001111111001111111111111111111122022222222
11111111111101111111111100000000000001000000001001100011111111111111111111111111111111111111111100000110000000000111111111111111111111111111111111111011100000001111111001111111111121121111122222222222
11111001111111111111110000000000000011000000000111001111111111111111111111111111111111111111110000011101100000000011111111111111111111111111111111111111100000001111011110211201111122111110112222222222
11111001110111111111111100000000000011000000000001000011111111110011001111111111111111111111111010000000100000000011111111111111111111111111111111111100110000000121110110100221111111011202110222222222
11111001110111111111111100000000000011000000000001000011111111110011001111111111111111111111111010000000100000000011111111111111111111111111111111111100110000000112110110122011111111211222222222222222
11111001101011111111111110110000000011000000000001110001111111111111111111111111111111111111111100111110000000000000111111111111111111111111111111111111110001110111121111112112120112122222222222222222
11111001111110011111111111110000000001000000000000111111111111111111111111111111111111111111110000100111100000101000111111111111111111111111111111111111110000110100122211111222112111122222222222222222
11111111111111111111111111111111000000000000000000011111111111111111111111111111111111111111110100000100000110001001111111111111111111111111111111111111110100111111110210011122122212102222222222111122
11111111111111111111111111111111100000000000000000011111111111111111111110011111111111111111110100111110000000001111111111111111111111111111111111011111101111111011110202201122111111221222222211111111
11111111111110011111111111111111110000000001000000111111111111111111111111111111111111111111110011011000010111111111111111111111111111111111111111101111111111111111211222222222200002211221222111111111
11111111111111111111111111110111000000000000000110111111111111111111111111111111111111111111110110111100110001111111111111111111111111111111111111001111111111112210222222222222222222211111201111111111
11111111111111111111111111100100000000000000100110110101111111111111111111111111111111111111110010111101111111111111111111111111111111111111111111111111111111002220222222222222222222111111111111111111
11111111111111111111111111100000000000000000100110111111111111111111111111111111111111111111111101111000011111111111111111111111111111111111111111111111111111211212222222122222222222111111111111110111
11111111111111111111111111100000000000000000100110111111111111111111111111111111111111111111111101111000011111111111111111111111111111111111111111111111111111111212222222202222222222111111111111110111
11111001111111111001111111100000000001000100000001110111111111111111111111111111111111111111111111100010001111111111111111111111111111111111111111011111111111110222222222222222220112011111011111101100
11111111111111111111111100000011000000100110101001111111111111111111111111111111111111111111111110100000010111111111111111111111111111111111111111111111111111110222222222222202222111111111101111111101
11111111111111111111111100100011000000000001100111111111111111111111110111111111111111111111111111000001011111111111111111111111111111111111111111111111111111111122222222220010001111222111100011110001
11111111111111111100000010000011001000000001101111111111111111111111111111111111111111111111110000000000111001111111111111111111111111111111111111111111111111112202222222221101111111111111110001110010
11111111111110001111111110001111001110000101001110111111111111111111111111111111111111111111100000000000010000111111111111111111111111111111111111111111111111112202222222222111111111101111110000001010
11110111111111111111111101111100000100011110001110111111111111111111111111111111111111111111100000000000000000111111111111111111111111111111111111101111111111111222222222222110001011011111111000001110
11110111111111111111111111111111001100000011001111111111111111111111111111111111111111111111100110000000000001001111001111111111111111111111111111101111111111111222222220122111111110111111101010000011
11110111111111111111111111111111001100000011001111111111111111111111111111111111111111111111100110000000000001001111001111111111111111111111111111101111111111111222222222100111111110111111101010000011
11111111111111111101101111111111101001011101001111111111111111111111111111111111111111111111011100011000000000001111111111111111111111111111111111111111111111111022222220011111111101110010111111100000
11110111111111111011111111111111111011100000001111111111111111111111111111111111111111111111111000000000000000000111111111111111111111111111111111110111111111111102221021211111111000100001010000000000
11111111110111111111111111111111111100000010111111111111111111111111111111111111111111111111111000000000000110000111111111111111111111111111111111111111111111111111211111111111000010010001001000000000
11111111111111111111101101111111110100000011111111111111111111111111111111111111111111111111111110000010000000000011001111111111111111111111111111111111111111111111111111111111110000000000000011100000
10011111111111111111111111111111111100111111111111111111111111111111111111111111111111111111111000000010001000110111111111111111011111111111111111111111111111111111111111111111110000001101100100000000
00111111111100011111111111111111011110111111111111111111111111111111111111111111111111111111111101011111000110000111111111111111101111111111111111111111111111111110211111111011111000000000000001100000
01110111111111101111111111111111011100000111111111111111111111111111111111111111111111111111111101011111111001010111001111111111111111111111111111111111111111111110111111111011110000000000000000000000
00100001111111110011101111111011110101000111111111111111111111111111111111111111111111111111111101011111010000001111111111111111111111111111111111111111111111111111211111111100000000000000000000000000