11111111100111111111111111111002011111111111111111111111112222221111111111111111111111111111102222222222222222222222222222021112220222011102222222011222221121001110001000110000000000000010110110001111
11111100010111111111111111111102221111111111111111111111022222222111111111111111111111111111111022222222222002222222222222221212220222121222222201111122221221111110000000010000000000000011110000001000
11111111100011111111111111110222221111111111111111111111022222222111111111111111111111111111111102222222222111222222222222222211121222112222222201111111111011111111000110000000000000000000111001100000
11110111101100100111111111102222221111111111111111111111112222222211111111111111111111111111111111202222222111122222222222222221112222222122122221111111111221111121001111000000000000000000001111101001
11111111101111101111111111122222220111111111111111111111112222222211111111111111111111111111111111111222222111222222222222222221022222222222222220111111111111111112100001000000000000000010010000011111
11111111111111101111111111102222200111111111111111111111122222222111111111111111111111111111111111111222222112222222222222222222222222222222222222111111111111111111100001000000000000000010010000011111
11111011111111011111111111112222201111111111111111111122212222222111111111111111111111111111111111111122222122222222222222222222112222222222222222111111111111111111111000000000000000000010011111100011
01110011111101111111111111111111111111111111111111111222222222211111111111111111111111111111111111111121122122222222222222222222222222222222222222211111111111111111110000000000000000000011111111111111
01110011111100011111111111111111111111111111111111112222220222111111111111111111111111111111111111111111111122222222222222222222222222222222222222211111111111111111111001001000000000000010011101110111
10000011110001111111111111111111111111111111111111112222221111111111111111111111111111111111111111111111111122222222222222222222222220222222222222211111111111111111111111000000000000000001011101111111
00000011111000011111111111111111111111111111111111111122211111111111111111111111111111111111111111111111111122222222222222222222220222122022222222211111111111111111110111000000000000000010111111111111
10000110110001111111111111111111111111111111111111111111111111111111111111111111111111110111111111111111111122222222222222222222222222222122222222111111111111112111110000000000000000000011101001111111
00000001111011111111111111111111111111111111111111111111111111111111111111111111111111110000011111111111111022222222222222222222021122222222222220111111111111111111111110000000000000000000110100010111
00000001001111111111111111111111111111111111111111111111111111111111111111111111111111110000011111111111112222222222222222222222001100221000222222111111111111111111111110000000000000000000110100010111
00000000110000011111111111111111111111111111011111111111111111111111111111111111111111111011111111111111122222222222222222222222011111111120022222011111111111111111111110000000000000000000000000011100
11000000100001111111111111111111111111111111111111111111111111111111111111111111111111111111111111111111122222222222221222222222111111111111111222111111111111111111111000000000000000000000000011101101
11000110110111111111111111111111111111111111111111111111111111111111111111111111111111111111111111111111122222222222201222222221011111111111111111111111111111111111100000000000001000000000000111111111
11000111101001111111111111111111111111111111111111111111111111111111111111111110011111111111111111111111122222222221111222222222111111111011111111111111111111111111011000000000001000000000011111110100
11111111010010011111111111111111111110111111111111111111111111111111111111111111100011111111111111111111112222222211111222222222111111112111111111111111111111111111111001010110110100000000011010000001
01111111011111110111111111111111111111111110111111111111111111111111111111111111000111111111111111111111111111111111111122222222211111111111111111111111111111111111100110001001110010000010100000001110
11111111111111111111111111111111111111111110011111111111111111111111111111111110011111111111111111111111111111111111110222222222211021110111111111111111111111111111111110000110000000100000110001111100
00111111111111111111111111111111111111111101111111111111111111111111111111111100011111111111111100111111111111111111112222222220211021121111111111111111111111111111111110000000000011100000010001110000
00111111111111111111111111111111111111111101111111111111111111111111111111111100011111111111111122211111111111111111122222222222111211111111111111111111111111111111111110000000000011100000010001110000
11111111111111111111111111111111101111111100110111011111111111111111111111111100011111111111111222221111111111111111022222222221112221111111111111111111111111111110111110000100111111100000000101100000
01111111111111111111111111111111100011011110110111111111111111111111111111111100000111111111122222221111111111111111122222211222110222211111111111111111111101111101110110111111110110101100000000000110
11111111111101111111111111111111100111111110110111111111111111111111111111111111100111111111222222221111111111111111112222111111112222211011100111111111111111111111111111111111111110000000000000000111
11100111111101111111111111111111101111111101111001111111111101111111111111111111111111111111222222221111111111111111111111111111111022211011221111111111111111121111011111011111001000000000000000000000
00110111111011111111111111111111101111111111011111111111111111111111111111111111100111111111122222222111111111111111111111111111111122111112111111111111111111111111101001111110001000000000000000000000
00010001100010011111111111111111110111111111010111111111110000111111111111111111111111111111111102211111111111111111111111111111122111111111111111111111111111000111111111110110000000000000000000000000
00110001110111111111111111111111110111111110111111111111111101110011111111111111111111111111111111111111111111111111111111111111122111121111111111111111100011111111111001100000000000000000000000000001
00110001110111111111111111111111110111111110111111111111111101110011111111111111111111111111111111111111111111111111111111111111101111111111111111111111100011111111111001100000000000000000000000000001
00011001100010011111111111111100110001111010111111111111111111110011111111111111111111111111111111111111111111111111111111111111111111110111111111111000111111111111110001000000000000000000000000000001
00011000101001111111111111111100111110111011011111111111111111011111111111111111111111111111111111111111111111111111111111111111111111111111111111111111111110110011110110100000000000000000000000000001
11100110000000001111111111111000111110111111101001111111111110111111111111111111111111111111111111111111111111111111111111111111111111111111111111111111110111000001000000100000000000000010110000000101
11110001000001111111111111111000111011111110101111110111001110110011111111111111111111111111111111111111111111111111111111111111111111111111111111111111111111111001001001000000000000000000000001110111
11110111000001111111111111111100111111111100111001001111000111110011111111111111111111111111111111111111111111111111111111111111111111111111111111111111111111110110110111000000000000000000000001101111
11110000000000011111111111111011111111100110111111101001000011111111111111111111111111111111111111111111111111111111111111111111111111111111111111111111111110111111100000100000000000000000000100011100
11111110001111111111111111101111111111011110001001100110001111111111111111111111111111111111111111111111111111111111111111111111111111111111111111111111111101001111101111100000000000000000000000000010
11111111110111111111111111111100111011111011010111101101111111111111111111111111111111111111111111111111111111111111111111111100222022111111111111111111110000000100011111000000000000000000000000000000
11111111110111111111111111111100111011111011010111101101111111111111111111111111111111111111111111111111111111111111111111111122222222221111111111111111110000000100011111000000000000000000000000000000
11111111101011111111111111111111110111111001011111001111111111111111111111111111111111111111111111111111111111111111111111111122222222201111111111111111100111110000000000000000000000000000000000000000
11111111111111101110111111111111110011111111000001111011111111111111111111111111100111111111111111111111111111111111111111111222222222220111111111111111101000000000000110000000000000000000000000000000
11111111001111111111111111111111111111111100011110011111111111111111111111111111111111111111111111111111111111111111111111111222222222220111111111111111111101111001010001000000000000000000000000000000
11101001011111111101111111111111110111111100000000011111111111111111111110011111111101111111111111111111111111111111111111111102222222220111111111111111111110001011000111101000000000000000000000000001
10011111111111111011111111111111110111111101100000010011111101111111011100001111111111111111111111111111111111111111111111111122222222221111111111111111111010001100111000000000000000000000000000000000
11000111111111111111111111111111111111111101000001001111111101111110001100001111100010111111011111111111111111111111111111110222222222211111111111111111111001111000000000000000000000000000000000000000
01001111111111110111111111111111111111111000011000101111111000111110011111111011111111111111111111111111111110111111111111111222222222211110022011111111111000000000000110000000000000000000000000000010
01001111111111110111111111111111111111111000011000101111111000111110011111111011111111111111111111111111111110111111111111111222222222211122222011111111111000000000000110000000000000000000000000000010
10111111111111111111111111111111111111111000011000010111001000011100000100011111111110111111111111111111111111111111111111111102222222021122222111111111101001000000000000000000000000000000000000000011
11101111111111111111111111111111111111100010000000111111001111110010101000011111111100011111111111111111111111111111111111111102221220022222222211111111111000001000000000000000000000000000000000001011
00101111111111110111111111111111111111100010000000001111111111101110100000011111100000010111111111111111111111111111111111111111111102222222222011111111110001110000000000000000000000000000000000001011
10011111111111111111111111111111111111011000000000101111111011011110100000011011100000011111101111111111111111111111111111111111111102222222222011111111111010000000001000000000000000000000000010001111
00101111111111111111111111011111111111111000000000011011111111111101100000001111100011111111110111111111111111111111111111111111111112222022222211111111111101110011000000000000000000000000000011110010
00011111111111111111111111111111111110100000000000011111111111110001000000000000000011111111111110111111111111111111111111102201111021221222222211111111111110110000010000000000000000000000000010000010
00010111111111111111111111111111111100000000100000011111111111110001110000000000000110111111111111111111111111111111111111102222002221111122222111111111111111110000000000000000000010000000000000000001
00110111111111111111111111111111011110000000000000011111111111111101000000010100000111110111111111111111111111111111111111112222222222011111211111111111111110001000000000000000110000000000000001100000
00110111111111111111111111111111011110000000000000011111111111111101000000010100000111110111111111111111111111111111111111110222222222211111111111111111111110001000000000000000110000000000000001100000
00101111111111111111111111111100111000000000100000001111111111011101011000011111000011011111111111111111111111111111111111111222222222221111111111111111111111110000000000010000000010000000000101101110
01011111111111111111110001110100111000000000000000000111111111111110111111111111100010000011011111111111111111111111111111110222222222200111111111111111111111110000001110000101110010000000000100001111
11111111111011111111111111011111010000000000000000000010001010111111111111111111111000000111111111111111111111111111110111102222222222222012211111111111111111110101001001111110111100110000000000000111
11110001111111111111111111101111110100000001000000000000110000111111111111111111111101001100111111111111111111111111112200122222222222222222222011111111111111111001001111110111111110101100001111111001
10001000010101101111111111111100110110000010000000000000000001111111111111111111111111010011111111111111111111111100222222202222222222222222222011111111111111111011011000111111111111110000001111111110
10010001011011111111111111111011111000000010000000000000000000111111111111111111111110011100111111111111111111111022222222202222222222222222222111111111111111111111111111111111111111011100000111111111
00000000001101111111111111111111000000000110000110000000000001111111111111111111111111001000110111111111111111111122222222222222222222222222220111111111111111111111011111111111111111111100000111111111
00000000001101111111111111111111000000000110000110000000000001111111111111111111111111001000110111111111111111111122222222222222222222222222220111111111111111111111011111111111111111111100000111111111
00010000101111111111111111111100000100000000000000000000110011111111111111111111111111111111111101111111111111111022220002222222222222222222220111111111111111111111111111111111111111111111111110011111
11100000001011111001111111111111001100000100010111000010000000111111111111111111111111111111110111111111111111111022201112222222222222222222211111111111111111111111111111111111111111110001111111111122
11110000000000000000111111111111100000100100010000000010110001111111111111111111111111111111111111111111111111111100111122222222222222222222211111111111111111111111111111111111111111110011111111111122
11110000001100000000111111111111100001000010001000101101111111111111111111111111111111111111111111111111111111111111111122222222222222222222220111111111111111111111111111111111111111111111111111111122
11001000000000000000111111110100101111000000010000000010001111111122011111111111111111111111111111111111111111111111111122222222222222222222222111111111111111111111111111111111111111101111111111111122
10111000000000000011111111010000110010000000010000000111111111110222211111111111111111111111111111111111111111111111111222222222222222222222222011111111111111111111111111111111111111111111111111112222
11110000000000000111111110000000100100000000000000010111111111102222221111111111111111111111111111111111111111111111111222222221222222201122222220110012011111111111111111111111111111111111111111110222
11110000011001101111001110000000000101000011000001011011111110002222221111111111111111111111111111111111111111111111111222222221122222201112222222102222221111111111111111111111111111111111111111110222
11000001111001101111001110000000000101000011000001011011111110222222221111111111111111111111111111111111111111111111111222222221122222201112222222122222222111111111112111111111111111111111111111112222
11110101011110011111011111000011000000000000110000011001111112222222201111111111111111111111111111111111111111111111111111000011100222201112222222122222222212111111222221111111111111111111111111112222
11111111011011111100100000000011010000000000010000111111111112222222222111111111111111111111111111111111111111111111111111111111111100011112222222122222222222211110222221111111111111111111111111110002
11111111011111100000000000000111000000000000001111100011111112222222222111111111111111111111111111111111111111111111111111111111111111111112222221112222222222221112222221111111111111111111111111111111
11111111011011111110000000011100000000000000000111011110111112222222222211111111111111111111111111111111111111111111111111111111111111111112222201122222222222221222222221111111111111111111111111111110
11111001001111110110100000010000000000000000000111111001111111221222222001111111111111111111111111111111111111111111111111111111111111111111221111122222222222222222222221111111111111111111111111111122
11111111111111111101010000000100100000000000000111011111000111111122112121111111111111111111111111111111111111111111111111111111111111111111111111202222222222222222222221111111111111111111111111111022
10111111011111111100000000100000000000000000000000000000000111111120211111111111111111111111111111111111111111111111111111111111111111111111111111022222222222222222222220111111111111111110022111111222
11111111011111111100000000100000000000000000000000000000000111111110011111111111111111111111111111111111111111111111111111111111111111111111111111012222222222222222222222111111111111111112222211111022
10111111011101101100000010001111000001000110000000000000000111111111111111111111111111111111111111111111111111111111111111111111111111111111111111102222222222222222222222221111111111111112222211111102
01111110111011100000100010000011011111111110000000000000000010111111111111111111111111111111111111111111111111222111111111111111111111111111111111110222222222222222222222221111111111111112210111111110
11111111111001100101101111111111111111111110000000000000110001111111111111111111111111111111111111111111111112222111111111111111111111111111111111111022222222222222222222221111111111111111111111111111
00111110110010001101001101111111111111000100000000000000001100111111111111111111111111111111111111111111222112222111111111111111111111111111111111111102222222222222222222201111111111111111111111111111
01111101101110001111011111111111110111011000000000000000000000011101011111111111111111111111111111111111122222221111111111111111111111111111111111111111122222222222222222222111111111111111111111111111
01111101111111111111011111111000111111100000000000000000000000001111111111111111111111111111111111111111112222201111111111111111111111111111111111111111222222222222222222222111111111111111111111111111
10111111111111101111000001110011111111000000000000000000000000011110111111111111111111111111111111111111002222201011000111111111111111111111111111111111222222222222222222222111111111111111111111111111
11001111111111111111111111110111111110000000000000000000000000011111011101111111111111111111111111111111222222200101001111111111111111111111111111111111222222222222222222222000111111111111111111111111
11001111111111111111111111110111111110000000000000000000000000011111011101111111111111111111111111111111222222200101001111111111111111111111111111111111122222222222222222222222111111111111111111111111
10111111111111111011111111110011111100000000000000000000000000000010010111111111111111111111111111111111111122221111111111111111111111111111111111111111112222222222220222222222211111111111111111111111
11111111111111111111111111100111111010000000000000000000000000001101101111111111111111111111111111111111111111111111111111110222111111111111111111111111112222222122210222222222201111110222111111111111
11101111111110011111111111101100111111000000000000000000000000010010111111111111111111111111111111111111111111111111111111110222211111111111111111111111112222222111111222122222221111102222211111111111
11111111111111111111000011100000000111111000000000000000000000000000101111111111111111111111111111111111111111111111111111022222211111111111111111111111122222222111111111122222221111022222211111111110
11111111111110011110110000000000100000000000000000000000000000011101111111111111111111111111111111111111111111111111111111222222211111111111111111111111222222220111111111122222211111222222211111111102
11111111111111111111111101100111110000000000000000000000000000011111111111111111111111111111111111111111111111111111111111222222211111111011111110111111122222222111111111112111111111222222111111111022
11100111111111111111111110000011110111000000000000000000000000001101111111111111111111111111111111111110011111111111111111112222111111111111111011111111122222221111111111111111111111122222111111111222
11100111111111111111111110000011110111000000000000000000000000001101111111111111111111111111111111111222221111111111111111111111111111111111111011111111122222201111111111111111111111100001111111111222
10001111111111111111111111101111110000000001001000000000000000011111111111111111111111111111111111111222221111111111111111111111111111111011111111111111100022221111111111111111111111111111111111111000
11011111111111111111111111011111010000100011100000000000000011101111111111111111111111111111111111111222221111111111111111111111111111101111111111111111111100001111111111111111111111111111111111111111
11111111111110011111111111011111101110000000000000000000000111111111111111122111111111111111111111111222201111111111111111111111111111111111111111111111111111111111111111111111111111111111111111111111
11111111111111111111001111011011111110000000110000000000110110111111111112222211111111111111111111111222211111111111111111111111111111111111011111111111111221221111111111111111111111111111111111111111
11111111111111111111111110011100111100000001000000000110001111111111111112222222111111111111111111111222011111111111111111111111111111111111111111111111112222222111111111111111111111111111111111111111
11111111111111111100000011110111110000000000000000011110001111111111111112222222111111111111111111111110111111111111111111111111111111111101111111111111112222222111111111111111111111111111111111111111
11111111111111111011111101110000001000000000100001011111111111111111111110222222111111111111111211111111111111111111111111111111011111111111111111111111112222222211111111111111111111111111111111111111
11111111111111110011111110111100000000100000000000011111111111111111111111222221111111111102222221111111111111111111111111111111111111111111111111111111111121222211111111111111111111111111111111111111
11111111111111110011111110111100000000100000000000011111111111111111111111222201111111111122222222111111111111111111111111111111111111111111111111111111111111000111111111111111111111111111111111111111
11111111111011111111111110111100100101111001100001111111111111111111111111100011111111112222222221111111111111011111111111111111111110010111111111100111111111111111111111111111111111111111111111111111
11111111201211111101110011011111110111100000001111111111111111111111111111111111111111112222222221111111111111111111111111111111111110011111111111111111111111222111111111111111111111111111111111111111
11111111111100011111111111111011101111111111100111111111111111111111111111111111111111112222222211111111011110111111111111111111111111111111111111110111111112222111111111111111111111111111111111111111
11111111112111111111111111110111001001111111111111111111111111111111111111111111111111110021202110111011111001111111111111111111111111111111111111111011111112222211111111111111111111111111111111111111
11111111112112111111111100111011001100111111111110011222221111111111111111111112111111111111111111000000111111111111111111111111111111111111111111111111111112222211111111111111111111111111111111111111
11111111111111111111101111101111111110000011111111112222222201111111111111111112222111111111111101100001111111111111111111111111111111111111111111111111111122222211111111111111111111111111111111111111
20111111111011111111111111111111011110100111111111122222222221111111111111111111222201111111111111000011111111111111111111111111111111111111111111111111111122222111111111111111111111111111111111111111
21111111111211111111111111111100101111111111111111122222222221111111111111111110220221111111010100011011111111111111111111111111111111111111111111111111111102222111111111111111111111111111111111111111
21211111112111111111111111111100101111111111111111111222222211111111111111111112222221111111010100011011111111111111111111111111111111111111111111111111111122222111111111111111111111111111111111111111
00211111121111111111111111111111111111100111111111111122222111111111111111111122222111111111111211100111111111111111111111111111111111111111111111111111111102222122221111111111111111111111111111111111
21111111111111111111111111111111111111111111111111111122221222111111111111111222222111111111112222211111111111111111111111111111111111111111111111111111111102222222222111111111111111111111111111111111
22211111111111111111101111111111111111111111111111111122212222202111111111112222220111111111112222222111111111111111111111111111111111111111111111111111111112222222221111111111111111111111211111111111
22012111111111111111021111120211111111111111111111111111112222222201111111112222222011111100111222221111111111111111111111111111111111111111111111111111111102222222222201111111111111111122222211111111
02200111111111111111122201122222222011111111111111111111111222222201111111122112222221111111111102211111111111122011111111111111111111111111111111111111111102222222222221111111111111111122222221111111
22211111111111111111022222222222222211111111111111111111111222222201111110022112222221111111111121212111111111111220111111111111111111111111111111111111111112222222222221111111111111110022222221111111
22221111111111111111022222222222222202111111111111111111111222222211111101221112222221111111111121111110111111111112111111111111111111111111111111111111111111022222222211111111111111102222222211111111
22021111111111111111022222222222222222111111111111111111111022211111112102211112222211111111111111111110111111111110211111111111111111111111111111111111111111022222222111111111111111122222222211111111
11122111111111111111102222222222222211111111111111111111111111111111111102211112222211111111111111111111111111111111111111111111111111111111111111111111111111022222222221111111111111122222222211111111
22211111111111111111110222222221222011111111111111111111111111111111111111112212222201111111111111111111111111111111120111111111111111111111111111111111111111112222222221111111111111122222222221111111
22211111111111111111101121022211221211111111111111111111111111111111111111112222222221111111111111111111111111111111021111111111111111111111111111111111111111122222222220220011111111110222222211111111
02110011111111111111112111111111111111111111111111111111111111111111111111122222222220111111112111111112011111111111111111111111111111111111111111111111111111112222222222222211111111111222222011111111
22201111111111111111111111111111111111111111111111111111111111111111111111122222222222111111022201011111200001111111121111111111111111111111111111111111111111112222222111111111111111111112222211111111
22201110111100011111111111111111111111111111111111111111111111111111111111122222222222010100111222211111222120011111111111111111111111111111111110111111111111112222221111110111111111111111111111111111
22111111111112011111111111111111111111111111111111111111111111111111111111222222222222220221111112222001222200001111111111101111111111111111111111111111111111110122211111111111001111111111111111111111
01111111111112111111111111111111111111111111111111111111111111111111111111112222222222022111111111222220222222221111111111111111111111101111111101111111111011111111111111111011111111111111111111111111
11111111110111111111111111111111111111111111111111111111111111111111111111111222222212222111111111022222002200011111111111111111111111101111111101111111111011111111111111111011111111111111111111111111
11111111101111111111111111111111111111111111111111111111111111111111111111111000222222021111111011022222222201111111111111000011111111111111111111110111110010001111122111101111111111111111111111210111
11111110111111111111111111111111111111111111111111111111111111111111111111111111122222211111111111102222222221111111111111001111111111111111111111111011101110000112022211001111111111111111111111211111
11111110011111111111111111111111111111111111111111111111111111111111111111111111100222011111111100111022222221111111111111111111111111111111111111110111111101111112222221101111111111111111111111122221
11111111111111111111111111111111111111111111111111111111111111111111111111110011111111111111111111111222222211111111111111111111111111111111111111100111111110111110222221110111111111111111111111212111
11111111111111111111111111111111111111111111111111111111110011111111111111111111111111111111111111111122022211111111111111111110111111111101111111100011011111001110222220111111111111111111111111221112
11111111101111111111111111111111111111111111111111111111001111111111111111111111111111111111111111111111111111111111111111111111110111111111111111100000111111111110222221111111111111111111111111111102
11111111111101111111111111111111111111111111111111111111111111111111111111111111111111111111111111111111111111011111111111111111111111111111111111010111100011001110222221111111111111111111111111122222
11111111111001111111111111111111111111111111111111111111111111111111111111111111111111111111111111111111111111111111111111111111111111111111111111010111100011001110222221111111111111111111111111122222
11111111110111111111111111111111111111111111111111111111001111111111111110111111111111111111111111111111111110011111111111111111111111111111111111100111111111111110222220101111111111111111111111122222
11111111111111111111111111111111111111111111111111111111110111111111111110011111111111111111111111111111111101111111111111111111111111111111111111111111110111111110222220111111111111111111111111102222
11111111110111111111111111111111111111111111111111111111110111101111111111111111111111111111111111111111111101111111111111111111111011110111111111111111111111110110222221111111111111111111111111122222
11111111111111111111111111111111111111111111111111111111111111111111111111111111111111111111111111111111111101111111111111111111111111111101111111111111111111111111022221111111111111111111111111122222
11111111110011111111111111111111111111111111111111111111111111111111111001111111111111111111111111111111111100111111111111111111011111111111111111011111111111111111102211111111111111111111111111112222
11111111111221111111111111111111110111111111111111111111111111111111111111111111111111111111111111111111111111000111100111111100101111111111111101001111111111110011111111111111111111111111111111112222
11111111110221111111111111111111101111111111111111111111111111111111111111111111111111111111111111111111111111111111111011110000101111101101100111011011111102222201111111111111111111111111111111111221
11111111111001111111111111111111011111111111111111110111110111111111111111111111100011111111111111111111111111111111111101000000011111111101111100110100111122222222111111111111111111111111111111111111
11111111111111111111111111111111011111111111111111110111110111111111111111111111100111111111111111111111111111111111111101000000011111111101111100110100111122222221111111111111111111211111111111111111
11111111111101111111111111111111111111011111111111111111111111111111111111111111111111111111111111111111111111111111111110000000011110001111111111111100101102222222111111111112201122222111111111111111
11111111111111111111111111111111111111111111111111111011111111111111111111111111111111111111111111111111111111111111111100000010011000011111111111111111101112221111111111222222211222222011111111111221
11111111111111111111111111111111111111111111111111111111111111111111111111111100111111111111111111111111111111111111110000000010001111111111111111111011111102222111111112222222122222221111111111111222
11111111112111111111011111111111211111111111111111111111111111111111111111111111111111111111111111111111111111111111100000000000001111111111111111111111111112222211111112222222222222222011111111110222
11111111101111111110211111111111111111111111111111111111111111111111111111111111111111111111111111111111111010000110000000000000011111111111111111111111111110222221111112222222222222222221111111111222
11111111101111110012211111111001111111111101111111111111111111000011111111111111111111111111111111111111111010000110000000000000011111111111111111111111111111212221111112222222222222222221111111111111
11111111221111101102111111000111111011000100011111111011111111111001111111111111111111111111111111110111110100000110000000000001111111111111111111111111111111111111111112222222222112222221111111111111
11111111111111112002111111111111111111111111111111111111111111111111111111111111111111111111111111111111111110000110000000000000111111111111111111111111111111111111111112222222200111020001111111111111
11111111102111110111111111111111111011111111111111111111111111111111111111111111111111111111111111111111111111011101011100000011011111111111111111111111111110001111111022222222111111111111111111111111
11111111102111111111111111111111001111111111111111111111111111111111111111111111111111111111111111111111111010011111111100100110111111111111111111111111111110111111111112222222111111111111111111111111
11111111102111111111111111111111111111111111111111111111111111111111111111111111111111111111111111111111011011111111111111110011111010011111111111111011111111001111111112222222111111111111111111111111
10111111112111111111111111111101111111111111111111111111111111111111111111111111111111111111111111111111111111111111111111111110101100011011111111111111110111111111111112222111111011111111111111111111
12111111112111111111111111111100111111111111111111111111111111111111111111011111111111111111111111111111001111111111111111111110101111111111111111111011111111111111111111111111111111111111111111111111
11221111110111111111111111111110111111111111111111111111111111111111111111111111011111111101111111111110011001111111111111111111001111111111111011111111000011111111111111111111111111111111111111111111
11222111110111111111111111111111111111111111111111111111111111111111110111111111000011100000001111111110110001011111111111111111011111100000100101101111011110111111111111111111111111111111111111111111
11222111110211111111111111111111111111111111111111111111111111111111110111111111000011100000001111111110110001011111110111111111111111111111111001111111111101111111111111111111111111111111111111111111
11222111110211111111111111111111111111111111111111111111111111111111110111111101100110010000011111111000100010000011110111111111111111111111111001111111111101111111111111111111111111111111111111111111
11122011111222111111111111111111111111111111111111111111111111111111111111111111111111110000001111111111101010000000111111111111111111111111000011111111111111111111221111111111110111111111111111101111
11112111111222111112111111111111111111111111111111111111111111111111111111111011111111110100011111111111000000000000000111111111111111110011111111111111111111111222222111111111111110011111111110001001
11122212111022112222111111111111111111111111111111111111111111111111111111111101111110111011111111111111000000000000000111111111111111110001111111111100101111122222221111111111111111111111101101111111
11122222111022222222221111111111111211111111111111111111111111111111111111111110000000001111111111111111110100000000001000111111111011110011111111101100111111222222222111111101111111111100111111110000
11202002011022022222111111111111111111111111111111111111111111111111111111111010000000001111111111111111110000000000101110111111111110000001111111101111111111222222222111111111111111011110011111100001
11212012011022022222111111111111111111111111111111111111111111111111111111100001000000111111111111111111111000000000000111111111111111101011011111011111111111022222222211111001111101111110010011111010
00222022011022222222222111111111111111001100111111111111101111111111110001101000000000011111111111111111111110000000000011111111111101111111011111011111111111022222222211111101110011001100000001100101
02211222221022222222221111111111111100010111111111111110111111111111110000000000000000111111111111111111111111000000000011111111111101111111011111011111111111022222222211111101110011001100000001100101
22212222221002222220011111111111111100010111111111111110111111111111110000000000000000111111112211111111111111000000000111111111111110000010111111111111111111112222222211111111111110111100000001111111
22212222221022002222221111111111111011011111100011111111111111111111111111111001111001001111122221111111111111000000010111111111111111111110111110011111111111111022222211111111111111111100000001111011
02112222221102220222111111111111001111000011010111111111111100111111111111001101111111111111222222211111111111000000111111111111011111100001111011011111111111111111101111111111111111100000000111111000
22222222221112221111111111111111111111100111111110011111110001111111111111111111111111111111222222221111111111100000010111110011111100001101011000001111111111111111111111111111111111110001001111111101
22222222221102211111111111111111000111010111100000010001111111111111111111111111111111111122222222222111111111100111110011101101100001101110011111001111111111111111111112011111111110111110001111111111
22222222221021200111111111111111111011111111100000000000010101111111111110111111111111111122222222222111101111111111111111000001100001111111100011111111111111111111111122220111111111111100010000011111
22222222221111121111111111111111111001101111000000000001000000000111111111111111111111111222222222221111111111111100111111100000000111111110111011010111011111111111102202222111111111110001111111110101
22222222221122122111111111111111111101110111000000001110000000001111111111111111111111111122202222211111111111111111110000100000000001101110000001000011010111111111102222222011111111111110111100000010
22022222221200012111111111111111111111111111100000001110011000111111011111111111111111111111112211111111110110111111000010100000000001101110000001000011010111111111102222222011111111111111000001000010
22022222220200002111111111111111111111111111111000011111111001111111001111111111111111011111112211111111111111111110000001000000000000001110100000000000010011111111112222222211111111111111111110011000
12222222222222222111111111111111111111111111111000011111111001111111001111111111111111011111111111111111111111111110000001000000000000000010000001000011001011111101112222222010111111111111111110011000
10222222222222222021111111111011111111111111111100001111111011111111111111111111111111011111111110011111111111111100010000000000000000000000000100000000011101111111012222222101111111111111111110000000
12222212222222200011111111111111111111111111111100000010000101111111101111111111111111111011111111011000100001100000001100000000000000000000000110000000011110111001112222222111111100111111111111000000
11020111222222122021111111111111111111111111111110000001000111111000011001111111111111100111111000100000100000011100000000001100000000000000000100000100111000111111112222222011111111111111111111100000
11111112222222222211111111111111111111111111111100001111111111111001001110101111111111110111110000000000011000011010000000000000000000000000000000000011111100000111112222222211111111111111111111000000
11111122222222222121111111111111111111111111111111011101111111111011110001101111111111111111110100000000111100000000100000000000000000000000000000001000000101000011111222222211111111111101111111001110
11111112221022011201111111111111111111112111101000011111111111111111111111100101111111100110010000000001110100000011000000000000000000000000000000001000000101000011111102222211111111111111111111111110
00111111110022222101111111110111111121112111101000011111111111111111111110011111111111111110000100000110110000000100000000000000000000000100000000000000100011110111111102222211111111111111111111111111
00001111111222211111111111111111111111112221111000110011111111111111111001001111111111011010000101001000001000011000000000000000001000101001111110011010011101111111111222212211111111111111111111111111
10000111111112221111111111111111111111111220110000011111111111111111101000000101111100001000000010000110010010111110000000000000100000000010000000100001111100111111111222201111111111110011111111111111
10000111111111021111111111111111111111111222110000011111111111111111101000000101111100001000000010000110010010111110000000000000100000000010000000100001111111111111112222222111111111110011111111111111
10001111111111120111111111111110111111111222001000001111111111111111111001000100011000000000001111000000101011100101110000000000000000000001100000000010001011111111112222222111111111111101111111111111
11001011111111111111111111111101222112111222201100111111111111111111111001100100100000000001111110000000001000000111100000000111000000101000000111000111110000011111111222222111111111111111111111111111
11110011111111111111111111111222222222111222201111111111111111111111110001000000000010100000000100000000111000000110100111100000000000010100000110001111101111011111111222222111111111111111111111111111