00000000000000000000000000000000000000000000000000000000000000000000000000000000000000000000000000000000000000000000000000000000000000000000000000000000000000000000000000000000000000000000000000000000
00000000000000000000000000000000000000000000000000000000000000000000000000000000000000000000000000000000000000000000000000000000000000000000000000000000000000000000000000000000000000000000000000000000
00000000000000000000000000000000000000000000000000000000000000000000000000000000000000000000000000000000000000000000000000000000000000000000000000000000000000000000000000000000000000000000000000000000
00000000000000000000000000000000000000000000000000000000000000000000000000000000000000000000000000000000000000000000000000000000000000000000000000000000000000000000000000000000000000000000000000000000
00000000000000000000000000000000000000000000000000000000000000000000000000000000000000011110000000000000000000000000000000000000000000000000000000000000000000000000000000000000000000000000000000000000
00000000000000000000000000000000000000000000000000000000000000000000000000000000000000011110000000000000000000000000000000000000000000000000000000000000000000000000000000000000000000000000000000000000
00000000000000000000000000000000000000000000000000000000000000000000000000000000000000000000000000000000000000000000000000000000000000000000000000000000000000000000000000000000000000000000000000000000
00000000000000000000000000000000000000000000000000000000000000000000000000000000000000000000000000000000000000000000000000000000000000000000000000000000000000000000000000000000000000000000000000000000
00000000000000000000000000000000000000000000000000000000000000000000000000000000001111111110000001100000000000000000000000000000000000000000000000000000000000000000000000000000000000000000000000000000
00000000000000000000000000000000000000000000000000000000000000000000000000000000111000000000000111100000000000000000000000000000000000000000000000000000000000000000000000000000000000000000000000000000
00000000000000000000000000000000000000000000000000000000000000000000000000000000111000000000000111100000000000000000000000000000000000000000000000000000000000000000000000000000000000000000000000000000
00000000000000000000000000000000000000000000000000000000000000000000000000000011000000000000000000000000000000000000000000000000000000000000000000000000000000000000000000000000000000000000000000000000
00000000000000000000000000000000000000000000000000000000000000000000000000000011000000000000000000000000000000000000000000000000000000000000000000000000000000000000000000000000000000000000000000000000
00000000000000000000000000000000000000000000000000000000000000000000000000000000110000000000000000000000000000000000000000000000000000000000000000000000000000000000000000000000000000000000000000000000
00000000000000000000000000000000000000000000000000000000000000000000000000000000110000000000000000000000000000000000000000000000000000000000000000000000000000000000000000000000000000000000000000000000
00000000000000000000000000000000000000000000000000000000000000000000000011001100000000011000000000000000000000000000000000000000000000000000000000000000000000000000000000000000000000000000000000000000
00000000000000000000000000000000000000000000000000000000000000000000000011001100000000011000000000000000000000000000000000000000000000000000000000000000000000000000000000000000000000000000000000000000
00000000000000000000000000000000000000000000000000000000000000000000000000000000000110000000000000000000000000000000000000000000000000000000000000000000000000000000000000000000000000000000000000000000
00000000000000000000000000000000000000000000000000000000000000000000000000000000000110000000000000000000000000000000000000000000000000000000000000000000000000000000000000000000000000000000000000000000
00000000000000000000000000000000000000000000000000000000000000000000000000000000000110000000000000000000001111000000000000000000000000000000000000000000000000000000000000000000000000000000000000000000
00000000000000000000000000000000000000000000000000000000000000000000000000000000000110000000000000000000001111000000000000000000000000000000000000000000000000000000000000000000000000000000000000000000
00000000000000000000000000000000000000000000000000000000000000000000000000110000001110000000011000000000000011110000000000000000000000000000000000000000000000000000000000000000000000000000000000000000
00000000000000000000000000000000000000000000000000000000000000000000000000110000001110000000011000000000000011110000000000000000000000000000000000000000000000000000000000000000000000000000000000000000
00000000000000000000000000000000000000000000000000000000000000000000000000000000001110000000011000000000000000111100000000000000000000000000000000000000000000000000000000000000000000000000000000000000
00000000000000000000000000000000000000000000000000000000000000000000000000000000001110000000011000000000000000111100000000000000000000000000000000000000000000000000000000000000000000000000000000000000
00000000000000000000000000000000000000000000000000000000000000000000000000000000111110011110000000000000111111000000000000000000000000000000000000000000000000000000000000000000000000000000000000000000
00000000000000000000000000000000000000000000000000000000000000000000000000000000001111111111100000000000001111000000100000000000000000000000000000000000000000000000000000000000000000000000000000000000
00000000000000000000000000000000000000000000000000000000000000000000000000000000001111111111100000000000001111000000100000000000000000000000000000000000000000000000000000000000000000000000000000000000
00000000000000000000000000000000000000000000000000000000000000000000000000000000001110011110000000000011000011000000000000000000000000000000000000000000000000000000000000000000000000000000000000000000
00000000000000000000000000000000000000000000000000000000000000000000000000000000001110011110000000000011000011000000000000000000000000000000000000000000000000000000000000000000000000000000000000000000
00000000000000000000000000000000000000000000000000000000000000000000000000000000000000000001111000000000001100000000000000000000000000000000000000000000000000000000000000000000000000000000000000000000
00000000000000000000000000000000000000000000000000000000000000000000000000000000000000000001111000000000001100000000000000000000000000000000000000000000000000000000000000000000000000000000000000000000
00000000000000000000000000000000000000000000000000000000000000000000000000000000000000011000011000001100000000000000011000000000000000000000000000000000000000000000000000000000000000000000000000000000
00000000000000000000000000000000000000000000000000000000000000000000000000000000000000011000011000001100000000000000011000000000000000000000000000000000000000000000000000000000000000000000000000000000
00000000000000000000000000000000000000000000000000000000000000000000000000000000000000000000000000000000000000000000000000000000000000000000000000000000000000000000000000000000000000000000000000000000
00000000000000000000000000000000000000000000000000000000000000000000000000000000000000000000000000000000000000000000000000000000000000000000000000000000000000000000000000000000000000000000000000000000
00000000000000000000000000000000000000000000000000000000000000000000000000000000000000000000000000000000000000000000000000000000000000000000000000000000000000000000000000000000000000000000000000000000
00000000000000000000000000000000000000000000000000000000000000000000000000000000000000000000000000000000000000000000000000000000000000000000000000000000000000000000000000000000000000000000000000000000
00000000000000000000000000000000000000000000000000000000000000000000000000000000000000000000000000000000000000000000000000000000000000000000000000000000000000000000000000000000000000000000000000000000
00000000000000000000000000000000000000000000000000000000000000000000000000000000000000000000000000000000000000000000000000000000000000000000000000000000000000000000000000000000000000000000000000000000
00000000000000000000000000000000000000000000000000000000000000000000000000000000001111100000000000000000000000000000000000000000000000000000000000000000000000000000000000000000000000000000000000000000
00000000000000000000000000000000000000000000000000000000000000000000000000000000000110000000000000000000000000001111000000000000000000000000000000000000000000000000000000000000000000000000000000000000
00000000000000000000000000000000000000000000000000000000000000000000000000000000000110000000000000000000000000001111000000000000000000000000000000000000000000000000000000000000000000000000000000000000
00000000000000000000000000000000000000000000000000000000000000000000000000000000000000011000000000000000000000000000000000000000000000000000000000000000000000000000000000000000000000000000000000000000
00000000000000000000000000000000000000000000000000000000000000000000000000000000000000011000000000000000000000000000000000000000000000000000000000000000000000000000000000000000000000000000000000000000
01000000000000000000000000000000000000000000000000000000000000000000000000000000000000011000000000000000000000000000000000000000000000000000000000000000000000000000000000000000000000000000000000000000
01000000000000000000000000000000000000000000000000000000000000000000000000000000000000011000000000000000000000000000000000000000000000000000000000000000000000000000000000000000000000000000000000000000
00000000000000000000000000000000000000000000000000000000000000000000000000000000000000000000000000000000000000000000000000000000000000000000000000000000000000000000000000000000000000000000000000000000
00000000000000000000000000000000000000000000000000000000000000000000000000000000000000000000000000000000000000000000000000000000000000000000000000000000000000000000000000000000000000000000000000000000
00000000000000000000000000000000000000000000000000000000000000000000000011000000000000000000000000000000000000000000000000000000000000000000000000000000000000000000000000000000000000000000000000000000
00000000000000000000000000000000000000000000000000000000000000000000000011000000000000000000000000000000000000000000000000000000000000000000000000000000000000000000000000000000000000000000000000000000
00111100000000000000000000000000000000000000000000000000000000000000000000000000000000000000000000000000000000000000000000000000000000000000000000000000000000000000000000000000000000000000000000000000
00111100000000000000000000000000000000000000000000000000000000000000000000000000000000000000000000000000000000000000000000000000000000000000000000000000000000000000000000000000000000000000000000000000
00000000000000000000000000000000000000000000000000000000000000000000000000000000000000000000000000000000000000000000000000000000000000000000000000000000000000000000000000000000000000000000000000000000
00000000000000000000000000000000000000000000000000000000000000000000000000000000000000000000000000000000000000000000000000000000000000000000000000000000000000000000000000000000000000000000000000000000
10000000000000110000000000000000000000000000000000000000000000000000000000000000000000000000000000000000000000000000000000000000000000000000000000000000000000000000000000000000000000000000000000000000
10000000000000110000000000000000000000000000000000000000000000000000000000000000000000000000000000000000000000000000000000000000000000000000000000000000000000000000000000000000000000000000000000000000
00000000000011111100000000000000011100000000000000000000000000000000000000000000000000000000000000000000000000000000000000000000000000000000000000000000000000000000000000000000000000000000000000000000
01000000000011111111100001100000011100000000000000000000000000000000000000000000000000000000000000000000000000000000000000000000000000000000000000000000000000000000000000000000000000000000000000000000
01000000000011111111100001100000011100000000000000000000000000000000000000000000000000000000000000000000000000000000000000000000000000000000000000000000000000000000000000000000000000000000000000000000
00000000001111111111100000000000000011001100000000000000000000000000000000000000000000000000000000000000000000000000000000000000000000000000000000000000000000000000000000000000000000000000000000000000
00000000001111111111100000000000000011001100000000000000000000000000000000000000000000000000000000000000000000000000000000000000000000000000000000000000000000000000000000000000000000000000000000000000
00001100000011111111100110000000000000000000000000000000000000000000000000000000000000000000000000000000000000000000000000000000000000000000000000000000000000000000000000000000000000000000000000000000
00001100000011111111100110000000000000000000000000000000000000000000000000000000000000000000000000000000000000000000000000000000000000000000000000000000000000000000000000000000000000000000000000000000
11111111000000111101111111100000000000000000000000000000000000000000000000000000000000000000000000000000000000000000000000000000000000000000000000000000000000000000000000000000000000000000000000000000
11111111000000111101111111100000000000000000000000000000000000000000000000000000000000000000000000000000000000000000000000000000000000000000000000000000000000000000000000000000000000000000000000000000
11111111111100111101111111111000000011000000000000000000000000000000000000000000000000000000000000000000000000000000000000000000000000000000000000000000000000000000000000000000000000000000000000000000
11111111111100111101111111111000000011000000000000000000000000000000000000000000000000000000000000000000000000000000000000000000000000000000000000000000000000000000000000000000000000000000000000000000
11111111001111110000000111111000010000000000000000000000000000000000000000000000000000000000000000000000000000000000000000000000000000000000000000000000000000000000000000000000000000000000000000000000
11111111001111110000000111111000010000000000000000000000000000000000000000000000000000000000000000000000000000000000000000000000000000000000000000000000000000000000000000000000000000000000000000000000
11111111111111111100000000000000000000000000000000000000000000000000000000000000000000000000000000000000000000000000000000000000000000000000000000000000000000000000000000000000000000000000000000000000
11111111111111111100000000000000000000000000000000000000000000000000000000000000000000000000000000000000000000000000000000000000000000000000000000000000000000000000000000000000000000000000000000000000
01111111000000111100011111100000000011000000000000000000000000000000000000000000000000000000000000000000000000000000000000000000000000000000000000000000000000000000000000000000000000000000000000000000
01111111000000111100011111100000000011000000000000000000000000000000000000000000000000000000000000000000000000000000000000000000000000000000000000000000000000000000000000000000000000000000000000000000
11111111001100000000000000000001111111000000000000000000000000000000000000000000000000000000000000000000000000000000000000000000000000000000000000000000000000000000000000000000000000000000000000000000
00000000111100000000000000000000001100000000000000000000000000000000000000000000000000000000000000000000000000000000000000000000000000000000000000000000000000000000000000000000000000000000000000000000
00000000111100000000000000000000001100000000000000000000000000000000000000000000000000000000000000000000000000000000000000000000000000000000000000000000000000000000000000000000000000000000000000000000
10000000000000000000000001100001101100110000000000000000000000000000000000000000000000000000000000000000000000000000000000000000000000000000000000000000000000000000000000000000000000000000000000000000
10000000000000000000000001100001101100110000000000000000000000000000000000000000000000000000000000000000000000000000000000000000000000000000000000000000000000000000000000000000000000000000000000000000
00000011110000000000000000000001100000000000000000000000000000000000000000000000000000000000000000000000000000000000000000000000000000000000000000000000000000000000000000000000000000000000000000000000
00000011110000000000000000000001100000000000000000000000000000000000000000000000000000000000000000000000000000000000000000000000000000000000000000000000000000000000000000000000000000000000000000000000
00000011111100000000000000000000000000110000000000000000000000000000000000000000000000000000000000000000000000000000000000000000000000000000000000000000000000000000000000000000000000000000000000000000
00000011111100000000000000000000000000110000000000000000000000000000000000000000000000000000000000000000000000000000000000000000000000000000000000000000000000000000000000000000000000000000000000000000
00000011110000000000000000000000000000000000000000000000000000000000000000000000000000000000000000000000000000000000000000000000000000000000000000000000000000000000000000000000000000000000000000000000
00000011110000000000000000000000000000000000000000000000000000000000000000000000000000000000000000000000000000000000000000000000000000000000000000000000000000000000000000000000000000000000000000000000
00000000110000000011100000000000000000110000000000000000000000000000000000000000000000000000000000000000000000000000000000000000000000000000000000000000000000000000000000000000000000000000000000000000
00000000110000000011100000000000000000110000000000000000000000000000000000000000000000000000000000000000000000000000000000000000000000000000000000000000000000000000000000000000000000000000000000000000
00000000110000000000000000000110000000000000000000000000000000000000000000000000000000000000000000000000000000000000000000000000000000000000000000000000000000000000000000000000000000000000000000000000
00000000110000000000000000000110000000000000000000000000000000000000000000000000000000000000000000000000000000000000000000000000000000000000000000000000000000000000000000000000000000000000000000000000
00000000000000000000000001100000000000000000000000000000000000000000000000000000000000000000011000000000000000000000000000000000000000000000000000000000000000000000000000000000000000000000000000000000
11000011110000110010000000000000000000000000000000000000000000000000001100000000000000000000000000000000000000000000000000000000000000000000000000000000000000000000000000000000000000000000000000000000
11000011110000110010000000000000000000000000000000000000000000000000001100000000000000000000000000000000000000000000000000000000000000000000000000000000000000000000000000000000000000000000000000000000
00111111110000000000000000000000000000000000000000000000000000000000000000000000000110000000000000000000000000000000000000000000000000000000000000000000000000000000000000000000000000000000000000000000
00111111110000000000000000000000000000000000000000000000000000000000000000000000000110000000000000000000000000000000000000000000000000000000000000000000000000000000000000000000000000000000000000000000
11111111111100111110000000000000000000000000000000000000000000000000000000000000000000000000000000000000000000000000000000000000000000000000000000000000000000000000000000000000000000000000000000000000
11111111111100111110000000000000000000000000000000000000000000000000000000000000000000000000000000000000000000000000000000000000000000000000000000000000000000000000000000000000000000000000000000000000
11111111111111111111100000000000000000000000000000000000000000000000000000000000000000000000000000000000000000000000000000000000000000000000000000000000000000000000000000000000000000000000000000000000
11111111111111111111100000000000000000000000000000000000000000000000000000000000000000000000000000000000000000000000000000000000000000000000000000000000000000000000000000000000000000000000000000000000
11111111111111111111111110000000000000000000000000000000000000000000000000000000000000000000000000000000000000000000000000000000000000000000000000000000000000000000000000000000000000000000000000001000
11111111111111111111111110000000000000000000000000000000000000000000000000000000000000000000000000000000000000000000000000000000000000000000000000000000000000000000000000000000000000000000000011110000
11111111111111001111111110011000000000000000000000000000000000000000000000000000000000000000000000000000000000000000000000000000000000000000000000000000000000000000000000000000000000000000000011110000
11111111111112221111111110011000000000000000000000000000000000000000000000000000000000000000000000000000000000000000000000000000000000000000000000000000000000000000000000000000000000000000000000000000
11111111111112221111100110000000000000000000000000000000000000000000000000000000111000000000000000000000000000000000000000000000000000000000000000000000000000000000000000000000000000000000000000000000
11111111111222222211100110000000000000000000000000000000000000000000000000000000111000000000000000000000000000000000000000000000000000000000000000000000000000000000000000000000000000000000000000000000
21111111111222222211111110000000000000000000000000000000000000000000000000001100111000000000000000000000000000000000000000000000000000000000000000000000000000000000000000000000000000000000000000000000
21111111111222222211111110000000000000000000000000000000000000000000000000001100111000000000000000000000000000000000000000000000000000000000000000000000000000000000000000000000000000000000000000000000
01111111111111111111111001100000000011000000000000000000000000000000000000001100110110000000000000001100000000000000000000000000000000000000000000000000000000000000000000000000000011110000000000000000
01111111111111111111111000000000000000000000000000000000000000000000000000000000001001100000000000000000000000000000000000000000000000000000000000000000000000000000000000000000000011110000000000000000
01111111111111111111111000000000000000000000000000000000000000000000000000000000001001100000000000000000000000000000000000000000000000000000000000000000000000000000000000000000000000110000000000000000
11110011111111111111111111100000000000000000000000000000000000000000000000001111110110000000000000000000000000000000000000000000000000000000000000000000000000000000000000000000000000110000000000000000
11110011111111111111111111100000000000000000000000000000000000000000000000001111110110000000000000000000000000000000000000000000000000000000000000000000000000000000000000000000000000000000000000000001
10111111001111111111111110000001100000000000000000000000000000000000000011111111110001100000000000000000000000000000000000000000000000000000000000000000000000000000000000000000000000001000000000000000
10111111001111111111111110000001100000000000000000000000000000000000000011111111110001100000000000000000000000000000000000000000000000000000000000000000000000000000000000000000000000001000000000000000
10111100111111111111111111111000000000000000000000000000000000000000001111111111110000000000000000000000000000000000000000000000000000000000000000000000000000000000000000000000000000000000000000000000
10111100111111111111111111111000000000000000000000000000000000000000001111111111110000000000000000000000000000000000000000000000000000000000000000000000000000000000000000000000000000000000000000000000
11110011111111111111111111111000000000000000000000000000000000000000000011000011000000000000011000000000000000000000000000000000000000000000000000000000000000000000000000000000000000000000000000000000
11110011111111111111111111111000000000000000000000000000000000000000000011000011000000000000011000000000000000000000000000000000000000000000000000000000000000000000000000000000000000000000000000000000
01001111000011111111111111111000000000000000000000000000000000000000000000000000110000000000000000000000000000000000000000000000000000000000000000000000000000000000000000000000000000000000000000000000
01001111000011111111111111111000000000000000000000000000000000000000000000000000110000000000000000000000000000000000000000000000000000000000000000000000000000000000000000000000000000000000000000000000
11110000000000001111111111111111100000000000000000000000000000000000000000000000000000000000000000010000000000000011000000000000000000000000000000000000000000000000000000000000000000000000000000000000
11110000000000001111111111111111100000000000000000000000000000000000000000000000000000000000000000010000000000000011000000000000000000000000000000000000000000000000000000000000000000000000000000000000
10110000000000001111111111111111101100000000000000000000000000000000000000000000000000000000000001100000000000000000000000000000000000000000000000000000000000000000000000000000000000000000000000000000
00110000001111111111111111111001100000000000000000000000000000000000000000000000000000011000000000000000000000000000000000000000000000000000000000000000000000000000000000000000000000000000000000000000
00110000001111111111111111111001100000000000000000000000000000000000000000000000000000011000000000000000000000000000000000000000000000000000000000000000000000000000000000000000000000000000000000000000
11000011111111111111111111111001110000000000000000000000000000000000000000000000000000011110000000000000110000000000000000000000000000000000000000000000000000000000000000000000000000000000000000000000
11000011111111111111111111111001110000000000000000000000000000000000000000000000000000011110000000000000110000000000000000000000000000000000000000000000000000000000000000000000000000000000000000000000
10000000111111111111111111111111110000000000000000000000000000000000000000000000000001111111100000000000111100000000000000000000000000000000000000000000000000000000000000000000000000000000000000000000
10000000111111111111111111111111110000000000000000000000000000000000000000000000000001111111100000000000111100000000000000000000000000000000000000000000000000000000000000000000000000000000000000000000
11111100111111111111111111111111100000000000000000000000000000000000000000000000000000011111111000000000000000000000000000000000000000000000000000000000000000000000000000000000000000000000000000000000
11111100111111111111111111111111100000000000000000000000000000000000000000000000000000011111111000000000000000000000000000000000000000000000000000000000000000000000000000000000000000000000000000000000
11111111111111110000011111100000000000000000000000000000000000000000000000000000000001111000000000000000000000000000100000000000000000000000000000000000000000000000000000000000000000000000000000000000
11111111111111110000011111100000000000000000000000000000000000000000000000000000000001111000000000000000000000000000100000000000000000000000000000000000000000000000000000000000000000000000000000000000
11111111111111001101111110011001100000000000000000000000000000000000000000000000111000000110000000000000000000000000000000000000000000000000000000000000000000000000000000000000000000000000000000000000
11111111111111001101111110011001100000000000000000000000000000000000000000000000111000000110000000000000000000000000000000000000000000000000000000000000000000000000000000000000000000000000000000000000
11001111111100111100011000000000000000000000000000000000000000000000000000000011001111100000000000010000110011000000000000000000000000000000000000000000000000000000000000000000000000000000000000000000
11001111111100111100011000000000000000000000000000000000000000000000000000000011001111100000000000010000110011000000000000000000000000000000000000000000000000000000000000000000000000000000000000000000
10111111001111111100011000000000000000000000000000000000000000000000000000000011000111111000011000000000000000110000000000000000000000000000000000000000000000000000000000000000000000000000000000000000
10111111001111111100011000000000000000000000000000000000000000000000000000000011000111111000011000000000000000110000000000000000000000000000000000000000000000000000000000000000000000000000000000000000
01111100111111111110000110000000000000000000000000000000000000000000000000001100110111100110000000000000000000000000000000000000000000000000000000000000000000000000000000000000000000000000000000000000
11111100001111111110000000000000000000000000000000000000000001100000000000001100000110011110000000000000000000000000000000000000000000000000000000000000000000000000000000000000000000000000000000000000
11111100001111111110000000000000000000000000000000000000000001100000000000001100000110011110000000000000000000000000000000000000000000000000000000000000000000000000000000000000000000000000000000000000
11111111111111111111100110000000000000000000000000000000000000000000110000000000000001100000000110000000001100000000000000000000000000000000000000000000000000000000000000000000000000000000000000000000
11111111111111111111100110000000000000000000000000000000000000000000110000000000000001100000000110000000001100000000000000000000000000000000000000000000000000000000000000000000000000000000000000000000
11111111110011001111111000000000000000000000000000000000000000000000110000000000000000000000000000000000000000000000000000000000000000000000000000000000000000000000000000000000000000000000000000000000
11111111110011001111111000000000000000000000000000000000000000000000110000000000000000000000000000000000000000000000000000000000000000000000000000000000000000000000000000000000000000000000000000000000
11111111111111000000011110000000000000000000000000000000000000000000000000000000000000011000000000000000110000000000000000000000000000000000000000000000000000000000000000000000000000000000000000000000
11111111111111000000011110000000000000000000000000000000000000000000000000000000000000011000000000000000110000000000000000000000000000000000000000000000000000000000000000000000000000000000000000000000
11111111110000001100011001100000000000000000000000000000000000000001000000000000000000000000000000000000000000001111000000000000000000000000000000000000000000000000000000000000000000000000000000000000
11111111110000001100011001100000000000000000000000000000000000000001000000000000000000000000000000000000000000001111000000000000000000000000000000000000000000000000000000000000000000000000000000000000
11111111110000001100000000000000000000000000000000000000000000000000000000000000000000000000000000000011000000000011000000000000000000000000000000000000000000000000000000000000000000000000000000000000
11111111110000001100000000000000000000000000000000000000000000000000000000000000000000000000000000000011000000000011000000000000000000000000000000000000000000000000000000000000000000000000000000000000
11111111111111111101111110000000010000000000000000000000000000000000000011000000000000000000000000000000000000000011000000000000000000000000000000000000000000000000000000000000000000000000000000000000
11111111111111111101111110000000010000000000000000000000000000000000000011000000000000000000000000000000000000000011000000000000000000000000000000000000000000000000000000000000000000000000000000000000
11111111111100001111111110000000000000000000000000000000000000000000001100000000000000000000000000000000111100111111111111111000000000000000000000000000000000000000000000000000000000000000000000000000
11111111111100001111111110000000000000000000000000000000000000000000001100000000000000000000000000000000111100111111111111111000000000000000000000000000000000000000000000000000000000000000000000000000
11111111111111111110011000000000000000000000000000000000000111100110000000000000000000000000000000000000111100111111100111100000000000000000000000000000000000000000000000000000000000000000000000000000
11111111110000111110000000000000000000001100000000000000000000011110001100000000000000000000000000000000000000001111111110011110011000000000000000000000000000000000000000000000000000000000000000000000
11111111110000111110000000000000000000001100000000000000000000011110001100000000000000000000000000000000000000001111111110011110011000000000000000000000000000000000000000000000000000000000000000000000
11111122111100001110000000000000000011000011110000000110000000000110111100000000000000000000000000000000110011111111111000000000011000000000000000000000000000000000000000000000000000000000000000000000
11111100211100001110000000000000000011000011110000000110000000000110111100000000000000000000000000000000110011111111111000000000011000000000000000000000000000000000000000000000000000000000000000000000
11111111201111111111111110000001111100110011000000000000000000000001111111000000000000000001100000000000110011111100111000011110000100000000000000000000000000000000000000000000000000000000000000000000
11111111001111111111111110000001111100110011000000000000000000000001111111000000000000000001100000000000110011111100111000011110000100000000000000000000000000000000000000000000000000000000000000000000
11111111111111111111111000011000001111111111001100000000000000000001111111110000000000000001100000001111111100001100111111111000000000000000000000000000000000000000000000000000000000000000000000000000
11111111122111111111111000011000001111111111001100000000000000000001111111110000000000000001100000001111111100001100111111111000000000000000000000000000000000000000000000000000000000000000000000000000
11111111022111110000000110011001111111000000001100011000000000000001111111110000110000000000000000011111110000001111111111111000000000000000000000000000000000000000000000000000000000000000000000000000
11111111201111120000000110011001111111000000001100011000000000000001111111110000110000000000000000011111110000001111111111111000000000000000000000000000000000000000000000000000000000000000000000000000
01111122111111111111100001111111111111000000001100000001100000000001110011111100000000000000000001100000001111001111111111100111111011000000000000000000000000000000000000000000000000000000000000000000
01111122111111111111100001111111111111000000001100000001100000000001110011111100000000000000000001100000001111001111111111100111111011000000000000000000000000000000000000000000000000000000000000000000
11111111110011111111111111111111111111110000111111011110000001111111110000110000000000000000000000010011111111001111111001111110011100000000000000000000000000000000000000000000000000000000000000000000
11111111110011111111111111111111111111110000111111011110000001111111110000110000000000000000000000010011111111001111111001111110011100000000000000000000000000000000000000000000000000000000000000000000
11111111110222211122111111111111111111111100000011100110011111111111111111111100000000000001100000000000001100110011111110011000000100000000000000000000000000000000000000000000000000000000000000000000
11111111110222201122111112222211111111111111111111111111111111111111111111111100000000000000000001111111001100111111011111111111111100000000000000000000000000000000000000000000000000000000000000000000
11111111110222201122111112222211111111111111111111111111111111111111111111111100000000000000000001111111001100111111011111111111111100000000000000000000000000000000000000000000000000000000000000000000
11111111110222220011111112202222111111111100111111111111111111111111111111110000000000000110000110001100111111001111000110011110000000000000000000000000000000000000000000000000000000000000000000000000
11111111110222220011111112202222111111111100111111111111111111111111111111110000000000000110000110001100111111001111000110011110000000000000000000000000000000000000000000000000000000000000000000000000
11111111111222220011211112222222101111111111111111111111111111111111110011000011000000000000000000011111111111110011000001111111100000000000000000000000000000000000000000000000000000000000000000000000
11111111111222220011211112222222101111111111111111111111111111111111110011000011000000000000000000011111111111110011000001111111100000000000000000000000000000000000000000000000000000000000000000000000
11111111111112222201111112222222111111111111111111111111111111111111111111111100000000000000000001111111111111111100011000011000000000110000000000000000000000000000000000000000000000000000000000000000
11111111111111000001111111102211111111111111111111111111111111111111111111111100000000000000000001111111111111111100011000011000000000110000000000000000000000000000000000000000000000000000000000000000
11111111111111111111111111112211111111111111111111111111111111111111111100000011000000000000000111111111111111111111000110000110000011000000000000000000000000000000000000000000000000000000000000000000
11111111111111111111111111111111111111111111111111111111111111111111111100000011000000000000000111111111111111111111000110000110000011000000000000000000000000000000000000000000000000000000000000000000
11111111111111111111111111111111111111111111111111111111111111111111111100110000000000000000011111111111111111111100111111111000000000000000000000000000000000000000000000000000000000000000000000000000
11111111111111111111111111111111111111111111111111111111111111111111111100110000000000000000011111111111111111111100111111111000000000000000000000000000000000000000000000000000000000000000000000000000
11111111111111111111111111111111111111001111111111111111111111111111111111000000000000000001111001101111111111111111100110011000000000000000000000000000000000000000000000000000000000000000000000000000
11111111111111111111111111111111111111001111111111111111111111111111111111000000000000000001111001101111111111111111100110011000000000000000000000000000000000000000000000000000000000000000000000000000
11111111111111111111111111111111111111111111111111111111111111111111111111110000001000000000011000001111111111001111100111100000000000000000000000000000000000000000000000000000000000000000000000000000
11111111111111111111111111111111111111111111111111111111111111111111111111110000001000000000011000001111111111001111100111100000000000000000000000000000000000000000000000000000000000000000000000000000
11111111111111111111111111111111111111111111111111111111111111111111111111110011000000011110011110001100111111000000000001100000000000000000000000000000000000000000000000000000000000000000000000000000
11111111111111111111111111111111111111111111111111111111111111111111111111111100110000011111111001101100111111000000100000000000000000000011001100000000000000000000000000000000000000000000000000000000
11111111111111111111111111111111111111111111111111111111111111111111111111111100110000011111111001101100111111000000100000000000000000000011001100000000000000000000000000000000000000000000000000000000
11111111111111111111111111111111111111111111111111111111111111111111111111111111001000011000000001111100000000000000000000000111100000000000000000000000000000000000000000000000000000000000000000000000
11111111111111111111111111111111111111111111111111111111111111111111111111111111001000011000000001111100000000000000000000000111100000000000000000000000000000000000000000000000000000000000000000000000
11111111111111111111111111100111111111111100001111111111111111111111111111111111000001111111111110000011000011111100011111111110000011000000000000000000000000000000000000000000000000000000011000111110
11111111111111111111111111100111111111111100001111111111111111111111111111111111000001111111111110000011000011111100011111111110000011000000000000000000000000000000000000000000000000000000011000111110
11111111111111111111111111100111111111110000111111111111111111111111111111111111000111111001111001101111001100000000000001111111100111000000000000000000000000000000000000000000000000000000000000111000
11111111111111111111111111100111111111110000111111111111111111111111111111111111000111111001111001101111001100000000000001111111100111000000000000000000000000000000000000000000000000000000000100000000
11111111111111111111111111111110011111111100001111111111111111111111111111111111001111100111100000011100111100110011000111111111111100000000000000000000000000000000000000000000000000000000000100000000
11111111111111111111111111111110011111111100001111111111111111111111111111111111001111100111100000011100111100110011000111111111111100000000000000000000000000000000000000000000000000000000000100110001
11111111111111111111111111111000000011111111111111111111111111111111111111000000001111111111100111101100111111001100011111111111111111110000000000000000000000000000000000000000000000000000000100110001
11111111111111111111111111111000000011111111111111111111111111111111111111000000001111111111100111101100111111001100011111111111111111110000000000000000000000000000000000000000000000000000000000110000