00000000000000000000000000000000000000000000000000000000000000000000000000000000000000000000000000000000000000000000000000000000000000000000000000000000000000000000000000000000000000000000000000000000
00000000000000000000000000000000000000000000000000000000000000000000000000000000000000000000000000000000000000000000000000000000000000000000000000000000000000000000000000000000000000000000000000000000
00000000000000000000000000000000000000000000000000000000000000000000000000000000000000000000000000000000000000000000000000000000000000000000000000000000000000000000000000000000000000000000000000000000
00000000000000000000000000000000000000000000000000000000000000000000000000000000000000000000000000000000000000000000000000000000000000000000000000000000000000000000000000000000000000000000000000000000
00000000000000000000000000000000000000000000000000000000000000000000000000000000000000000000000000000000000000000000000000000000000000000000000000000000000000000000000000000000000000000000000000000000
00000000000000000000000000000000000000000000000000000000000000000000000000000000000000000000000000000000000000000000000000000000000000000000000000000000000000000000000000000000000000000000000000000000
00000000000000000000000000000000000000000000000000000000000000000000000000000000000000000000000000000000000000000000000000000000000000000000000000000000000000000000000000000000000000000000000000000000
00000000000000000000000000000000000000000000000000000000000000000000000000000000000000000000000000000000000000000000000000000000000000000000000000000000000000000000000000000000000000000000000000000000
00000000000000000000000000000000000000000000000000000000000000000000000000000000000000000000000000000000000000000000000000000000000000000000000000000000000000000000000000000000000000000000000000000000
00000000000000000000000000000000000000000000000000000000000000000000000000000000000000000000000000000000000000000000000000000000000000000000000000000000000000000000000000000000000000000000000000000000
00000000000000000000000000000000000000000000000000000000000000000000000000000000000000000000000000000000000000000000000000000000000000000000000000000000000000000000000000000000000000000000000000000000
00000000000000000000000000000000000000000000000000000000000000000000000000000000000000000000000000000000000000000000000000000000000000000000000000000000000000000000000000000000000000000000000000000000
00000000000000000000000000000000000000000000000000000000000000000000000000000000000000000000000000000000000000000000000000000000000000000000000000000000000000000000000000000000000000000000000000000000
00000000000000000000000000000000000000000000000000000000000000000000000000000000000000000000000000000000000000000000000000000000000000000000000000000000000000000000000000000000000000000000000000000000
00000000000000000000000000000000000000000000000000000000000000000000000000000000000000000000000000000000000000000000000000000000000000000000000000000000000000000000000000000000000000000000000000000000
00000000000000000000000000000000000000000000000000000000000000000000000000000000000000000000000000000000000000000000000000000000000000000000000000000000000000000000000000000000000000000000000000000000
00000000000000000000000000000000000000000000000000000000000000000000000000000000000000000000000000000000000000000000000000000000000000000000000000000000000000000000000000000000000000000000000000000000
00000000000000000000000000000000000000000000000000000000000000000000000000000000000000000000000000000000000000000000000000000000000000000000000000000000000000000000000000000000000000000000000000000000
00000000000000000000000000000000000000000000000000000000000000000000000000000000000000000000000000000000000000000000000000000000000000000000000000000000000000000000000000000000000000000000000000000000
00000000000000000000000000000000000000000000000000000000000000000000000000000000000000000000000000000000000000000000000000000000000000000000000000000000000000000000000000000000000000000000000000000000
00000000000000000000000000000000000000000000000000000000000000000000000000000000000000000000000000000000000000000000000000000000000000000000000000000000000000000000000000000000000000000000000000000000
00000000000000000000000000000000000000000000000000000000000000000000000000000000000000000000000000000000000000000000000000000000000000000000000000000000000000000000000000000000000000000000000000000000
00000000000000000000000000000000000000000000000000000000000000000000000000000000000000000000000000000000000000000000000000000000000000000000000000000000000000000000000000000000000000000000000000000000
00000000000000000000000000000000000000000000000000000000000000000000000000000000000000000000000000000000000000000000000000000000000000000000000000000000000000000000000000000000000000000000000000000000
00000000000000000000000000000000000000000000000000000000000000000000000000000000000000000000000000000000000000000000000000000000000000000000000000000000000000000000000000000000000000000000000000000000
00000000000000000000000000000000000000000000000000000000000000000000000000000000000000000000000000000000000000000000000000000000000000000000000000000000000000000000000000000000000000000000000000000000
00000000000000000000000000000000000000000000000000000000000000000000000000000000000000000000000000000000000000000000000000000000000000000000000000000000000000000000000000000000000000000000000000000000
00000000000000000000000000000000000000000000000000000000000000000000000000000000000000000000000000000000000000000000000000000000000000000000000000000000000000000000000000000000000000000000000000000000
00000000000000000000000000000000000000000000000000000000000000000000000000000000000000000000000000000000000000000000000000000000000000000000000000000000000000000000000000000000000000000000000000000000
00000000000000000000000000000000000000000000000000000000000000000000000000000000000000000000000000000000000000000000000000000000000000000000000000000000000000000000000000000000000000000000000000000000
00000000000000000000000000000000000000000000000000000000000000000000000000000000000000000000000000000000000000000000000000000000000000000000000000000000000000000000000000000000000000000000000000000000
00000000000000000000000000000000000000000000000000000000000000000000000000000000000000000000000000000000000000000000000000000000000000000000000000000000000000000000000000000000000000000000000000000000
00000000000000000000000000000000000000000000000000000000000000000000000000000000000000000000000000000000000000000000000000000000000000000000000000000000000000000000000000000000000000000000000000000000
00000000000000000000000000000000000000000000000000000000000000000000000000000000000000000000000000000000000000000000000000000000000000000000000000000000000000000000000000000000000000000000000000000000
00000000000000000000000000000000000000000000000000000000000000000000000000000000000000000000000000000000000000000000000000000000000000000000000000000000000000000000000000000000000000000000000000000000
00000000000000000000000000000000000000000000000000000000000000000000000000000000000000000000000000000000000000000000000000000000000000000000000000000000000000000000000000000000000000000000000000000000
00000000000000000000000000000000000000000000000000000000000000000000000000000000000000000000000000000000000000000000000000000000000000000000000000000000000000000000000000000000000000000000000000000000
00000000000000000000000000000000000000000000000000000000000000000000000000000000000000000000000000000000000000000000000000000000000000000000000000000000000000000000000000000000000000000000000000000000
00000000000000000000000000000000000000000000000000000000000000000000000000000000000000000000000000000000000000000000000000000000000000000000000000000000000000000000000000000000000000000000000000000000
00000000000000000000000000000000000000000000000000000000000000000000000000000000000000000000000000000000000000000000000000000000000000000000000000000000000000000000000000000000000000000000000000000000
00000000000000000000000000000000000000000000000000000000000000000000000000000000000000000000000000000000000000000000000000000000000000000000000000000000000000000000000000000000000000000000000000000000
00000000000000000000000000000000000000000000000000000000000000000000000000000000000000000000000000000000000000000000000000000000000000000000000000000000000000000000000000000000000000000000000000000000
00000000000000000000000000000000000000000000000000000000000000000000000000000000000000000000000000000000000000000000000000000000000000000000000000000000000000000000000000000000000000000000000000000000
00000000000000000000000000000000000000000000000000000110000000111111100011111111111111111111111100000000000000000000000000110000000000000000000000000000000000000000000000000000000000000000000000000000
00000000000000000000000000000000000000000000000000000110000000111111100011111111111111111111111100000000000000000000000000110000000000000000000000000000000000000000000000000000000000000000000000000000
00000000000000000000000000000000000000000000000000000000000011111111111111111111111111111111110011000000000000000000010011000000000000000000000000000000000000000000000000000000000000000000000000000000
00000000000000000000000000000000000000000000000000000000000011111111111111111111111111111111110011000000000000000000010011000000000000000000000000000000000000000000000000000000000000000000000000000000
00000000000000000000000000000000000000000000000000000000010011111111111111111111111111111111111100000000000000000000011111001000000000000000000000000000000000000000000000000000000000000000000000000000
00000000000000000000000000000000000000000000000000000000000011000111101111111111101111111111110000000000000000000001100000001000000000000000000000000000000000000000000000000000000000000000000000000000
00000000000000000000000000000000000000000000000000000000000011000111101111111111101111111111110000000000000000000001100000001000000000000000000000000000000000000000000000000000000000000000000000000000
00000000000000000000000000000000000000000000000000000000000000000000000011111111111111111111110000000000000000000000000000110000000000000000000000000000000000000000000000000000000000000000000000000000
00000000000000000000000000000000000000000000000000000000000000000000000011111111111111111111110000000000000000000000000000110000000000000000000000000000000000000000000000000000000000000000000000000000
00000000000000000000000000000000000000000000000000000000000000000001100000111111101111111111101100000000000000000000000000000000000000000000000000000000000000000000000000000000000000000000000000000000
00000000000000000000000000000000000000000000000000000000000000011110000011111111111100111000010011000000000000000000000000110000000000000000000000000000000000000000000000000000000000000000000000000000
00000000000000000000000000000000000000000000000000000000000000011110000011111111111100111000010011000000000000000000000000110000000000000000000000000000000000000000000000000000000000000000000000000000
00000000000000000000000000000000000000000000000000000000000000000000000011011001110000100000000000000000000000000000000000000000000000000000000000000000000000000000000000000000000000000000000000000000
00000000000000000000000000000000000000000000000000000000000000000000000011011001110000100000000000000000000000000000000000000000000000000000000000000000000000000000000000000000000000000000000000000000
00000000000000000000000000000000000000000000000000000000000000000000000000000111110000011110010000000000000000000000000000000000000000000000000000000000000000000000000000000000000000000000000000000000
00000000000000000000000000000000000000000000000000000000000000000000000000000111110000011110010000000000000000000000000000000000000000000000000000000000000000000000000000000000000000000000000000000000
00000000000000000000000000000000000000000000000000000000000000000000000000000111110000100000000000000000000000000000000000000000000000000000000000000000000000000000000000000000000000000000000000000000
00000000000000000000000000000000000000000000000000000000000000000000000000000001111111100000000000000000000000000000000000000000000000000000000000000000000000000000000000000000000000000000000000000000
00000000000000000000000000000000000000000000000000000000000000000000000000000001111111100000000000000000000000000000000000000000000000000000000000000000000000000000000000000000000000000000000000000000
00000000000000000000000000000000000000000000000000000000000000100000000000000000001100000000000000000000000000000000000000000000000000000000000000000000000000000000000000000000000000000000000000000000
00000000000000000000000000000000000000000000000000000000000000100000000000000000001100000000000000000000000000000000000000000000000000000000000000000000000000000000000000000000000000000000000000000000
00000000000000000000000000000000000000000000000000000000000000000000000011100000000000000000000000000000000000000000000000000000000000000000000000000000000000000000000000000000000000000000000000000000
00000000000000000000000000000000000000000000000000000000000000000000000011100000000000000000000000000000000000000000000000000000000000000000000000000000000000000000000000000000000000000000000000000000
00000000000000000000000000000000000000000000000000000000000000000000000000011000000000000000001100000000000000000000000000000000000000000000000000000000000000000000000000000000000000000000000000000000
00000000110000000000000000000000000000000000000000000000000000000000000000000000000000000000010000000000000000000000000000000000000000000000000000000000000000000000000000000000000000000000000000000000
00000000110000000000000000000000000000000000000000000000000000000000000000000000000000000000010000000000000000000000000000000000000000000000000000000000000000000000000000000000000000000000000000000000
00000000000000000000000000000000000000000000000000000000000000000000000000000000000000000001110000000000000000000000000000000000000000000000000000000000000000000000000000000000000000000000000000000000
00000000000000000000000000000000000000000000000000000000000000000000000000000000000000000001110000000000000000000000000000000000000000000000000000000000000000000000000000000000000000000000000000000000
00000000001111000000000000000000000000000001000000000000000000000000000000000000000000000000010000000000000000000000000000000000000000000000000000000000000000000000000000000000000000000000000000000001
00000000001100000000000000000000001100000001110000000000000000000000000000000000000000000000011100000000000000000000000000000000000000000000000000000000000000000000000000000000000000110000000000000001
00000000001100000000000000000000001100000001110000000000000000000000000000000000000000000000011100000000000000000000000000000000000000000000000000000000000000000000000000000000000000110000000000000001
00000111111111000000000000000000001111100000000000000000000000000000000000000000000000000000001100000000000000000000000000000000000000000000000000000000000000000000000000000000000000000000000000000001
00000111111111000000000000000000001111100000000000000000000000000000000000000000000000000000001100000000000000000000000000000000000000000000000000000000000000000000000000000000000000000000000000000001
00000111111111100000000011000001001111000111000000000000000000000000000000000000000000000000000000000000000000000000000000000000000000000000000000000000000000000000000000000000000000000000000000000110
00000111111111100000000011000001001111000111000000000000000000000000000000000000000000000000000000000000000000000000000000000000000000000000000000000000000000000000000000000000000000000000000000000110
00011001111111011000000011000001000000011111111100000000000000111000000000000000000000000000001100000000000000000000000000000000000000000000000000000000000000000000000000000000000000000110000100001110
00000001110000100000000000011111111111011111111111111111100011000000000000011000000000000000000000000000000000000000000000000000000000000000000000000000000000000000000000000000000011001001111000001110
00000001110000100000000000011111111111011111111111111111100011000000000000011000000000000000000000000000000000000000000000000000000000000000000000000000000000000000000000000000000011001001111000001110
00000000110011111110000000100000001111111111111111111110000000011000001100000000000000000000000000000000000000000000000000000000000000000000000000000000001100000001111100110110011100001111100000111001
00000000110011111110000000100000001111111111111111111110000000011000001100000000000000000000000000000000000000000000000000000000000000000000000000000000001100000001111100110110011100001111100000111001
00000000110000000000000000000000111100011111111111111111100000011001111100000000000000000000001100000000000000000000000000000000000000000000000000000000000011111110011111001111100111001111111000001000
00000000000000000000000000000000001111111111111111111110011100011110010011111000000000000000000000000000000000000000000000000000000000000000000000000000001111111111111111111111111111111111111100110111
00000000000000000000000000000000001111111111111111111110011100011110010011111000000000000000000000000000000000000000000000000000000000000000000000000000001111111111111111111111111111111111111100110111
00000000000000000000001100011000111111011111111111011001101111011111101111100110010000000000000000000110000000000000000000000000000000000000000000000000001111111001111111111111111111111111111100111001
00000000000000000000001100011000111111011111111111011001101111011111101111100110010000000000000000000110000000000000000000000000000000000000000000000000001111111001111111111111111111111111111100111001
00000000000000000000000011100001000011100111111111111111111111111111111111100110000000000000000000000110000000000000000000000000000000000000000000000000001100001111111111111111111011111111111011000110
00000000000000000000000011100001000011100111111111111111111111111111111111100110000000000000000000000110000000000000000000000000000000000000000000000000001100001111111111111111111011111111111011000110
00000000000000000000000000000001001111111111111111111111111111111111111111111110000000000000000000000000000000000000000000000000000000000000000000000000000000111111111111000001111000001110011000000110
00000000000000000000000000000001111111111111111111111111111111111111111111111000000000000000000000000000000000000000000000000000000000000000000000000000000000000000011111111110011100000000000000000000
00000000000000000000000000000001111111111111111111111111111111111111111111111000000000000000000000000000000000000000000000000000000000000000000000000000000000000000011111111110011100000000000000000000
00000000000000000000000000000001110011111111111111111111111111111111111111111110000000100000000000000000000000000000000000000000000000000000000000000000000000000111111111111000000000000000011000000000
00000000000000000000000000000001110011111111111111111111111111111111111111111110000000100000000000000000000000000000000000000000000000000000000000000000000000000111111111111000000000000000011000000000
00000000000000000000000000000001110000011111111111111111111111111111111111111111100000000000000000000000000000000000000000000000000000000001100011110000001111111110000111110110000000000000000000000000
00000000000000000000000000000001111111111111111111111111111111111111111111111000010000000001100000000000000000000000000000000000000000000000010011000110001111001000000111111110000000000000000000000000
00000000000000000000000000000001111111111111111111111111111111111111111111111000010000000001100000000000000000000000000000000000000000000000010011000110001111001000000111111110000000000000000000000000
00000000000000000000000011100001111100111111111111111111111111100111111111111001100000000110001100000000000000000000000000000000000000000000000000110000000000000110000011000000000000000000000000000000
00000000000000000000000011100001111100111111111111111111111111100111111111111001100000000110001100000000000000000000000000000000000000000000000000110000000000000110000011000000000000000000000000000000
00000000000000000000000000100000000011111111111111111111111111111000011100011001111111011111101100000000000000000000000000000000000000000000010000000000000000001000011000000000000000000000000000000000
00000000000000000000000000100000000011111111111111111111111111111000011100011001111111011111101100000000000000000000000000000000000000000000010000000000000000001000011000000000000000000000000000000000
00000000000000000000000000000001111111111111111111111001111111111111111111111111111111011111111100100000000000000000000000000000000000000000000000000000000000000000000000000000000000000000000000000000
00000000000000000000000000000000111111111111111111111001101111111111111111111111110011111111111111000000000000000000000000000000000000000000000000000000000000000000000000000000000000000000000000000000
00000000000000000000000000000000111111111111111111111001101111111111111111111111110011111111111111000000000000000000000000000000000000000000000000000000000000000000000000000000000000000000000000000000
00000000000000000000000000000000000011111111111111111001100000011111111111111111111111111111111111100000000000000000000000000000000000000000000000000000000000000000000000000000000000000000000000000000
00000000000000000000000000000000000011111111111111111001100000011111111111111111111111111111111111100000000000000000000000000000000000000000000000000000000000000000000000000000000000000000000000000000
00000000000000000000000000000000000000111111000011100110000000011111111111111111111111111111111111100110000000000000000000000000000000000000000000000000000000000000000000000000000000000000000000000000
00000000000000000000000000000000000000000001001111111110000011011111111111111111111111111111111111111110000000000000000000000000000000000000000000000000000000000000000000000000000000000000000000000000
00000000000000000000000000000000000000000001001111111110000011011111111111111111111111111111111111111110000000000000000000000000000000000000000000000000000000000000000000000000000000000000000000000000
00000000000000000000000000000000000000000110111111111111100000011111111111111111111111111111111100111111100000000000000000000000000000000000000000000000000000000000000000000000000000000000000000000000
00000000000000000000000000000000000000000110111111111111100000011111111111111111111111111111111100111111100000000000000000000000000000000000000000000000000000000000000000000000000000000000000000000000
00000000000000000000000000000000000000000000001111111111101111011111111111111110011111111111111111111111100000000000000000000000000000000000000000000000000000000000000000000000000000000000000000000000
00000000000000000000000000000000000000000000001111111111101111011111111111111110011111111111111111111111100000000000000000000000000000000000000000000000000000000000000000000000000000000000000000000000
00000000000000000000000000011000001111011000000011011110010011111111111111111001111111111111111111111111110000000000000000000000000000000000000000000000000000000000000000000000000000000000000000000000
00000000000000000000000011000110001100111110000000111110011111111111110011111110011111111001111111111111110000000000000000000000000000000000000000000000000000000000000000000000000000000000000000000000
00000000000000000000000011000110001100111110000000111110011111111111110011111110011111111001111111111111110000000000000000000000000000000000000000000000000000000000000000000000000000000000000000000000
00000001000011100000000000100111111111111111110000011110011111111111111111100111111111111001111111111111100000000000000000000000000000000000000000000000000000000000000000000000000000000000000000000000
00000001000011100000000000100111111111111111110000011110011111111111111111100111111111111001111111111111100000000000000000000000000000000000000000000000000000000000000000000000000000000000000000000000
00000000000000000111000011111111000011111111111100011111111111111111111111100111111111111111111111111111100000000000000000000000000000000000000000000000000000000000000000000000000000000000000000000000
00000000000000000111000011111111000011111111111100011111111111111111111111100111111111111111111111111111100000000000000000000000000000000000000000000000000000000000000000000000000000000000000000000000
00000001110000011111110000111111111100111110111100000111111111111111111111111111110011111111111111111111110000000000000000000000000000000000000000000000000000000000000000000000000000000000000000000000
11111001111111100110110011111111111111111111111111111111111111111111111111111001111111111111111111111001110000000000000000000000000000000000000000000000000000000000000000000000000000000000000000000000
11111001111111100110110011111111111111111111111111111111111111111111111111111001111111111111111111111001110000000000000000000000000000000000000000000000000000000000000000000000000000000000000000000000
00111001111100111111110000011111111111111111111111111111111111111111111111111110000011100111111111111001110000000000000000000000000000000000000000000000000000000000000000000000000000000000000000000000
00111001111100111111110000011111111111111111111111111111111111111111111111111110000011100111111111111001110000000000000000000000000000000000000000000000000000000000000000000000000000000000000000000000
00111111111100111001111100011111111111111111111111111111111111111111111111111000011100000111100000000000000000000000000000000000000000000000000000000000000000000000000000000000000000000000000000000000
00011111110011111110111111100111111111100111110011111111111111100000000000000000000000000000000000000000000000000000000000000000000000000000000000000000000000000000000000000000000000000000000000000000
00011111110011111110111111100111111111100111110011111111111111100000000000000000000000000000000000000000000000000000000000000000000000000000000000000000000000000000000000000000000000000000000000000000
00000111110000000000000000000001001111111111111111100111111111111000000000000000000000000000000000000000000000000000000000000000000000000000000000000000000000000000000000000000000000000000000000000000
00000111110000000000000000000001001111111111111111100111111111111000000000000000000000000000000000000000000000000000000000000000000000000000000000000000000000000000000000000000000000000000000000000000
00000110001100000000000000000000000011111111111111111111111111111110000000000000000000000000000000000000000000000000000000000000000000000000000000000000000000000000000000000000000000000000000000000000
00000110001100000000000000000000000011111111111111111111111111111110000000000000000000000000000000000000000000000000000000000000000000000000000000000000000000000000000000000000000000000000000000000000
11000000000000000000000000000000000011100111111111111111101100111000000000000000000000000000000000000000000000000000000000110000000000000000000000000000000000000000000000000000000000000000000000000000
00000000000000000000000000000000001100100001111111111111100000000000000000000000000000000000000000000000000000000000000000110111100000000000000000000000000000000000000000000000000000000000000000000000
00000000000000000000000000000000001100100001111111111111100000000000000000000000000000000000000000000000000000000000000000110111100000000000000000000000000000000000000000000000000000000000000000000000
00000000000000000000000000000000001111100111001111111000000000000000000000000000000000000000000000000000000000000000000011110000000000000000000000000000000000000000000000000000000000000000000000000000
00000000000000000000000000000000001111100111001111111000000000000000000000000000000000000000000000000000000000000000000011110000000000000000000000000000000000000000000000000000000000000000000000000000
00000000000000000000000000000000000011000111111111111000000000000000000000000000000000000000000000000000000000000001111100110000000000000000000000000000000000000000000000000000000000000000000000000000
00000000000000000000000011111000110000000111110000100000000000000000000000000000000000000000000000000000000000000110011100000000000000000000000000000000000000000000000000000000000000000000000000000000
00000000000000000000000011111000110000000111110000100000000000000000000000000000000000000000000000000000000000000110011100000000000000000000000000000000000000000000000000000000000000000000000000000000
00000000000000000000110011000000000000011111110011111000000000000000000000000000000000000000000000000000000011000000001100110110000011000000000000000000000000000000000000000000000000000000000000000000
00000000000000000000110011000000000000011111110011111000000000000000000000000000000000000000000000000000000011000000001100110110000011000000000000000000000000000000000000000000000000000000000000000000
00000000001100011111000000111000000000111111110011011000000000000000011111100111100000000000000000000000010011110111111100111001101100000000000000000000000000000000000000000000000000000000000000000000
00000000001100011111000000111000000000111111110011011000000000000000011111100111100000000000000000000000010011110111111100111001101100000000000000000000000000000000000000000000000000000000000000000000
00000000000000000110000000100000000011111111111111111110000000000000010011111111110000000000000000000001110000111000001100000001101100000000000000000000000000000000000000000000000000000000000000000000
00000000000000000000000000000000001111111111111111111110000000000000000011111111111100000000000000000110001100000000000011111111100000000000000000000000000000000000000000000000000000000000000000000000
00000000000000000000000000000000001111111111111111111110000000000000000011111111111100000000000000000110001100000000000011111111100000000000000000000000000000000000000000000000000000000000000000000000
00000000000000000000000000000000001111111111111111111110000000000000000011111111110000000000000000100000000000000000001100110000010000000000000000000000000000000000000000000000000000000000000000000000
00000000000000000000000000000000001111111111111111111110000000000000000011111111110000000000000000100000000000000000001100110000010000000000000000000000000000000000000000000000000000000000000000000000
00000000000000011000000000000001111111111111111111100000000000000000000000011111110000000110011100000000000000000000000011001000000000000000000000000000000000000000000000000000000000000000000000000000
00000111000011011000000000000000001111111111111111111000000000000000000000000111110000111111111111100000010000000000000011000000000000000000000000000000000000000000000000000000000000000000000000000000
00000111000011011000000000000000001111111111111111111000000000000000000000000111110000111111111111100000010000000000000011000000000000000000000000000000000000000000000000000000000000000000000000000000
00000000000011000000000000000000000000000001001111000000000000000000000000000111111111111111111100011001110000000000000000000000000000000000000000000000000000000000000000000000000000000000000000000000
00000000000011000000000000000000000000000001001111000000000000000000000000000111111111111111111100011001110000000000000000000000000000000000000000000000000000000000000000000000000000000000000000000000
00000000001100000000000000000000000000000001001100000000000000000000000000000111111111111111111111000000000000000001100000000000000000000000000000000000000000000000000000000000000000000000000000000000
00000000001100000000000000000000000000000001001100000000000000000000000000000111111111111111111111000000000000000001100000000000000000000000000000000000000000000000000000000000000000000000000000000000
00000000110000000000000000000000000000000111111100000000000000000000000000000111111111111111111100111110000011110000000000000000000000000000000000000000000000000000000000000000000000000000000000000000
00000000000000000000000000000000000000011110000000000000000000000000000000000001111111111111100000100000000011110000000000000000000000000000000000000000000000000000000000000000000000000000000000000000
00000000000000000000000000000000000000011110000000000000000000000000000000000001111111111111100000100000000011110000000000000000000000000000000000000000000000000000000000000000000000000000000000000000
00000000000000000110000000000000000000000001000000000000000000000000000000000001110011111001100000000111110000110000000000000000000000000000000000000000000000000000000000000000000000000000000000000000
00000000000000000110000000000000000000000001000000000000000000000000000000000001110011111001100000000111110000110000000000000000000000000000000000000000000000000000000000000000000000000000000000000000
00000000000000000111000000000000000000000000000000000000000000000000000000000000000011100000000000000110000000111000000000000000000000000000000000000000000000000000000000000000000000000000000000000000
00011000001100000000110000000000000000000000000000000000000000000000000000000000000000000000000000011000000000000000000000000000000000000000000000000000000000000000000000000000000000000000000000000000
00011000001100000000110000000000000000000000000000000000000000000000000000000000000000000000000000011000000000000000000000000000000000000000000000000000000000000000000000000000000000000000000000000000
00000001001100000001111100000000000000000000000000000000000000000000000000000000000000000000000000000000011100001000000000000000000000000000000000000000000000000000000000000000000000000000000000000000
00000001001100000001111100000000000000000000000000000000000000000000000000000000000000000000000000000000011100001000000000000000000000000000000000000000000000000000000000000000000000000000000000000000
11011110111100100000111111000000000000000000000000000000000000000000000000000000000000000000000000000000000000000000000000000000000000000000000000000000000000000000000000000000000000000000000000000000
11011110111100100000111111000000000000000000000000000000000000000000000000000000000000000000000000000000000000000000000000000000000000000000000000000000000000000000000000000000000000000000000000000000
11000111110011100111111111100000000000000000000000000000000000000000000000000000000000000000000000000000000000000000000000000000000000000000000000000000000000000000000000000000000000000000000000000000
00000111000000111110111100000000000000000000000000000000000000000000000000000000000000000000000000000000000000000000000000000000000000000000000000000000000000000000000000000000000000000000000000000000
00000111000000111110111100000000000000000000000000000000000000000000000000000000000000000000000000000000000000000000000000000000000000000000000000000000000000000000000000000000000000000000000000000000
11111111111111011111111111011000000000000000000000000000000000000000000000000000000000000000000000000000000000000000000000000000000000000000000000000000000000000000000000000000000000000000000000000000
11111111111111011111111111011000000000000000000000000000000000000000000000000000000000000000000000000000000000000000000000000000000000000000000000000000000000000000000000000000000000000000000000000000
11111111111111111110110011011000000000000000000000000000000000000000000000000000000000000000000000000000000000000000000000000000000000000000000000000000000000000000000000000000000000000000000000000000
11011111111111011001111111111000000000000000000000000000000000000000000000000000000000000000000000000000000000000000000000000000000000000000000000000000000000000000000000000000000000000000000000000000
11011111111111011001111111111000000000000000000000000000000000000000000000000000000000000000000000000000000000000000000000000000000000000000000000000000000000000000000000000000000000000000000000000000
11111111111100011111000011111110000000000000000000000000000000000000000000000000000000000000000000000000000000000000000000000000000000000000000000000000000000000000000000000000000000000000000000000000
11111111111100011111000011111110000000000000000000000000000000000000000000000000000000000000000000000000000000000000000000000000000000000000000000000000000000000000000000000000000000000000000000000000
11111110111111111000000000011110000000000000000000000000000000000000000000000000000000000000000000000000000000000000000000000000000000000000000000000000000000000000000000000000000000000000000000000000
11111110111111111000000000011110000000000000000000000000000000000000000000000000000000000000000000000000000000000000000000000000000000000000000000000000000000000000000000000000000000000000000000000000
11111111111111000110000000100000000000000000000000000000000000000000000000000000000000000000000000000000000000000000000000000000000000000000000000000000000000000000000000000000000000000000000000000000
11111111111111000000000000000110000000000000000000000000000000000000000000000000000000000000000000000000000000000000000000000000000000000000000000000000000000000000000000000000000000000000000000000000
11111111111111000000000000000110000000000000000000000000000000000000000000000000000000000000000000000000000000000000000000000000000000000000000000000000000000000000000000000000000000000000000000000000
11111111111100100000000000000000000000000000000000000000000000000000000000000000000000000000000000000000000000000000000000000000000000000000000000000000000000000000000000000000000000000000000000000000
11111111111100100000000000000000000000000000000000000000000000000000000000000000000000000000000000000000000000000000000000000000000000000000000000000000000000000000000000000000000000000000000000000000
11111111110011000000000000000000000000000000000000000000000000000000000000000000000000000000000000000000000000000000000000000000000000000000000000000000000000000000000000000000000000000000000000000000
11111111110011000000000000000000000000000000000000000000000000000000000000000000000000000000000000000000000000000000000000000000000000000000000000000000000000000000000000000000000000000000000000000000
11111111111100100000000000000000000000000000000000000000000000000000000000000000000000000000000000000000000000000000000000000000000000000000000000000000000000000000000000000000000000000000000000000000
11111110111100100110000000000000000000000000000000000000000000000000000000000000000000000000000000000000000000000000000000000000000000000000000000000000000000000000000000000000000000000000000000000000
11111110111100100110000000000000000000000000000000000000000000000000000000000000000000000000000000000000000000000000000000000000000000000000000000000000000000000000000000000000000000000000000000000000
11111001111111111000000000000000000000000000000000000000000000000000000000000000000000000000000000000000000000000000000000000000000000000000000000000000000000000000000000000000000000000000000000000000
11111001111111111000000000000000000000000000000000000000000000000000000000000000000000000000000000000000000000000000000000000000000000000000000000000000000000000000000000000000000000000000000000000000
11000111000000000000000000000000000000000000000000000000000000000000000000000000000000000000000000000000000000000000000000000000000000000000000000000000000000000000000000000000000000000000000000000000
11111110110011000000000000000000000000000000000000000000000000000000000000000000000000000000000000000000000000000000000000000000000000000000000000000000000000000000000000000000000000000000000000000000
11111110110011000000000000000000000000000000000000000000000000000000000000000000000000000000000000000000000000000000000000000000000000000000000000000000000000000000000000000000000000000000000000000000
11111110000000000000000000000000000000000000000000000000000000000000000000000000000000000000000000000000000000000000000000000000000000000000000000000000000000000000000000000000000000000000000000000000
11111110000000000000000000000000000000000000000000000000000000000000000000000000000000000000000000000000000000000000000000000000000000000000000000000000000000000000000000000000000000000000000000000000
11111111110000000000000000000000000000000000000000000000000000000000000000000000000000000000000000000000000000000000000000000000000000000000000000000000000000000000000000000000000000000000000000000000
11111111110000000000000000000000000000000000000000000000000000000000000000000000000000000000000000000000000000000000000000000000000000000000000000000000000000000000000000000000000000000000000000000000