00000000000000000000000000000000000000000000000000000000000000000000000000000000000000000000000000000000000000000000000000000000000000000000000000000000000000000000000000000000000000000000000000000000
00000000000000000000000000000000000000000000000000000000000000000000000000000000000000000000000000000000000000000000000000000000000000000000000000000000000000000000000000000000000000000000000000000000
00000000000000000000000000000000000000000000000000000000000000000000000000000000000000000000000000000000000000000000000000000000000000000000000000000000000000000000000000000000000000000000000000000000
00000000000000000000000000000000000000000000000000000000000000000000000000000000000000000000000000000000000000000000000000000000000000000000000000000000000000000000000000000000000000000000000000000000
00000000000000000000000000000000000000000000000000000000000000000000000000000000000000000000000000000000000000000000000000000000000000000000000000000000000000000000000000000000000000000000000000000000
00000000000000000000000000000000000000000000000000000000000000000000000000000000000000000000000000000000000000000000000000000000000000000000000000000000000000000000000000000000000000000000000000000000
00000000000000000000000000000000000000000000000000000000000000000000000000000000000000000000000000000000000000000000000000000000000000000000000000000000000000000000000000000000000000000000000000000000
00000000000000000000000000000000000000000000000000000000000000000000000000000000000000000000000000000000000000000000000000000000000000000000000000000000000000000000000000000000000000000000000000000000
00000000000000000000000000000000000000000000000000000000000000000000000000000000000000000000000000000000000000000000000000000000000000000000000000000000000000000000000000000000000000000000000000000000
00000000000000000000000000000000000000000000000000000000000000000000000000000000000000000000000000000000000000000000000000000000000000000000000000000000000000000000000000000000000000000000000000000000
00000000000000000000000000000000000000000000000000000000000000000000000000000000000000000000000000000000000000000000000000000000000000000000000000000000000000000000000000000000000000000000000000000000
00000000000000000000000000000000000000000000000000000000000000000000000000000000000000000000000000000000000000000000000000000000000000000000000000000000000000000000000000000000000000000000000000000000
00000000000000000000000000000000000000000000000000000000000000000000000000000000000000000000000000000000000000000000000000000000000000000000000000000000000000000000000000000000000000000000000000000000
00000000000000000000000000000000000000000000000000000000000000000000000000000000000000000000000000000000000000000000000000000000000000000000000000000000000000000000000000000000000000000000000000000000
00000000000000000000000000000000000000000000000000000000000000000000000000000000000000000000000000000000000000000000000000000000000000000000000000000000000000000000000000000000000000000000000000000000
00000000000000000000000000000000000000000000000000000000000000000000000000000000000000000000000000000000000000000000000000000000000000000000000000000000000000000000000000000000000000000000000000000000
00000000000000000000000000000000000000000000000000000000000000000000000000000000000000000000000000000000000000000000000000000000000000000000000000000000000000000000000000000000000000000000000000000000
00000000000000000000000000000000000000000000000000000000000000000000000000000000000000000000000000000000000000000000000000000000000000000000000000000000000000000000000000000000000000000000000000000000
00000000000000000000000000000000000000000000000000000000000000000000000000000000000000000000000000000000000000000000000000000000000000000000000000000000000000000000000000000000000000000000000000000000
00000000000000000000000000000000000000000000000000000000000000000000000000000000000000000000000000000000000000000000000000000000000000000000000000000000000000000000000000000000000000000000000000000000
00000000000000000000000000000000000000000000000000000000000000000000000000000000000000000000000000000000000000000000000000000000000000000000000000000000000000000000000000000000000000000000000000000000
00000000000000000000000000000000000000000000000000000000000000000000000000000000000000000000000000000000000000000000000000000000000000000000000000000000000000000000000000000000000000000000000000000000
00000000000000000000000000000000000000000000000000000000000000000000000000000000000000000000000000000000000000000000000000000000000000000000000000000000000000000000000000000000000000000000000000000000
00000000000000000000000000000000000000000000000000000000000000000000000000000000000000000000000000000000000000000000000000000000000000000000000000000000000000000000000000000000000000000000000000000000
00000000000000000000000000000000000000000000000000000000000000000000000000000000000000000000000000000000000000000000000000000000000000000000000000000000000000000000000000000000000000000000000000000000
00000000000000000000000000000000000000000000000000000000000000000000000000000000000000000000000000000000000000000000000000000000000000000000000000000000000000000000000000000000000000000000000000000000
00000000000000000000000000000000000000000000000000000000000000000000000000000000000000000000000000000000000000000000000000000000000000000000000000000000000000000000000000000000000000000000000000000000
00000000000000000000000000000000000000000000000000000000000000000000000000000000000000000000000000000000000000000000000000000000000000000000000000000000000000000000000000000000000000000000000000000000
00000000000000000000000000000000000000000000000000000000000000000000000000000000000000000000000000000000000000000000000000000000000000000000000000000000000000000000000000000000000000000000000000000000
00000000000000000000000000000000000000000000000000000000000000000000000000000000000000000000000000000000000000000000000000000000000000000000000000000000000000000000000000000000000000000000000000000000
00000000000000000000000000000000000000000000000000000000000000000000000000000000000000000000000000000000000000000000000000000000000000000000000000000000000000000000000000000000000000000000000000000000
00000000000000000000000000000000000000000000000000000000000000000000000000000000000000000000000000000000000000000000000000000000000000000000000000000000000000000000000000000000000000000000000000000000
00000000000000000000000000000000000000000000000000000000000000000000000000000000000000000000000000000000000000000000000000000000000000000000000000000000000000000000000000000000000000000000000000000000
00000000000000000000000000000000000000000000000000000000000000000000000000000000000000000000000000000000000000000000000000000000000000000000000000000000000000000000000000000000000000000000000000000000
00000000000000000000000000000000000000000000000000000000000000000000000000000000000000000000000000000000000000000000000000000000000000000000000000000000000000000000000000000000000000000000000000000000
00000000000000000000000000000000000000000000000000000000000000000000000000000000000000000000000000000000000000000000000000000000000000000000000000000000000000000000000000000000000000000000000000000000
00000000000000000000000000000000000000000000000000000000000000000000000000000000000000000000000000000000000000000000000000000000000000000000000000000000000000000000000000000000000000000000000000000000
00000000000000000000000000000000000000000000000000000000000000000000000000000000000000000000000000000000000000000000000000000000000000000000000000000000000000000000000000000000000000000000000000000000
00000000000000000000000000000000000000000000000000000000000000000000000000000000000000000000000000000000000000000000000000000000000000000000000000000000000000000000000000000000000000000000000000000000
00000000000000000000000000000000000000000000000000000000000000000000000000000000000000000000000000000000000000000000000000000000000000000000000000000000000000000000000000000000000000000000000000000000
00000000000000000000000000000000000000000000000000000000000000000000000000000000000000000000000000000000000000000000000000000000000000000000000000000000000000000000000000000000000000000000000000000000
00000000000000000000000000000000000000000000000000000000000000000000000000000000000000000000000000000000000000000000000000000000000000000000000000000000000000000000000000000000000000000000000000000000
00000000000000000000000000000000000000000000000000000000000000000000000000000000000000000000000000000000000000000000000000000000000000000000000000000000000000000000000000000000000000000000000000000000
00000000000000000000000000000000000000000000000000000000000000000000000000000000000000000000000000000000000000000000000000000000000000000000000000000000000000000000000000000000000000000000000000000000
00000000000000000000000000000000000000000000000000000000000000000000000000000000000000000000000000000000000000000000000000000000000000000000000000000000000000000000000000000000000000000000000000000000
00000000000000000000000000000000000000000000000000000000000000000000000000000000000000000000000000000000000000000000000000000000000000000000000000000000000000000000000000000000000000000000000000000000
00000000000000000000000000000000000000000000000000000000000000000000000000000000000000000000000000000000000000000000000000000000000000000000000000000000000000000000000000000000000000000000000000000000
00000000000000000000000000000000000000000000000000000000000000000000000000000000000000000000000000000000000000000000000000000000000000000000000000000000000000000000000000000000000000000000000000000000
00000000000000000000000000000000000000000000000000000000000000000000000000000000000000000000000000000000000000000000000000000000000000000000000000000000000000000000000000000000000000000000000000000000
00000000000000000000000000000000000000000000000000000000000000000000000000000000000000000000000000000000000000000000000000000000000000000000000000000000000000000000000000000000000000000000000000000000
00000000000000000000000000000000000000000000000000000000000000000000000000000000000000000000000000000000000000000000000000000000000000000000000000000000000000000000000000000000000000000000000000000000
00000000000000000000000000000000000000000000000000000000000000000000000000000000000000000000000000000000000000000000000000000000000000000000000000000000000000000000000000000000000000000000000000000000
00000000000000000000000000000000000000000000000000000000000000000000000000000000000000000000000000000000000000000000000000000000000000000000000000000000000000000000000000000000000000000000000000000000
00000000000000000000000000000000000000000000000000000000000000000000000000000000000000000000000000000000000000000000000000000000000000000000000000000000000000000000000000000000000000000000000000000000
00000000000000000000000000000000000000000000000000000000000000000000000000000000000000000000000000000000000000000000000000000000000000000000000000000000000000000000000000000000000000000000000000000000
00000000000000000000000000000000000000000000000000000000000000000000000000000000000000000000000000000000000000000000000000000000000000000000000000000000000000000000000000000000000000000000000000000000
00000000000000000000000000000000000000000000000000000000000000000000000000000000000000000000000000000000000000000000000000000000000000000000000000000000000000000000000000000000000000000000000000000000
00000000000000000000000000000000000000000000000000000000000000000000000000000000000000000000000000000000000000000000000000000000000000000000000000000000000000000000000000000000000000000000000000000000
00000000000000000000000000000000000000000000000000000000000000000000000000000000000000000000000000000000000000000000000000000000000000000000000000000000000000000000000000000000000000000000000000000000
00000000000000000000000000000000000000000000000000000000000000000000000000000000000000000000000000000000000000000000000000000000000000000000000000000000000000000000000000000000000000000000000000000000
00000000000000000000000000000000000000000000000000000000000000000000000000000000000000000000000000000000000000000000000000000000000000000000000000000000000000000000000000000000000000000000000000000000
00000000000000000000000000000000000000000000000000000000000000000000000000000000000000000000000000000000000000000000000000000000000000000000000000000000000000000000000000000000000000000000000000000000
00000000000000000000000000000000000000000000000000000000000000000000000000000000000000000000000000000000000000000000000000000000000000000000000000000000000000000000000000111111111111111111111101000000
00000000000000000000000000000000000000000000000000000000000000000000000000000000000000000000000000000000000000000000000000000000000000000000000000000000000001110000000011111111111111111111110011000000
00000000000000000000000000000000000000000000000000000000000000000000000000000000000000000000000000000000000000000000000000000000000000000000000000000000000001110000000011111111111111111111110011000000
00000000000000000000000000000000000000000000000000000000000000000000000000000000000000000000000000000000000000000000000000000000000000000000011110001000110111001100000011111111101111111101111101111110
00000000000000000000000000000000000000000000000000000000000000000000000000000000000000000000000000000000000000000000000000011111111111111111111111111111111111111100000111111111111111111111111111111111
00000000000000000000000000000000000000000000000000000000000000000000000000000000000000000000000000000000000000000001111102111100111111111111111111111111111111111111111111111111111111111111111111111111
00000000000000000000000000000000000000000000000000000000000000000000000000000000000000000000000000000000000000000001111102111100111111111111111111111111111111111111111111111111111111111111111111111111
00000000000000000000000000000000000000000000000000000000000000000000000000000000000000000000000000000000000111111111222222211222222111111111111111111111111111111111111111111111111111111101111111111111
00000000000000000000000000000000000000000000000000000000000000000000000000000000000000000000000000000001111111111112222222222222222211111111111111111111111111111111111111111111111111111110011111111111
00000000000000000000000000000000000000000000000000000000000000000000000000000000000000000000000000000001111111111112222222222222222211111111111111111111111111111111111111111111111111111110011111111111
00000000000000000000000000000000000000000000000000000000000000000000000000000000000000000000000001101100111111111112222222222222222211111111111111111111111111111100111122220111111111111110011111111111
00000000000000000000000000000000000000000000000000000000000000000000000000000000000000000001111111111110111111111111222222222222222201111111111111111111111111110222222222222220111111111111111111111122
00000000000000000000000000000000000000000000000000000000000000000000000000000000000000000001111111111110111111111111222222222222222201111111111111111111111111110222222222222220111111111111111111111122
00000000000000000000000000000000000000000000000000000000000000000000000000000000000011011111111111100000111111111111110222111222222111111111111111111111111111122222222222222220111111111111111111111110
00000000000000000000000000000000000000000000000000000000000000000000000000011111111111011111111111110000001111111111111111111111111111111111111111111111111111122222222222222211111111111111111111111122
00000000000000000000000000000000000000000000000000000000000000000000000000011111111111011111111111110000001111111111111111111111111111111111111111111111111111110022222022200111111111111111111111111110
00000000000000000000000000000000000000000000000000000000000000000000000111111111111111111111111111100000000111111111111111111111111111111111111111111111111111111122222122211111111111111111111111111110
00000000000000000000000000000000000000000000000000000000000000000000001111111111011111111111111100011100000111111111111111111111111111111111111111111111111111111122211111111111111111111111111111111111
00000000000000000000000000000000000000000000000000000000000000000000001111111111011111111111111100011100000111111111111111111111111111111111111111111111111111111111011111111111111111111111111111111111
00000000000000000000000000000000000000000000000000000000000000000000111111111111111111111111111100000000111111110111111111011111111111111111111111111111111111111111111111111111111111111111111111111111
00000000000000000000000000000000000000000000000000000000000001000000111111111111111111111111101100001100111110111111111111000011111111111111111111110001111111111111111111111111111111111111101101111111
00000000000000000000000000000000000000000000000000000000000000110001111111111111111111111111100001111100111111111001111000000111111111111111101100000110111111111111111111111111111111110010011100111111
00000000000000000000000000000000000000000000000000000000000000110001111111111111111111111111100001111100111111111001111000000111111111111111101100000110111111111111111111111111111111110010011100111111
00000000000000000000000000000000000000000000000000000000000000001110111111111111111111111111110000010000110001110111111000000100000111101101111100000000001111111111111111111000001110000000001101111111
00000000000000000000000000000000000000000000000000000000001111001111111111111111111111111111110000010011000110000001111000000000000000001100000000000000111111111111111111100000000000000000000000110110
00000000000000000000000000000000000000000000000000000000001111001111111111111111111111111111110000010011000110000001111000000000000000001100000000000000111111111111111111100000000000000000000000110110
00000000000000000000000000000000000000000000000000000001111111111111111220222111111111111111111110000010000000000000000000000000000000000000000000000000001111111111000000100000000000000000000000000001
00000000000000000000000000000000000000000000000000000010001111111112202222222221111111111111110000000000000000000000000000000000000000000000000000000000000000111100000000000000000000000000000000000000
00000000000000000000000000000000000000000000000000000010001111111122222222222221111111111111110000000000000000000000000000000000000000000000000000000000000000111100000000000000000000000000000000000000
00000000000000000000000000000000000000000000000000000001111111111122222222222220111111111111110000000000000000000000000000000000000000000000000000000000000000000000000000000000000000000000000000000000
00000000000000000000000000000000000000000000000000000000011111111122222222222221111111111111101100000000000000000000000000000000000000000000000000000000000000000000000000000000000000000000000000000000
00000000000000000000000000000000000000000000000000000000011111111112222222222011111111111111101100000000000000000000000000000000000000000000000000000000000000000000000000000000000000000000000000000000
00000000000000000000000000000000000000000000000000000011111111111112222222222111111111111111100000000000000000000000000000000000000000000000000000000000000000000000000000000000000000000000000000000000
00000000000000000000000000000000000000000000000001111111111111111112222222111111111111111111110000000000000000000000000000000000000000000000000000000000000000000000000000000000000000000000000000000000
00000000000000000000000000000000000000000000000001111111111111111111022222111111111111111110000000000000000000000000000000000000000000000000000000000000000000000000000000000000000000000000000000000000
00000000000000000000000000000000000000000000000001111111111111111111022222111111111111111110000000000000000000000000000000000000000000000000000000000000000000000000000000000000000000000000000000000000
00000000000000000000000000000000000000000000000011111111111111111111022221111111111011111110000000000000000000000000000000000000000000000000000000000000000000000000000000000000000000000000000000000000
00000000000000000000000000000000000000000000011111111111111111111111111111111111111011100000000000000000000000000000000000000000000000000000000000000000000000000000000000000000000000000000000000000000
00000000000000000000000000000000000000000000011111111111111111111111111111111111111011100000000000000000000000000000000000000000000000000000000000000000000000000000000000000000000000000000000000000000
00000000000000000000000000000000000000000000111111122222111111111111111111111111111000000000000000000000000000000000000000000000000000000000000000000000000000000000000000000000000000000000000000000000
00000000000000000000000000000000000000000011111111122222011111111111111111111111100000000000000000000000000000000000000000000000000000000000000000000000000000000000000000000000000000000000000000000000
00000000000000000000000000000000000000000011111122222222011111111111111111111111100000000000000000000000000000000000000000000000000000000000000000000000000000000000000000000000000000000000000000000000
00000000000000000000000000000000000000011111111122222222011111111111111111111111000000000000000000000000000000000000000000000000000000000000000000000000000000000000000000000000000000000000000000000000
00000000000000000000000000000000000011111111111122222222011111111111111111111111100000000000000000000000000000000000000000000000000000000000000000000000000000000000000000000000000000000000000000000000
00000000000000000000000000000000000011111111111122222222011111111111111111111111100000000000000000000000000000000000000000000000000000000000000000000000000000000000000000000000000000000000000000000000
00000000000000000000000000000000011111111111111122222222111111111111111111111111000000000000000000000000000000000000000000000000000000000000000000000000000000000000000000000000000000000000000000000000
00000000000000000000000000000011111111111111111111111111111111111111110111111000000000000000000000000000000000000000000000000000000000000000000000000000000000000000000000000000000000000000000000000000
00000000000000000000000000000011111111111111111111111111111111111111110111111000000000000000000000000000000000000000000000000000000000000000000000000000000000000000000000000000000000000000000000000000
00000000000000000000000001111111111111111111111111111111111111110111111111111100000000000000000000000000000000000000000000000000000000000000000000000000000000000000000000000000000000000000000000000000
00000000000000000000111111111111111111111111111111111111111111111111110001111000000000000000000000000000000000000000000000000000000000000000000000000000000000000000000000000000000000000000000000000000
00000000000000001111111111110111111111111111111111111111111111111111001110100000000000000000000000000000000000000000000000000000000000000000000000000000000000000000000000000000000000000000000000000000
00000000000000001111111111110111111111111111111111111111111111111111001110100000000000000000000000000000000000000000000000000000000000000000000000000000000000000000000000000000000000000000000000000000
00000000010000001111111111111011111111100011111111111111111111111111111000000000000000000000000000000000000000000000000000000000000000000000000000000000000000000000000000000000000000000000000000000000
10000000000000000000111111110011111111100000111111111111111111110110111000000000000000000000000000000000000000000000000000000000000000000000000000000000000000000000000000000000000000000000000000000000
10000000000000000000111111110011111111222222111111111111111111110110111000000000000000000000000000000000000000000000000000000000000000000000000000000000000000000000000000000000000000000000000000000000
11110010011101000001111111001111111100222222011111111110011110000000000000000000000000000000000000000000000000000000000000000000000000000000000000000000000000000000000000000000000000000000000000000000
11101111101110001001000110000111111102222222111111110000000000000000000000000000000000000000000000000000000000000000000000000000000000000000000000000000000000000000000000000000000000000000000000000000
11101111101110001001000110000111111222222222111111110000000000000000000000000000000000000000000000000000000000000000000000000000000000000000000000000000000000000000000000000000000000000000000000000000
00000001111111111001111111110111111222222222111111110000000000000000000000000000000000000000000000000000000000000000000000000000000000000000000000000000000000000000000000000000000000000000000000000000
00000011100000001111111111001111111222222220111111100000000000000000000000000000000100000000000000000000000000000000000000000000000000000000000000000000000000000000000000000000000000000000000000000000
00000011100000001111111111001111111102222222111111100000000000000000000000000000000100000000000000000000000000000000000000000000000000000000000000000000000000000000000000000000000000000000000000000000
00000000000000000111111111001111111102222222111111100000000000000000000000000000000000000000000000000000000000000000000000000000000000000000000000000000000000000000000000000000000000000000000000000000
00000000000000000001000000111111111102222221111111100000000000000000000000000000011011000000000000000000000000000000000000000000000000000000000000000000000000000000000000000000000000000000000000000000
00000000000000000001000000111111111102222221111111100000000000000000000000000000011011000000000000000000000000000000000000000000000000000000000000000000000000000000000000000000000000000000000000000000
00000000000000000000001111111111111112222221111111110000000000000000000000000000011000010000000000000000000000000000000000000000000000000000000000000000000000000000000000000000000000000000000000000000
00000000000000000000001111111111111111111111111111100000000000000000000000000000000000010000000000000000000000000000000000000000000000000000000000000000000000000000000000000000000000000000000000000000
00000000000000000000000000001111111111111111111111111100000000000000000000000000000000010000000000000000000000000000000000000000000000000000000000000000000000001100000000000000000000000000000000000000
00000000000000000000000000001111111111111111111111111100000000000000000000000000000000010000000000000000000000000000000000000000000000000000000000000000000000001100000000000000000000000000000000000000
00000000000000000000000000001100111111111111111111110000000000000000000000000000000000011100000000000000000000000000000000000000000000000000000000000110000000111000000000000000000000000000000000000000
00000000000000000000000000111111111111111111111111110010000000000000000000000000000000101110000000000001000000000000000000000000000000000000000000000000000000000000000000000000000000000000000000000000
00000000000000000000000000111111111111111111111111110010000000000000000000000000000000101110000000000001000000000000000000000000000000000000000000000000000000000000000000000000000000000000000000000000
00000000000000000000000000001100111111111111111111111110000000000000000000000000000000111110000000000000000000000000000000000000000000000000000000000000001111000100011100000000000000000000000000000000
00000000000000000000000000000011111111111111111111111100000000000000000000000000000011111110000001100001111111000001110000000000000000000000000000000000000111111111100000000000000000000000000000000000
00000000000000000000000000000011111111111111111111111100000000000000000000000000000011111110000001100001111111000001110000000000000000000000000000000000000111111111100000000000000000000000000000000000
00000000000000000000000000000100111111111111111111111100000000000000000000000000000111111111100000000001111111111111001000000000000000000000000000010110001111001111000000000000000000000000000000000000
00000000000000000000000000000011111111111111111111111100000000000000000000000000000111111111100001100011111111111111111111111000000000000000000001100110111111110100100000000000000001100000000000000000
00000000000000000000000000000011111111111111111111111100000000000000000000000000000111111111100001100011111111111111111111111000000000000000000001100110111111110100100000000000000001100000000000000000
00000000000000000000000000000000011111011111111101100000000000000000000000000000000111001101110000001110110111111111111100000000000000000000000000001000001111110100100000000000000000000010000000000000
00000000000000000000000000000000111111011111011111100000000000000000000000000000000100000000011100001110001111000111110100000000000000000000000000000001001111111111000000000000000000001100000000000000
00000000000000000000000000000000111111011111011111100000000000000000000000000000000100000000011100001110001111000111110100000000000000000000000000000001001111111111000000000000000000001100000000000000
00000000000000000000000000000000011000111111010010000000000000000000000000000000000000000000000000000000000111110110110000000000000000000000000000000000001111111011100000000000000000011100000000000000
00000000000000000000000000000000111111000100100000000000000000000000000000000000000000000000000000000000000000110000000000000000000000000000000000000000000000111000000000000000000001101101110000000000
00000000000000000000000000000000011111000000100000000000000000000110000000000000000000000000000000000000000001000000000000000000000000000000000000000000000001001100000000000000000001111111101110000110
00000000000000000000000000000000011111000000100000000000000000000110000000000000000000000000000000000000000001000000000000000000000000000000000000000000000001001100000000000000000001111111101110000110
00000000000000000000000000000000100111100000000000000000000000000001000000000000000000000000000000000000000110000000000000000000000000000000000000000000000000000000000000000000001111111111101110000000
00001100000000000000000000000111011111000000000000000000000000110111000000000000000000000000000000000000000000000000000000000000000000000000000000000000000000000000000000000000011111110011100000000000
00001100000000000000000000000111011111000000000000000000000000110111000000000000000000000000000000000000000000000000000000000000000000000000000000000000000000000000000000000000011111110011100000000000
00000000000000000000000000000011111100000000000000000000000001110111111110000000000000000000000000000000000000000000000000000000000000000000000000000000000000000000000000000000010011111111100000000000
00000000000000000000000000000011111100000000000000000011111001111111111110000000000000000000000000000000000000000000000000000000000000000000000000000000000000000000000000000000001111110000000000000000
00000000000000000000000000000011111100000000000000000011111001111111111110000000000000000000000000000000000000000000000000000000000000000000000000000000000000000000000000000000001111110000000000000000
00000000001100000000000000001011111100000000000000000000000001001111111000000000000000000000000000000000000000000000000000000000000000000000000000000000000000000000000000000000001111111100000000000000
00000000001111110000000000111011111100000000000000001111111001111111110000000000000000000000000000000000000000000000000000000000000000000000000000000000000000000000000000000000010001100000000000000000
00000000001111110000000000111011111100000000000000001111111001111111110000000000000000000000000000000000000000000000000000000000000000000000000000000000000000000000000000000000010001100000000000000000
10000010011111111000000000111111100100000000000000001111111111111111111000000000000000000000000000000000000000000000000000000000000000000000000000000000000000000000000000000000000000001100000000000000
11110000011111111000000111111100011100000111000000000010000111111111110000000000000000000000000000000000000000000000000000000000000000000000000000000000000000000000000000000000000001100000000000000000
11111111111111110110000111111111111111100111010000010000001000001000000000000000000000000000000000000000000000000000000000000000000000000000000000000000000000000000000000000000000000000000000000000000
11111111111111110110000111111111111111100111010000010000001000001000000000000000000000000000000000000000000000000000000000000000000000000000000000000000000000000000000000000000000000000000000000000000
11111101111110111111001111111111111111111111111100011110000000000000000000000000000000000000000000000000000000000000000000000000000000000000000000000000000000000000000000000000000000000000000000000000
11111110001110001110111111111111111111111111111110001110000000000001000000000000000000000000000000000000000000000000000000000000000000000000000000000000000000000000000000000000000000000000000000000000
11111110001110001110111111111111111111111111111110001110000000000001000000000000000000000000000000000000000000000000000000000000000000000000000000000000000000000000000000000000000000000000000000000000
11111111111101110111111111111111111111111011111110011100000000000111000000000000000000000000000000000000000000000000000000000000000000000000000000000000000000000000000000000000000000000000000000000000
11111110011111111111111111111111111111111111111111110000000000000000000000000000000000000000000000000000000000000000000000000000000000000000000000000000000000000000000000000000000000000000000000000000
11111110011111111111111111111111111111111111111111110000000000000000000000000000000000000000000000000000000000000000000000000000000000000000000000000000000000000000000000000000000000000000000000000000
11111111111111111111111111111111111111111111111111110000000000000000000000000000000000000000000000000000000000000000000000000000000000000000000000000000000000000000000000000000000000000000000000000000
11111111111111111111111111111111111111111011111110000000000000000000000000000000000000000000000000000000000000000000000000000000000000000000000000000000000000000000000000000000000000000000000000000000
11111111111111111111111111111111111111111011111110000000000000000000000000000000000000000000000000000000000000000000000000000000000000000000000000000000000000000000000000000000000000000000000000000000
11111111111111111111111111111111111111111111111111111100000000000000000000000000000000000000000000000000000000000000000000000000000000000000000000000000000000000000000000000000000000000000000000000000
11111111111111111111111111111111111111011111111111110000000000000000000000000000000000000000000000000000000000000000000000000000000000000000000000000000000000000000000000000000000000000000000000000000
11111111111111111111111111121111111111011111111111110000000000000000000000000000000000000000000000000000000000000000000000000000000000000000000000000000000000000000000000000000000000000000000000000000
11111111111111111111112222222211111111111111111101111110000000000000000111011000000000000000000000000000000000000000000000000000000000000000000000000000000000000000000000000000000000000000000000000000
11111111111111111111112222222211111100111111111111111110000000000000001111111000000000000000000000000000000000000000000000000000000000000000000000000000000000000000000000000000000000000000000000000000
11111111111111111111112222220111111111111111111111111110000000000111111111111111000000000000000000000000000000000000000000000000000000000000000000000000000000000000000000011000000000000000000000000000
11111111111111111111111122222211111111111111111111111110000000000111111111111111000000000000000000000000000000000000000000000000000000000000000000000000000000000000000000011000000000000000000000000000
11111111111111111111111122222211111111100111111111111110000000000001111111111111111000000000000000000000000000000000000000000000000000000000000000000000000000000000000100011100100000000000000000000000
11111111111111111111111112222211111111000111111111111110000001111001111111111111000000000000000000000000000000000000000000000000000000000000000000000000000000000000000011111011001100000000000000000000
11111111111111111111111112222211111111000111111111111110000001111001111111111111000000000000000000000000000000000000000000000000000000000000000000000000000000000000000011111011001100000000000000000000
11111111111111111111111112222211111111111111110011111110000001110111111111100011011000000000000000000000000000000000000000000000000000000000000000000000000000001111111100111100110000000000000000000000
11111111111111111111111112222211111111111011010000011110000000000110001111111100000000000000000000000000000000000000000000000000000000000000000000000000000000000000111111111111111110000000000000000000
11111111111111111111111112222211111111111011010000011110000000000110001111111100000000000000000000000000000000000000000000000000000000000000000000000000000000000000111111111111111110000000000000000000
11111111111111111111111111000111111111111011010000000000000000111001111111111000000000000000000000000000000000000000000000000000000000000000000000000000000000000000011111111111111111100000000000000000
11111111111111111111111111111111111111111000100000000001100000000001111111111000000000000000000000000000000000000000000000000000000000000000000000000000000000000111111111111111100000000000000000000000
11111111111111111111111121111111111111111000100000000001100000000001111111111000000000000000000000000000000000000000000000000000000000000000000000000000000000000111111111111111100000000000000000000000
11111111111111111111112222222211111111111000000000000000011000000000111111000000000000000000000000000000000000000000000000000000000000000000000000000000000000001111111011111111000000000000000000000000
11111111111111111111112222222211111111111000010000000000001000000001110111000000000000000000000000000000000000000000000000000000000000000000000000000000000000000000000111011111100000000000000000000000
11111111111111111111121022222211111111111000010000000000001000000001110111000000000000000000000000000000000000000000000000000000000000000000000000000000000000000000000111011111100000000000000000000000
11111111111111222222220022200111111111111011100000000000000000000001111000000000000000000000000000000000000000000000000000000000000000000000000000000000000000000000000000000111000000000000000000000000
11111111111110222222220122211111111100100011110000000000000001000110110000000000000000000000000000000000000000000000000000000000000000000000000000000000000000000000000000000000000000000000000000000000
11111111111122222222220111111111100111000111111100000000000111110111110000000000000000000000000000000000000000000000000000000000000000000000000000000000000000000000000000000000000000000000000000000000
11111111111222222222222211111111100111000111111100000000000111110111110000000000000000000000000000000000000000000000000000000000000000000000000000000000000000000000000000000000000000000000000000000000
11111111110222222222201111111111011011000111111111100000001001110000000000000000000000000000000000000000000000000000000000000000000000000000000000000000000000000000000000000000000000000000000000000000
10011111110222222222201111111111111100000000111111100000000111110110000001000000000000000000000000000000000000000000000000000000000000000000000000000000000000000000000000000000000000000000000000000000
12221111110222222222221111111111111100000000111111100000000111110110000001000000000000000000000000000000000000000000000000000000000000000000000000000000000000000000000000000000000000000000000000000000
02221221222222222222221111111111111000100111110011111100010111001110000000100000000000000000000000000000000000000000000000000000000000000000000000000000000000000000000000000000000000000000000000000000
02220220222222222222221111111111111111011011110011100000011001111111000110000000000000000000000000000000000000000000000000000000000000000000000000000000000000000000000000000000000000000000000000000000
22222222222222222222201111111111111111011011110011100000011001111111000110000000000000000000000000000000000000000000000000000000000000000000000000000000000000000000000000000000000000000000000000000000
22222222222222222222201111122211111111111111111111110001111111111110111111000000000000000000000000000010001111001110000000000000000000000000000000000000000000000000000000000000000000000000000000000000
22222222222222222222201111022211111111111111111101110001111111111111111110000000000000000000000010011101111111111000000000000000000000000000000000000000000000000000000000000000000000000000000000000000
12222222222222222222201112222221111111111111111101110001111111111111111110000000000000000000000010011101111111111000000000000000000000000000000000000000000000000000000000000000000000000000000000000000