00000000000000000000000111111111111000000000001110000000000000000000000000000000000000000000000000000000000000000000000000000000000000000000000000000000000000000000000000000000000000000000000001111111
00000000000000000000000111111111111000000000001110000000000000000000000000000000000000000000000000000000000000000000000000000000000000000000000000000000000000000000000000000000000000000000000001111111
00000000000000000000001111111111111100000000011110000000000000000000000000000000000000000000000000000000000000000000000000000000000000000000000000000000000000000000000000000000000000000000000001111111
00000000000000000000000110110111111000000000001110000000000000000000000000000000000000000000000000000000000000000000000000000000000000000000000000000000000000000000000000000000000000000000000000111110
00000000000000000000000110110111111000000000001110000000000000000000000000000000000000000000000000000000000000000000000000000000000000000000000000000000000000000000000000000000000000000000000000111110
00000000000000000000000000000000100000000000001110000000000000000000000000000000000000000000000000000000000000000000000000000000000000000000000000000000000000000000000000000000000000000000000000000001
00000000000000000000000111001000011000000000000011100000000000000000000000000000000000000000000000000000000000000000000000000000000000000000000000000000000000000000000000000000000000000000010000000000
00000000000000000000000111001000011000000000000011100000000000000000000000000000000000000000000000000000000000000000000000000000000000000000000000000000000000000000000000000000000000000000010000000000
00000000000000000000000001000100000100000000001101110000000000000000000000000000000000000000000000000000000000000000000000000000000000000000000000000000000000000000000000000000000000000000000000001110
00000000000000000000000000000111111000000000110000001100000000000000000000000000000000000000000000000000000000000000000000000000000000000000000000000000000000000000000000000000000000000000001100000000
00000000000000000000000000000000111000000000000000011100000000000000000000000000000000000000000000000000000000000000000000000000000000000000000000000000000000000000000000000100000000000000000000001110
00000000000000000000000000000000111000000000000000011100000000000000000000000000000000000000000000000000000000000000000000000000000000000000000000000000000000000000000000000100000000000000000000001110
00000000000000000000000000000000000000100000000000010000000000000000000000000000000000000000000000000000000000000000000000000000000000000000000000000000000000000000000000000000000000000000000000001000
00000000000000000000000000000000000000011100100000000010011000000000000000000000000000000000000000000000000000000000000000000000000000000000000000000000000000000000000000000000000000000000000000000000
00000000000000000000000000000000000000011100100000000010011000000000000000000000000000000000000000000000000000000000000000000000000000000000000000000000000000000000000000000000000000000000000000000000
00000000000000000000000000000000000000000000000000001110000000000000000000000000000000000000000000000000000000000000110000111100000000000000000000000000000000000000000000000000000000000000000000000000
00000000000000000000000000000000011000000000000000000001111110000000000000000000000000000000000000000010000000000000110000000111100000000000000000000000000000000000000000000000000000000000000000000110
00000000000000000000000000000000011000000000000000000001111110000000000000000000000000000000000000000010000000000000110000000111100000000000000000000000000000000000000000000000000000000000000000000110
00000000000000000000110000000000100000000000000000000010011111001000000000000000000000000000000001100000000000000000000000111100100100000000000000000000000000000000000000000000000000000000000000000000
00000000000000000000000000000000000000000000000000000001110111000000000000000000000000000000001100000000000000000000000000011111111110000000000000000000000000000000000000000000000000000001111100000000
00000000000000000000000000000000000000000000000000000001110111000000000000000000000000000000001100000000000000000000000000011111111110000000000000000000000000000000000000000000000000000001111100000000
00000000000000000000001000000000000000000000000000000011101110000000000000000000000000000000010001111100001000000000000000000011111110000000000000000000000000000000000000000000000000001111111111000110
00000000000000000000000000000000000000000000000000001111101110110000000000000000000000000000000000000010000000110001000000000000111111110000000000000000000000000000000000000000000000000001111111000110
00000000000000000000000000000000000000000000000000001111101110110000000000000000000000000000000000000010000000110001000000000000111111110000000000000000000000000000000000000000000000000001111111000110
00000000000000000000000000000000100000000000000001101110011111001000000000000000000000000000000001101111000000110000000000000011000111110000000000000000000000000000000000000000000000001111111111000111
00000000000000000000000111110000000000000000001100001111111110000110000001111100000000000000000000011110000000111000001000000000100011100011100000000000000000000000000000000000000000000001101111000000
00000000000000000000000001000000000000000000000001110001111110001111000111100100000000000000000000001110110001000110110100100000000011111110010000000000000000000000000000000000000000000000010010110000
00000000000000000000000001000000000000000000000001110001111110001111000111100100000000000000000000001110110001000110110100100000000011111110010000000000000000000000000000000000000000000000010010110000
00000000000000000000000000000000000000000000111111111111100000000111110110011100000000000000000000010000000000001000111100000011000001111110010000000000000000000000000000000000000000000011111110000111
00000000000000000000000000000000000000000000001111100000000001000000111111011100000000000000010001100000000000111000001000000111100011110001100000000000000000000000000000000000000000001111111110001001
00000000000000000000000000000000000000000000001111100000000001000000111111011100000000000000010001100000000000111000001000000111100011110001100000000000000000000000000000000000000000001111111110001001
00000000000000000000000000000000000000000000001111101100010001000001111110111100000000000000000001111110110000000001111000011111100010010010000000000000000000000000000000000000000001100011111111110111
00000000000000000000000000000000000000000000000011100000001000001000111111111100000000000000000001111110110000111000000000011011011001101110000011100000000000000000000000000000000010011111111111111111
00000000000000000000000000000000000000000000000011100000001000001000111111111100000000000000000001111110110000111000000000011011011001101110000011100000000000000000000000000000000010011111111111111111
00000000000000000000000000000000000100011000000000001110001001111000110111111100000000000000000010000010000000110000000100000011111101110010001111110000000000000000000000000000000000011111111111111111
00000000000000000000000000000000000000011000001100000000001000111111110111100111000100000011100001110011000110000000000000000000000000010001111110000000000000000000000000000000000000001111111111001001
00000000000000000000000000000000000000011000001100000000001000111111110111100111000100000011100001110011000110000000000000000000000000010001111110000000000000000000000000000000000000001111111111001001
00000000000000000000000000000000000000000000000000000000011000000000000111000100000000001101100000010001000111000000000000000000000000000000000000010000000000000000000000000000000000000000001111110111
00000000000000000000000000000000000000100000000000000000000110000001110110011100100000000000000001101111000001000000111100011000000000000000000000000000000000000000000000000000000000000000001111110000
00000000000000000000000000000100100000000000000000000000000110110001000000111011100000000011100001110011111000001111000100000000000000000000000000000000000000000000000000000000000000000000000000111110
00000000000000000000000000000100100000000000000000000000000110110001000000111011100000000011100001110011111000001111000100000000000000000000000000000000000000000000000000000000000000000000000000111110
00000000000000000000000000000100000000000000000000000000000000000001001001100000111000000000010001101110110000000110000000000100000000000000000000000000000000000000000000000000000000000000000000000000
00000000000000000000000000000011100000000000000000000000000000000110111000000011100100000001111110000000110000001110001011000100000000000000000001100000000000000000000000000000000000000000000000000110
00000000000000000000000000000011100000000000000000000000000000000110111000000011100100000001111110000000110000001110001011000100000000000000000001100000000000000000000000000000000000000000000000000110
00000000000000000000000000000000000000000000000000000001100000000110110000000011111000000011111110000000001000110110000000000000011100000000000000000000000000000000000000000000000000000000000000000000
00000000000000000000000000000000000000000000000000000000000000000110000000000000111011100000000000000000000111110000000000000000000000000000000000000000110000000011000000000000000000000000000000000000
00000000000000000000000000000000000000000000000000000000000000000110000000000000111011100000000000000000000111110000000000000000000000000000000000000000110000000011000000000000000000000000000000000000
00000000000000000000000000000000000000000000000000000000000000000001001000000000000111110000000000000000000000000000000000000000000001100000000001100000000000000000000000000000000000000000000000000000
00000000000000000000000000000000000000000000000000000000000000000000000000000000000100111111100000000000000000000000000000000000000001100001111101110000000000000000000000000000000000000000000000000000
00000000000000000000000000000000000000000000000000000000000000000000000000000000000100111111100000000000000000000000000000000000000001100001111101110000000000000000000000000000000000000000000000000000
00000000000000000000000000000000000000000000000000000000000000000000000000000000000000001100000000000000000000000000000000000000000000000011111111110000000000000011000000000000000000000000000000000000
00000000000000000000000000000000000000000000000000000000000000000000000000000000100000000000000000000000000000000000000000000000000000011111111111110000000000110000100000000000110000000000000000000000
00000000000000000000000000000000000000000000000000000000000000000000000000000000100000000000000000000000000000000000000000000000000000011111111111110000000000110000100000000000110000000000000000000000
00000000000000000000000000000000000000000000000000000000000000000000110111100000000000010000000000000000000000000000000011000000000010011100011100000000000000001111000000000000111100000000000000000000
00000000000000000000000000000000000000000000000000000000000000000000001000011000100000011100000000000000000000000000000000000111000010000000011111110000000110111000100000000011111100000000000000000000
00000000000000000000000000000000000000000000000000000000000000000000000001000000000111001100000000000000000000000000000000000100000000010001110000000000000000000000011000000000111110010000000000000000
00000000000000000000000000000000000000000000000000000000000000000000000001000000000111001100000000000000000000000000000000000100000000010001110000000000000000000000011000000000111110010000000000000000
00000000000000000000000000000000000000000000000000000000000000000001110000000000000000100000000000000000000000000000000000000000000000001100000010000000000000000111111011000000010011111100000000000000
00000000000000000000000000000000000000000000000000000000000000000000000000000000000000000000000000000000000000000000000000000000000000000000010000000110111000001000111000011000000000000000000010000001
00000000000000000000000000000000000000000000000000000000000000000000000000000000000000000000000000000000000000000000000000000000000000000000010000000110111000001000111000011000000000000000000010000001
00000000000000000000000000000000000000000000000000000000000000000000000000000100000011000000000000000000000000000000000000000000000000000000000000000000110000000100011000011100000000000000011110000001
00000000000000000000000000000000000000000000000000000000000000000000000000111100000000000010000000000000000000000000000000000000000000000001111110001000000001000100000011111111111111110000001111111111
00000000000000000000000000000000000000000000000000000000000000000000000000111100000000000010000000000000000000000000000000000000000000000001111110001000000001000100000011111111111111110000001111111111
00000000000000000000000000000000000000000000000000000000000000000000000000000000000000000010000000000000000000000000000000000000000000000000010001100001000000000000000111111111111111100000001111111111
00000000000000000000000000000000000000000000000000000000000000000000000000011100000000000010000000000000000000000000000000000000000000000000000000000000000000000111111111111111111111110001111111111111
00000000000000000000000000000000000000000000000000000000000000000000000000011100000000000010000000000000000000000000000000000000000000000000000000000000000000000111111111111111111111110001111111111111
00000000000000000000000000000000000000000000000000000000000000000000000000111000000000010000000000000000000000000000000000000000000000000000010000000000000000000000111111111111111101100011111110111111
00000000000000000000000000000000000000000000000000000000000000000000000000000000011100010000000000000000000000000000000000100000000000000000000000000000111000000011100011111111110001100011111111001111
00000000000000000000000000000000000000000000000000000000000000000000000000000000011100010000000000000000000000000000000000100000000000000000000000000000111000000011100011111111110001100011111111001111
00000000000000000000000000000000000000000000000000000000000000000000000000000000011100000000000000000000000000000000000111100000000000011100000000000000000001000111011111111111110000011110011101001111
00000000000000000000000000000000000000000000000000000000000000000000000110000000011000000000000000000000000000000000000011100000000000000000000000000000000110000011100111111111101101101100010000111111
00000000000000000000000000000000000000000000000000000000000000000000000000111111111100000000000000000000000000000000000000000000000000000000000000000000000000111011011111111111000011100011100001111111
00000000000000000000000000000000000000000000000000000000000000000000000000111111111100000000000000000000000000000000000000000000000000000000000000000000000000111011011111111111000011100011100001111111
00000000000000000000000000000000000000000000000000000000000000000000000000000000111100000011100000000000000000000000000000000000000000000000000000000000000000110111000100111111010000010000000001111001
00000000000000000000000000000000000000000000000000000000000000000000000000000000000000000010000000000000000000000000000000000000000000000000000000000000000000000000000000111011100000001100000001111110
00000000000000000000000000000000000000000000000000000000000000000000000000000000000000000010000000000000000000000000000000000000000000000000000000000000000000000000000000111011100000001100000001111110
00000000000000000000000000000000000000000000000000000000000000000000000000000000000000000000000000000000000000000000001111100000111000010000000000000000000000000100000000111111100000000000000001000110
00001100000000000000000000000000000000000000000000000000000000000000000000000000000000000000000000000001000000000000001111000000011000000000000000000000000000000111100111100000000001100000000000000110
00001100000000000000000000000000000000000000000000000000000000000000000000000000000000000000000000000001000000000000001111000000011000000000000000000000000000000111100111100000000001100000000000000110
00000011100000000000000000000000000000000000000000000000000000000000000000000000000000000000000000000001000000000000111111111100100011111110000000000000000000000000000011100000000000000011101111001000
00000010000000000000000000000000000000000000000000000000000000000000000000000000000000000000000000000010110000000001111100011000100110011100000000000000111000000000000100000000000000000000000000110000
00000010000000000000000000000000000000000000000000000000000000000000000000000000000000000000000000000010110000000001111100011000100110011100000000000000111000000000000100000000000000000000000000110000
00000000010000000000000000000000000000000000000000000000000000000000000000000000000000000000000000000000000000000001111111100111100000000000000000000110110000001000011111000000000000000000000001000000
00000000000000000000000000000000000000000000000000000000000000000000000000000000000000000000000010000010000000000001111011100111100100010000000000000001110000001011111111111000000000001101100000000000
00000000010000000000000000000000000000000000000000000000000000000000000000000000000000010000000001101100000000000001110100011111100001111100000000000000110000000011011111011000000000000000001110000000
00000000010000000000000000000000000000000000000000000000000000000000000000000000000000010000000001101100000000000001110100011111100001111100000000000000110000000011011111011000000000000000001110000000
00000011100000000000000000000000000000000000000000000000000000000000000000000000000000000000000000010000000000000000111100111111100100010000000000000000110000000111011111000000000000000000000000000000
00000000000000000000000000000000000000000000000000000000000000000000000000000000000000000000000000010000000000000000111000111111111100000000000000000000000000000000100000000000000000000000000000000000
00000000000000000000000000000000000000000000000000000000000000000000000000000000000000000000000000010000000000000000111000111111111100000000000000000000000000000000100000000000000000000000000000000000
10001100010010000000000000000000000000000000000000000000000000000000000000000000000000000000000000000000000000000000111000011011111100010000000000000000000000000000011000000000000000000000000000000000
11110001101100000000000000000000000000000000000000000000000000000000000000000000000000000000000000000000000000000000000000000100111101111100000000000000000000000000000000100000000000000000000000000000
11110001101100000000000000000000000000000000000000000000000000000000000000000000000000000000000000000000000000000000000000000100111101111100000000000000000000000000000000100000000000000000000000000000
10011111101100000000000000000000000000000000000000000000000000000000000000000000000000000000000000000000000000000000000000011111111110000011100000000000000000000000000000011000000000000000000000000000
11110001100011000000000000000000000000000000000000000000000000000000000000000000000000000000000000000000000000000000000000000000100110000001110000000000000000000000000011000000000000000000000000000000
11110001100011000000000000000000000000000000000000000000000000000000000000000000000000000000000000000000000000000000000000000000100110000001110000000000000000000000000011000000000000000000000000000000
11111101100000001000000000001011000000000000000000000000000000000000000000000000000000000000000000000000000000000000000000000000100010000000001100000000000110000000000000000000000000000000000000000000
11111111111100111111000000000011000000000000000000000000000000000000000000000000000000000000000000001100000000000000000000000111100011100000001100000000001110000000000000000000000000000000000000000000
11111111111100111111000000000011000000000000000000000000000000000000000000000000000000000000000000001100000000000000000000000111100011100000001100000000001110000000000000000000000000000000000000000000
11111111111100000110000000000000000100000000000000000000000000000000000000000000000000000000000000001100000000000000000000000011100000010000000010000000001000000000000000000000000000000000000000000000
11111111111100000000000000000000000111000000000000000000000000000000000000000000000000000000000000000000000000000000000000000000000001100000000000000000000000000000000000000000000000000000000000000000
11111111111111000000000000000000000011100000000000000000000000000000000000000000000000000000000000000000000000000000000000000000000000000010010000000000000000000000000000000000000000000000000000000000
11111111111111000000000000000000000011100000000000000000000000000000000000000000000000000000000000000000000000000000000000000000000000000010010000000000000000000000000000000000000000000000000000000000
11111111111111111000000000000000111011000000010000000000000000000000000000000000000000000000000000000000000000000000000000000000000000010000001100000000000000000000000000000000000000000000000000000000
11111111110001111000000000000000100100000111000000000000000000000000000000000000000000000000000000000000000000000000000000000000000000000000001110000000000000000000000000000000000000000000000000000000
11111111110001111000000000000000100100000111000000000000000000000000000000000000000000000000000000000000000000000000000000000000000000000000001110000000000000000000000000000000000000000000000000000000
11111111110011111000111110000000000000000000000000000000000000000000000000000000000000000000000000000000000000000000000000000000000000000000001111100000000000000011000000000000000000000000000000000000
11110011110001110001111111000000000111100111000000000000000000000000000000000000000000000000000000000000000000000000000000000000000000000000001101100000000000000000000000000000000000000000000000000000
11110011110001110001111111000000000111100111000000000000000000000000000000000000000000000000000000000000000000000000000000000000000000000000001101100000000000000000000000000000000000000000000000000000
10001101110000001111111110000000000011011000000000000000000000000000000000000000000000000000000000000000000000000000000000000000011000001101101100000000001000000000000000000000000000000000000000000000
01111101100011110111111111000000000011011000000000000000000000000000000000000000000000000000000000000000000000000000000000000000000000011111111100000000000000000000000000000000000000000000000000000000
01111101100011110111111111000000000011011000000000000000000000000000000000000000000000000000000000000000000000000000000000000000000000011111111100000000000000000000000000000000000000000000000000000000
10000010000001111111111111001000000000000000000000000000000000000000000000000000000000000000000000000000000000000000000000000000000000010011100011110000000000000011000000000000000000000000000000000000
00000000000000001111111111001100000000000000010000000000000000000000000000000000000000000000000000000000000000000000000000000000000001100000000001110000000000000000100000000000000000000000000000000000
00000000000000001111111111001100000000000000010000000000000000000000000000000000000000000000000000000000000000000000000000000000000001100000000001110000000000000000100000000000000000000000000000000000
00000000000000001111111111000000111011000000110000000000000000000000000000000000000000000000000000000000000000000000000000000000000011111100000001110001000000000000100000000000000000000000000000000000
00000000000000001001111111001111100011100000000000000001100000000000000000000000000000000000000000000000000000000000000000000000000000000010000000000001000000000000100000000000000000000000000000000000
00000000000001111001111111111111111111000000000010000000000111000000110000000000000000000000000000000000000000000000000000000000000001110000000000000000110000110000000000000000000000000000000000000000
00000000000001111001111111111111111111000000000010000000000111000000110000000000000000000000000000000000000000000000000000000000000001110000000000000000110000110000000000000000000000000000000000000000
00000000001100000000111111111111111111100000000011110000000001110000000000000000000000000000000000000000000000000000000000000000000000011101111100000000110000000000000000000011000000000000000000000000
00000000000011111111111111111011111111100000010010011110000000001000110000000000000000000000000000000000000000000000000000000000000011100000011111100000000000000011100111111000000000000000000000000000
00000000000011111111111111111011111111100000010010011110000000001000110000000000000000000000000000000000000000000000000000000000000011100000011111100000000000000011100111111000000000000000000000000000
00000000011110001000110110111111111111111111101110000011110000000110000000000000000000000000000000000000000000000000000000000000000001110000001110011000001001111011000000000000000000000000000000000000
00000000000000000110001111111111100111111111101111110011100001110110110110000000000000000000000000000000000000000000000000000000000110011110000011111001111111000100000100000000000000000000000000000000
00000000000000000110001111111111100111111111101111110011100001110110110110000000000000000000000000000000000000000000000000000000000110011110000011111001111111000100000100000000000000000000000000000000
00000000000001000001000001111111111111111100101110000000000000000110000000100000000000000000000000000000000000000000000000000000011001111110010001110111111111001000100100000000000000000000000000000000
00000000000000110000000111111111111011111011010011110000000000111111000000000000000000000000000000000000000000000000000000000000100000001100001111111111111000001000000000000000000000000000000000000000
00000000000000110000000111111111111011111011010011110000000000111111000000000000000000000000000000000000000000000000000000000000100000001100001111111111111000001000000000000000000000000000000000000000
00000000000001110001000110110111111100111000000000010000000000001110000000000000000011000000000000000000000000000000000000000011100000011111100001101111111001000000000011000000000000000000000000000000
00000000000000000110000001111011000000011000000000010000000111111110000000000000000000000000000000000000000000000000000000000011100000000001101111101111111001000000000000000000000000000000000000000000
00000000000000000110000001111011000000011000000000010000000111111110000000000000000000000000000000000000000000000000000000000011100000000001101111101111111001000000000000000000000000000000000000000000
00000000000000001000000000000000000100111000000011111100000001111111110001000000000000000000000000000000000000000000000000000111000000010001100011100111110001000000000000000000000000000000000000000000
00000000000000001001000000000000011000100000001101110000000111111111110000000000000000000000000000000000000000000000000100000011000000010010000011110000111000000000000000000000000000000000000000000000
00000000000001000000000000000011000111000000011101111110000111111111111000000000000000000000000000000000000000000000001000000111000000000000001111111110110000000000000000000000000000000000000000000000
00000000000001000000000000000011000111000000011101111110000111111111111000000000000000000000000000000000000000000000001000000111000000000000001111111110110000000000000000000000000000000000000000000000
00000000000000001000000000000000011000000000110001111111110110111111111000000000000000000000000000000000000000000000000000000000000011100000001111111000110000000000000000000000000000000000000000000000
00000000000000000000000000000011100000000000101110001111111001111111111110000000000000000000000000000000000000000000000000000100000100000000000000010000000000000000000000000000000000000000000000000000
00000000000000000000000000000011100000000000101110001111111001111111111110000000000000000000000000000000000000000000000000000100000100000000000000010000000000000000000000000000000000000000000000000000
00000000000000000000000000000000000000011111101111111111111110001111111111100100000111000000000000000000000000000000000000000000100000010001100010000001000000000000000000000000000000000000000000000000
00000000000000000000000000000000000000011111101101111111111110111111000111100000000111000000000000000000000000000000000000000000000000000001111110000000000000000000000000000000000000000000000000000000
00000000000000000000000000000000000000011111101101111111111110111111000111100000000111000000000000000000000000000000000000000000000000000001111110000000000000000000000000000000000000000000000000000000
00000000000000000000000000000000000000111111100001110000011111111111110001111000000111100000000000000000000000000000000000000000000000010001110000000000000000000000000000000000000000000000000000000000
00000000000000000000000000000000000011111111100011100011111111111001000000000000011000101110000000000000000000000000000000000000000000000000000000000000000000000000000000000000000000000000000000000000
00000000000000000000000000000000000011111111100011100011111111111001000000000000011000101110000000000000000000000000000000000000000000000000000000000000000000000000000000000000000000000000000000000000
00000000000000000000000000000000000111111111101111100001111111110001000000000000000011000000000000000000000000000000001000000000000010000000000000000000000000000000000000000000000000000000000000000000
00000000000000000000000000000000011111111111111110001100011111111000000000000000000000010010000000000000000000000000001000000000111111100000000000000000000000000000000000000000000000000000000000000000
00000000000000000000000000000000000111111111111110000000000111000000000001000100000000000001100000000000000000001001110000000000011111100000000000000000000000000000000000000000000000000000000000000000
00000000000000000000000000000000000111111111111110000000000111000000000001000100000000000001100000000000000000001001110000000000011111100000000000000000000000000000000000000000000000000000000000000000
00000000000000000000000000000000111111111111111110001100010000110000000000011100000000000001100000000000000001111001001000000000011110010011110000000000000000000000000000000000000000000000000000000000
00000000000000000000000000000000011111111111111110000000011110000000000000011100000000000001100000000000000001111111111000000000000001111111100001100000001000000000000000000000000000000000000000000000
00000000000000000000000000000000011111111111111110000000011110000000000000011100000000000001100000000000000001111111111000000000000001111111100001100000001000000000000000000000000000000000000000000000
00000000000000000000000000000000000011111111111110000011101110000000000000000000000000000000010000000000000001110110110000000000000000000011110000000000000000000000000000000000000000000000000000000000
00000000000000000000000000000000000011000011110000000010001000000000000000000000000000000000000000000000001001111111000000000100000001100000000000000001000000000000000000000000000000000000000000000000
00000000000000000000000000000000000011000011110000000010001000000000000000000000000000000000000000000000001001111111000000000100000001100000000000000001000000000000000000000000000000000000000000000000
00000000000000000000000000000000000000000000000000000000000000000000000001000000000111000000010000011111001111111110000000000000000000000000000010000000000000000000000000000000000000000000000000000000
00000000000000000000000000000000000000000000000000000000000000000000000000000100000111110000010001111111111111111110000000000000100000000000010000000000000000000000000000000000000000000000000000000000
00000000000000000000000000000000000000000000000000000000000000000000000000000100000111110000010001111111111111111110000000000000100000000000010000000000000000000000000000000000000000000000000000000000
00000000000000000000000000000000000000000000000000000000000000000000000000000000011100011100011100011111111111111110000000111111111000000000010000001110000000000000000000000000000000000000000000000000
00000000000000000000000000000000000000000000000000000000000001000000000000000000111111111100001110001111111111111111000011011100000001100000010000000000000000000011000000000000000000000000000000000000
00000000000000000000000000000000000000000000000000000000000001000000000000000000111111111100001110001111111111111111000011011100000001100000010000000000000000000011000000000000000000000000000000000000
00000000000000000000000000000000000000000000000000000000000001000000000000000000111111111100000001111111111111110110000011011100011011110011110000000000000000111011011000000000000000000000000000000000
00000000000000000000000000000000000000000000000000000000010111000000000000000000100111110000000001111111111111111110001111100111100010001111101101100000000000001000000100000000000000000000000000000000
00000000000000000000000000000000000000000000000000000010011110000110000000000000000011010010000011111111111111111111111111111111000100011101100000010000000000000011000111000000000000000000000000000000
00000000000000000000000000000000000000000000000000000010011110000110000000000000000011010010000011111111111111111111111111111111000100011101100000010000000000000011000111000000000000000000000000000000
00000000000000000000000000000000000000000000000000000000011111110111000000000000000100011111110011111111111111111111111111111111111100010000000000000000000000000000000100000000000000000000000000000000
00000000000000000000000000000000000000000000000000000000000111000110111001011000000100111111111111111111111111111111111111111100011100000000010000000000000000000011100000000000000000000000000000000000
00000000000000000000000000000000000000000000000000000000000111000110111001011000000100111111111111111111111111111111111111111100011100000000010000000000000000000011100000000000000000000000000000000000
00000000000000000000000000000000000000000000000000000011111111000000000111111000000000011111111111111111111111111111111111111111111110001110010000000000000000001000000000100000000000000000000000000000
00000000000000000000000000000000000000000000000000011111101110000000000111111000000000011111111111111111112222110001111111111111111100000001100000000000000000110111000011111000000000000000000000000000
00000000000000000000000000000000000000000000000000011111101110000000000111111000000000011111111111111111112222222221111111111111111100000001100000000000000000110111000011111000000000000000000000000000
00000000000000000000000000000000000000000000000000010001100110000001000111100000000000000011111111111111112222222221111111111000000000000011100000000000000000000000111111111111000000000000000000000000
00000000000000000000000000000000000000000000000000010001110000110000110001000000000000001111111111111112222222222001111111100000111000000000001110000110000110000000000011011011100000000000000000000000
00000000000000000000000000000000000000000000000000010001110000110000110001000000000000001111111111111122222222222001111111100000111000000000001110000110000110000000000011011011100000000000000000000000
00000000000000000000000000000000000000000000000000000001110110000000000110000000000000000011111111111122222222222111111111111111111000000001101100001110000000000011011000000111100000000000000000000000
00000000000000000000000000000000000000000000000000000000001110000000000111000000000000000011111111111122222222221111111111111111111000000011110000010000000000000111111100100000000000000000000000000000
00000000000000000000000000000000000000000000000000000000001110000000000111000000000000000011111111111110112222001111111111111111111000000011110000010000000000000111111100100000000000000000000000000000
00000000000000000000000000000000000000000000000000000000000000000000000000000000000000000000011111111111112222111111111111111111111010000011101101100000001001000100000000000000000000000000000000000000
00000000000000000000000000000000000000000000000000000000000000000000000000000000000000000000011111111111111111111111111111111111111001110001111101100000000000000000000000011000100000000000000000000000
00000000000000000000000000000000000000000000000000000000000000000000000000000000000000000000010001111111111111111111111111111111111101100001111100000000000001000100000000011100100000000000000000000000
00000000000000000000000000000000000000000000000000000000000000000000000000000000000000000000010001111111111111111111111111111111111101100001111100000000000001000100000000011100100000000000000000000000
00000000000000000000000000000000000000000000000000000000000000000000000000000000000000000000000001111111111111111111111111111111111111100000000000000110000001001100000111100111100010000000000000000000
00000000000000000000000000000000000000000000000000000000000000000000000000000000000000000000000000011111111111111111111111111111111111100010010000000000000110001011011000000111010010000000000000000000
00000000000000000000000000000000000000000000000000000000000000000000000000000000000000000000000000011111111111111111111111111111111111100010010000000000000110001011011000000111010010000000000000000000
00000000000000000000000000000000000000000000000000000000000000000000000000000000000000000000000000001111111111111111111111111111111111100001100000011110111001001111011100011011100000001100000000000000
00000000000000000000000000000000000000000000000000000000000000000000000000000000000000000000000001111111111111111111111111111111011111100010000001100111111110111100011100100011100001110000000000000000
00000000000000000000000000000000000000000000000000000000000000000000000000000000000000000000000001111111111111111111111111111111011111100010000001100111111110111100011100100011100001110000000000000000
00000000000000000000000000000000000000000000000000000000000000000000000000000000000000000000000001111111111111111111111111111111000001100000001110010001000110001011111000111011000011111110000000000000
00000000000000000000000000000000000000000000000000000000000000000000000000000000000000000000001101111111111111111111002011111111000000001110010000000110001111000111111111011100101111100000000000000000
00000000000000000000000000000000000000000000000000000000000000000000000000000000000000000000001101111111111111111111002221111111000000001110010000000110001111000111111111011100101111100000000000000000
00000000000000000000000000000000000000000000000000000000000000000000000000000000000000000000001111111111111111111111112221111111000000000000010000001110110111000111100000000111000010000000000000000000
00000000000000000000000000000000000000000000000000000000000000000000000000000000000000000000011111111111111111111111222221111111000000001100000000000110001000111111111111111100111111100000000000000000
00000000000000000000000000000000000000000000000000000000000000000000000000000000000000000000001111111111111111111111222222111100000000011101101111101110001001111111111111100000111100000000000000000000
00000000000000000000000000000000000000000000000000000000000000000000000000000000000000000000001111111111111111111111222222211100000000011101101111101110001001111111111111100000111100000000000000000000
00000000000000000000000000000000000000000000000000000000000000000000000000000000000000000000001100011111111111111111222222211111111011100000001110011000001001111111111111100111000010010000000000000000
00000000000000000000000000000000000000000000000000000000000000000000000000000000000000000000000010011111111111111111111102222111111100000001100001100110000001111111111111111111111101100000000000000000
00000000000000000000000000000000000000000000000000000000000000000000000000000000000000000000000010011111111111111111111222222211111100000001100001100110000001111111111111111111111101100000000000000000
00000000000000000000000000000000000000000000000000000000000000000000000000000000000000000000010010011111111111111111111222222211111000010000000011100001000111111111111111111111101100000000000000000000
00000000000000000000000000000000000000000000000000000000000000000000000000000000000000000000000011111111111111111111110222222211111100000000000000000000000111111111111111111100011100000000000000000000
00000000000000000000000000000000000000000000000000000000000000000000000000000000000000000000000011111111111111111111112222222211111100000000000000000000000111111111111111111100011100000000000000000000
00000000000000000000000000000000000000000000000000000000000000000000000000000000000000000000000011110011111111111111112222222211111110000000000000001000110110001111111111100000000000000000000000000000
00000000000000000000000000000000000000000000000000000000000000000000000000000000000000000001100011100001111111111111111222211111111000000000000000000000000110111111111111111000000000000000000000000000