11111111111111111111111110011000111000010011000000000000000000000000000011000000000000000000000000000000000000000000000000000000000000000000000000000000000000000000000000000000000000000000000000000000
11111111111111111111111110011000111000010011000000000000000000000000000011000000000000000000000000000000000000000000000000000000000000000000000000000000000000000000000000000000000000000000000000000000
11111111111111111111111111111100001110010000111110110000000000000000000011000000000000000000000000000000000000000000000000000000000000000000000000000000000000000000000000000000000000000000000000000000
11111111111111111111111111111100001110010000111110110000000000000000000011000000000000000000000000000000000000000000000000000000000000000000000000000000000000000000000000000000000000000000000000000000
11111111111111111111111101111011000000000000000000000010000000000000000000000000000000000000000000000000000000000000000000000000000000000000000000000000000000000000000000000000000000000000000000000000
11111111111111111111111101111100110001100000000001000000000000000000000000000000000000000000000000000000000000000000000000000000000000000000000000000000000000000000000000000000000000000000000000000000
11111111111111111111111101111100110001100000000001000000000000000000000000000000000000000000000000000000000000000000000000000000000000000000000000000000000000000000000000000000000000000000000000000000
11111111111111111111111110000100000000010000100110000000000011110000011000110000000000000000000000000000000000000000000000000000000000000000000000000000000000000000000000000000000000000000000000000000
11111111111111111111111110000100000000010000100110000000000011110000011000110000000000000000000000000000000000000000000000000000000000000000000000000000000000000000000000000000000000000000000000000000
11111111111111111111111101100100001001100000000000111111100100001111111000000000000000000000000000000000000000000000000000000000000000000000000000000000000000000000000000000000000000000000000000000000
11111111111111111111110011111000001110000000000001000010000111001000000000000000000000000000000000000000000000000000000000000000000000000000000000000000000000000000000000000000000000000000000000000000
11111111111111111111110011111000001110000000000001000010000111001000000000000000000000000000000000000000000000000000000000000000000000000000000000000000000000000000000000000000000000000000000000000000
00110111111111111111110001111100000111100000000000110010000100001000000000000000000000000000000000000000000000000000000000000000000000000000000000000000000000000000000000000000000000000000000000000000
00110111111111111111110001111100000111100000000000110010000100001000000000000000000000000000000000000000000000000000000000000000000000000000000000000000000000000000000000000000000000000000000000000000
11110111110011100111110001111100000000000000000000111100000011111110000000000000000000000000000000000000000000000000000000000000000000000000000000000000000000000000000000000000000000000000000000000000
00111111100011111111110010011011110000010000000000000000000100111000000100000000000000000000000000000000000000000000000000000000000000000000000000000000000000000000000000000000000000000000000000000000
00111111100011111111110010011011110000010000000000000000000100111000000100000000000000000000000000000000000000000000000000000000000000000000000000000000000000000000000000000000000000000000000000000000
00001110001111111111110011111111110000000000000000000010011011111111100100000000000000000000000000000000000000000000000000000000000000000000000000000000000000000000000000000000000000000000000000000000
00001110001111111111110011111111110000000000000000000010011011111111100100000000000000000000000000000000000000000000000000000000000000000000000000000000000000000000000000000000000000000000000000000000
11110111111111111111111111111111111110001100000000001111111111110110000100000000000000000000000000000000000000000000000000000000000000000000000000000000000000000000000000000000000000000000000000000000
11110111111111111111111111111111111110001100000000001111111111110110000100000000000000000000000000000000000000000000000000000000000000000000000000000000000000000000000000000000000000000000000000000000
11111111111111111111111111111111111000000000011000000000011111111000000000110000000000000000000000000000000000000000000000000000000000000000000000000000000000000000000000000000000000000000000000000000
11111111111111111111111111111111111000011100100000000001100011110000000000000000000000000000000000000000000000000000000000000000000000000000000000000000000000000000000000000000000000000000000000000000
11111111111111111111111111111111111000011100100000000001100011110000000000000000000000000000000000000000000000000000000000000000000000000000000000000000000000000000000000000000000000000000000000000000
11111111111111000111111111111111000000000011000000000000000000000000000000000000000000000000000000000000000000000000000000000000000000000000000000000000000000000000000000000000000000000000000000000000
11111111111111000111111111111111000000000011000000000000000000000000000000000000000000000000000000000000000000000000000000000000000000000000000000000000000000000000000000000000000000000000000000000000
11121111111111111111111110000000000000000011111001110000011000000000000000000000000000000000000000000000000000000000000000000000000000000000000000000000000000000000000000000000000000000000000000000000
11121111111111111111110010011000110000000011000000111110000000000000000000000000000000000000000000000000000000000000000000000000000000000000000000000000000000000000000000000000000000000000000000000000
11111111111111111111110010011000110000000011000000111110000000000000000000000000000000000000000000000000000000000000000000000000000000000000000000000000000000000000000000000000000000000000000000000000
11111111111111111111111100000000000000000000100000110010011100000000000100000000000000000000000000000000000000000000000000000000000000000000000000000000000000000000000000000000000000000000000000000000
11111111111111111111111100000000000000000000100000110010011100000000000100000000000000000000000000000000000000000000000000000000000000000000000000000000000000000000000000000000000000000000000000000000
20111111111111111000001101100000000001100011000000111101100011000000000011000000000000000000000000000000000000000000000000000000000000000000000000000000000000000000000000000000000000000000000000000000
11111111111111011110000010000100110000000011000000000000000111001000000000000000000000000000000000000000000000000000000000000000000000000000000000000000000000000000000000000000000000000000000000000000
11111111111111011110000010000100110000000011000000000000000111001000000000000000000000000000000000000000000000000000000000000000000000000000000000000000000000000000000000000000000000000000000000000000
11111111111111100111000001111111001111110011100111000000000000000000000000000000000000000000000000000000000000000000000000000000000000000000000000000000000000000000000000000000000000000000000000000000
11111111111111100111000001111111001111110011100111000000000000000000000000000000000000000000000000000000000000000000000000000000000000000000000000000000000000000000000000000000000000000000000000000000
11110111111111111110001101111100000111111111111110000000000000000000000000000000000000000000000000000000000000000000000000000000000000000000000000000000000000000000000000000000000000000000000000000000
11111111111111111111000000000000111111101111100111000000011000000000000000000000000000000000000000000000000000000000000000000000000000000000000000000000000000000000000000000000000000000000000000000000
11111111111111111111000000000000111111101111100111000000011000000000000000000000000000000000000000000000000000000000000000000000000000000000000000000000000000000000000000000000000000000000000000000000
11111111111111111111111101111111110111101111000001000010011111000000000000000000000000000000000000000000000000000000000000000000000000000000000000000000000000000000000000000000000000000000000000000000
11111111111111111111111101111111110111101111000001000010011111000000000000000000000000000000000000000000000000000000000000000000000000000000000000000000000000000000000000000000000000000000000000000000
11111111111111111001111100000011111001110011000000111110000000000000000000000000000000000000000000000000000000000000000000000000000000000000000000000000000000000000000000000000000000000000000000000000
20111111111111111111111110000011001110011111011001001110000000000000000000000000000000000000000000000000000000000000000000000000000000000000000000000000000000000000000000000000000000000000000000000000
20111111111111111111111110000011001110011111011001001110000000000000000000000000000000000000000000000000000000000000000000000000000000000000000000000000000000000000000000000000000000000000000000000000
21111111101111111111111110011111110110010011111111000010000100000000000000000000000000000000000000000000000000000000000000000000000000000000000000000000000000000000000000000000000000000000000000000000
12221111201111111111111110011111110110010011111111000010000100000000000000000000000000000000000000000000000000000000000000000000000000000000000000000000000000000000000000000000000000000000000000000000
12220111211111111111111111111111110111111111111111111101111000000000000011000000000000000000000000000000000000000000000000000000000000000000000000000000000000000000000000000000000000000000000000000000
22220110222111111111111111111111110111110011011111111101100011110000000000000000000000000000000000000000000000000000000000000000000000000000000000000000000000000000000000000000000000000000000000000000
22222210211111111111111111111111110111110011011111111101100011110000000000000000000000000000000000000000000000000000000000000000000000000000000000000000000000000000000000000000000000000000000000000000
22222201211111111111111111111100110000010000000001000001111011110110000000000000000000000000000000000000000000000000000000000000000000000000000000000000000000000000000000000000000000000000000000000000
22220022111111111111111111111100110000010000000001000001111011110110000000000000000000000000000000000000000000000000000000000000000000000000000000000000000000000000000000000000000000000000000000000000
22211000011111111110111111111111111111100000000001000000000000000001111000000000000000000000000000000000000000000000000000000000000000000000000000000000000000000000000000000000000000000000000000000000
22200110011100111111111111111111110110000000000110000010000011000110000000000000000000000000000000000000000000000000000000000000000000000000000000000000000000000000000000000000000000000000000000000000
22222222011100111111111111111111110110000000000110000010000011000110000000000000000000000000000000000000000000000000000000000000000000000000000000000000000000000000000000000000000000000000000000000000
22222200201211111001110011111111111111100000000111111100000100110000000000000000000000000000000000000000000000000000000000000000000000000000000000000000000000000000000000000000000000000000000000000000
22222200201211111001110011111111111111100000000111111100000100110000000000000000000000000000000000000000000000000000000000000000000000000000000000000000000000000000000000000000000000000000000000000000
22222222122111111001111111111111111000000000000001110000000000110110000011000000000000000000000000000000000000000000000000000000000000000000000000000000000000000000000000000000000000000000000000000000
22222222022011111111111111111111111000011111000001000000000000000000000011000000000000000000000000000000000000000000000000000000000000000000000000000000000000000000000000000000000000000000000000000000
22222222222011111111111111111111111000011111000001000000000000000000000011000000000000000000000000000000000000000000000000000000000000000000000000000000000000000000000000000000000000000000000000000000
12212222222211111001111111111111110001101100000001110010000000000000000000000000000000000000000000000000000000000000000000000000000000000000000000000000000000000000000000000000000000000000000000000000
12212222222211111001111111111111110001101100000001110010000000000000000000000000000000000000000000000000000000000000000000000000000000000000000000000000000000000000000000000000000000000000000000000000
02211110022111111111111110011111001000000000000001000000000000000001111000000000000000000000000000000000000000000000000000000000000000000000000000000000000000000000000000000000000000000000000000000000
11111111111111111111111111111111111110000011000110000000000000000111111000000000000000000000000000000000000000000000000000000000000000000000000000000000000000000000000000000000000000000000000000000000
11111111111111111111111111111111111110000011000110000000000000000111111000000000000000000000000000000000000000000000000000000000000000000000000000000000000000000000000000000000000000000000000000000000
11111111101111100111111111111111111110010000000110001110011000001111111000111000000000000000000000000000000000000000000000000000000000000000000000000000000000000000000000000000000000000000000000000000
11111111101111100111111111111111111110010000000110001110011000001111111000111000000000000000000000000000000000000000000000000000000000000000000000000000000000000000000000000000000000000000000000000000
00001001111111111111111111111100110000000000011111111111111000001001111000000110000000000000000000000000000000000000000000000000000000000000000000000000000000000000000000000000000000000000000000000000
00000110011111111111000001111111110000000000011111001111100100000000000000110110000000000000000000000000000000000000000000000000000000000000000000000000000000000000000000000000000000000000000000000000
00000110011111111111000001111111110000000000011111001111100100000000000000110110000000000000000000000000000000000000000000000000000000000000000000000000000000000000000000000000000000000000000000000000
00000001110011111110110011111011110000000000111110001101111000000000000011110000010000000000000000000000000000000000000000000000000000000000000000000000000000000000000000000000000000000000000000000000
00000001110011111110110011111011110000000000111110001101111000000000000011110000010000000000000000000000000000000000000000000000000000000000000000000000000000000000000000000000000000000000000000000000
00000000001100000000000011100000110000011100100000001100000100000000000011001000010000000000000000000000000000000000000000000000000000000000000000000000000000000000000000000000000000000000000000000000
11001000000000011000110000011100110000001100011001001100000100001000000000000000000000000000000000000000000000000000000000000000000000000000000000000000000000000000000000000000000000000000000000000000
11001000000000011000110000011100110000001100011001001100000100001000000000000000000000000000000000000000000000000000000000000000000000000000000000000000000000000000000000000000000000000000000000000000
11111000010000011111000000000011110000000011100000111111100111000110000000000000000000000000000000000000000000000000000000000000000000000000000000000000000000000000000000000000000000000000000000000000
11111000010000011111000000000011110000000011100000111111100111000110000000000000000000000000000000000000000000000000000000000000000000000000000000000000000000000000000000000000000000000000000000000000
11111111111111111001000001111000110001100000111000000000011111000110000000000000000000000000000000000000000000000000000000000000000000000000000000000000000000000000000000000000000000000000000000000000
11111111111111111001000001111000110001100000111000000000011111000110000000000000000000000000000000000000000000000000000000000000000000000000000000000000000000000000000000000000000000000000000000000011
11111111111111011000110000000011000000000011111111001100011111111111100000000000000000000000000000000000000000000000000000000000000000000000000000000000000000000000000000000000000000000000000000000000
11111111110011111000000000000111000001110011111111001111111111111001100100110000000000000000000000000000000000000000000000000000000000000000000000000000000000000000000000000000000000000000000000000000
11111111110011111000000000000111000001110011111111001111111111111001100100110000000000000000000000000000000000000000000000000000000000000000000000000000000000000000000000000000000000000000000000000000
11111111111111000001000001111100001001111111111111111111111111111111100000000001100011000000000000000000000000000000000000000000000000000000000000000000000000000000000000000000000000000000000000000000
11111111111111000001000001111100001001111111111111111111111111111111100000000001100011000000000000000000000000000000000000000000000000000000000000000000000000000000000000000000000000000000000000000000
11111111111111100000110000011011111111111111111111111111111111111000000100110001110000000000000000000000000000000000000000000000000000000000000000000000000000000000000000000000000000000001000000011000
11111111110011111110000000000111111001111111111111111111111111110001100000111110000000000000000000000000000000000000000000000000000000000000000000000000000000000000000000000000000000000000000000000000
11111111110011111110000000000111111001111111111111111111111111110001100000111110000000000000000000000000000000000000000000000000000000000000000000000000000000000000000000000000000000000000000000000000
11111111111111111001000000000000111111111100111111111111111111000000011011111111100000000000000000000000000000000000000000000000000011000000000000000000000000000000000000000000000000000000000000000000
11111111111111111001000000000000111111111100111111111111111111000000011011111111100000000000000000000000000000000000000000000000000011000000000000000000000000000000000000000000000000000000000000000000
11111111111111111001000000000000111111101111111111111111111111111111100011111111100000000000000000000000000000000011000000000000000000000000000000000000000000000000000000000000000000000000000000100000
11111111111111111000000000000011111111111111011110001111111111111111111111111110010000000000000000000000000000000000000000000000000000000000000000000000000000000000000000000000000000000000000000100000
11111111111111111000000000000011111111111111011110001111111111111111111111111110010000000000000000000000000000000000000000000000000000000000000000000000000000000000000000000000000000000000000000000000
11111111111111111000000000000000000111101100011000000011111011000111111111000001100000000000000000000000000000000000000000000001111000000000000000000000000000000000000000000000000000000000000000000000
11111111111111111000000000000000000111101100011000000011111011000111111111000001100000000000000000000000000000000000000000000001111000000000000000000000000000000000000000000000000000000000000000000000
11111111111111111110000000000000000000000011000000000000011011000000000011000000000000000000000000000000000000000000000000000000000000000000000000000000000000000000000000000000000000000000000000000000
11111111111111111111000000000000111000000000100000000001100000001000000000000000000000000000000000000000000000000000000000000000000000000000000000000000000000000000000000000000000000000000000000000000
11111111111111111111000000000000111000000000100000000001100000001000000000000000000000000000000000000000000000000000000000000000000000000000000000000000000000000000000000000000000000000000000000000000
11111111111111111111110000000111001111100000000000000001100000000001100000000000000000000000000000000000000000000000000000000000000000000000011100000000000000000000000000000000000000000000000000000000
11111111111111111111110000000111001111100000000000000001100000000001100000000000000000000000000000000000000000000000000000000000000000000000011100000000000000000000000000000000000000000000000000000000
11111111111111111111111100000011001001110000000000000000000100000000000000000000000000000000000000000000000000000000000000000000000000000000000000000000000000100000000000000000000000000000000000000000
11111111111111111111111100000111110110000000000000000000000000001110000000000000000000000000000000000000000000000011000000000001111100000000000000000000000011000000000000000000000000000000000000000000
11111111111111111111111100000111110110000000000000000000000000001110000000000000000000000000000000000000000000000011000000000001111100000000000000000000000011000000000000000000000000000000000000000000
11111111111111111111111111100111001111101100000000000000000000000000000000000000000000000000000000000000110000000000000000110011111100000000000011110000010000000000000000000000000000000000000000000000
11111111111111111111111111100111001111101100000000000000000000000000000000000000000000000000000000000000110000000000000000110011111100000000000011110000010000000000000000000000000000000000000000000000
11111111111111111111111111100111111111101100000000000000000011000000000000000000000000000000000000000011001001100000000000001111111100000000000011001000000000100000000000000000000000000000000000000000
11111111111111111111111111111111111111101100000000000000000000000000000100000000000000000000000000000000111110000000000001001101111011000000000000001110000011000000000000000000000000000000000000000011
11111111111111111111111111111111111111101100000000000000000000000000000100000000000000000000000000000000111110000000000001001101111011000000000000001110000011000000000000000000000000000000000000000011
11111111111111111111111111111111111111111100000000000000000000000000000000000000000000000000000000000011111000000000000000000000011100000000000100001000000000100000000010000000010000000000000000000000
11111111111111111111111111111111111111111100000000000000000000000000000000000000000000000000000000000011111000000000000000000000011100000000000100001000000000100000000010000000000000000000000000000000
11111111111111111111111111111111111111110011111000000000000000000000000000000000000000000000110000000000001000000000000000000000000000000000000000001110000011100000000000000000000000000000000000000000
11111111111111111111110011111111111111101111000000000000011000000000000000000000000000000001000000000000000110000000000000000000000000000000000011111110000011100000000000000000000000000000000000000000
11111111111111111111110011111111111111101111000000000000011000000000000000000000000000000001000000000000000110000000000000000000000000000000000011111110000011100000000000000000000000000000000000000000
11111111111111111111111111111111110111111111100001000000000000000000000000000000000000000000000000011000000000000000000000000000000000000000000000111110000011100110000000000000000000000000000000000000
11111111111111111111111111111111110111111111100001000000000000000000000000000000000000000000000000011000000000000000000000000000000000000000000000111110000011100110000000000000000000000000000110000000
11111111111111111111111111111111111111110000111110000000000000000000000000000000000000000000000000000000000000000000000110000000000000000000000000000110000000000000000000000000000000000000000001000000
11111111111111111111111111111111111110000000000000000000000011110000000000000000000000000000000000000000110000000000000000000000000000000000000000000111100000000000110001100000000000000000000001000000
11111111111111111111111111111111111110000000000000000000000011110000000000000000000000000000000000000000110000000000000000000000000000000000000000000111100000000000110001100000000000000000000000000000
11111111111111111111111111111111111111110000000000000000000000000000000000000000000000000000000000000000001000000000011111000000000000000000000000000000000000000000000000011000000000000000000000000000
11111111111111111111111111111111111111110000000000000000000000000000000000000000000000000000000000000000001000000000011111000000000000000000000000000000000000000000000000011000000000000000000000000000
11111111111111111111111111111111111111110000000000001100000000000000000000000000000000000000000000000000111111110000000000111110000000000000000000000000000000000110000000011000000000000000000000000000
11111111111111111111111111111111111001111100000111001111100000000110000000000000000000000000000000000100111111101100000000110010000000000000000000000000001100000000111100000000000000000000000000000000
11111111111111111111111111111111111001111100000111001111100000000110000000000000000000000000000000000100111111101100000000110010000000000000000000000000001100000000111100000000000000000000000000000000
11111111111111111111111111111111111110011100000111000010000000111110000000000000010000000001000000000100001111101100000111111100000000000000000000111001100011100000000000000000001000000000000000000000
11111111111111111111111111111111111110011100000111000010000000111110000000000000010000000001000000000100001111101100000111111100000000000000000000111001100011100000000000000000001000110000000000000000
11111111111111111111111111111111111111111111100111000011100011111111100000000000000000000000110001100011111110011111111111000000000000000000000000000000001111111110111100000000000111100000000000000000
11111110011111111111111111111111111001100011100001111101111111111111100000000000000000000000111110000011001111100011111000110000000011000000000000000000011111111111111111111000000000000000000000000000
11111110011111111111111111111111111001100011100001111101111111111111100000000000000000000000111110000011001111100011111000110000000011000000000000000000011111111111111111111000000000000000000000000000
11111111111111111111111111111111111110011100000000111110000011111111111100000000000011100111000010000111111111110000111000000000000011111100000000000111100000111111000011111011000000000000000000000000
11111111111111111111111111111111111110011100000000111110000011111111111100000000000011100111000010000111111111110000111000000000000011111100000000000111100000111111000011111011000000000000000000000000
11111111111111111111111111111111111111110000011001000000000011111111111100000000000000000110001111111111110110010000011110111111111111111111100100001000000000011111000000011111000000000000000000000000
11111111111111111111111100011111111111111100011000001100000111111111111111111000000000100110111111111111110000000000011111111111100111001100000000001110000000111111110000000000111000000000000000000000
11111111111111111111111100011111111111111100011000001100000111111111111111111000000000100110111111111111110000000000011111111111100111001100000000001110000000111111110000000000111000000000000000000000
11111111111111111110111101111111111111111111011111110000011111111111111111111111100000011111111111111111110000000000011001111111111111000010000000000001100000011001001100000000000001110000000000000000
11111111111111111110111101111111111111111111011111110000011111111111111111111111100000011111111111111111110000000000011001111111111111000010000000000001100000011001001100000000000001110000000000000000
11111111111111111110001110011111111111111111111111000011111100001111111111111110010000111111111111111111110000000000011001001111111011111100000000000000000000111111000000000000000000010000000000000000
11111111111111111110001110011111111111111111111111000011111100001111111111111110010000111111111111111111110000000000011001001111111011111100000000000000000000111111000000000000000000010000000000000000
11111111111111111111111111111111111111111111111111000000000000001111111111111110010011100111111100011111000000000000000001001101100111000000000000001110000000011111111100000000000000000000000000000000
11111111111111111111000011100111111111111111111111110000000000000111111111111110000011111000110001111111001000000000000000001111100011000000000000110000001100000111111100000000001000000000000000100000
11111111111111111111000011100111111111111111111111110000000000000111111111111110000011111000110001111111001000000000000000001111100011000000000000110000001100000111111100000000001000000000000000100000
11111111111111111111111111111111111111111111000000000000000000000000011111111000000000000001001101111111001000001111000001110011100000000000000000110110000000111111110000000000110110000000000000000100
11111111111111111111111111111111111111111111000000000000000000000000011111111000000000000001001101111111001000001111000001110011100000000000000000110110000000111111110000000000110110000000000000000000
11111111111111111111110011111111111111111111000000000000000000000000000011111000000000100000000001111111110000001111000001111111111000110010011000001000000011011111110000000000001111100000000000000000
11111111111111111111111111111111111110000000100000000000000000000000000000000000001111000000000001100111110000010000011111111110000000001101100111111111111111111111000011100000001000010000000000000000
11111111111111111111111111111111111110000000100000000000000000000000000000000000001111000000000001100111110000010000011111111110000000001101100111111111111111111111000011100000001000010000000000000111
11111111110000000000000000000000000000000000000000000000000000000000000000000000011100000000000010000100110000000011111111111110000000000000000111111111111111111111111111100000000000010000100000000111
11111111110000000000000000000000000000000000000000000000000000000000000000000000011100000000000010000100110000000011111111111110000000000000000111111111111111111111111111100000000000010000100000000111
11111111110000000000000000000000000000000000000000000000000000000000000000000001111100000000000001111111110000000000011111111110000000000000011011111111111100111111001110000000000000001100000000000111
11111001110011111000000000000000000000000000000000000000000000000000000000000001110000000000000000000111110000000000011111111111100000000000000000001111100000100001110010000000000000001100111000000111
11111001110011111000000000000000000000000000000000000000000000000000000000000001110000000000000000000111110000000000011111111111100000000000000000001111100000100001110010000000000000001100111001000000
11111000000000000000000000000000000000000000000000000000000000000000000000000001110000000000000000011111000000000000011111111111100000110000000000111110000000000000000000000000000000010000000001100000
11111000000000000000000000000000000000000000000000000000000000000000000000000001110000000000000000011111000000000000011111111111100000110000000000111110000000000000000000000000000000010000000000111100
11001000000000000000000000000000000000000000000000000000000000000000000000000001100000000000000000000000000000000000011111111111100000000000000000000000000000000000000001100000000000010011011110111100
11111111111100000000000000000000000000000000000000000000000000000000000000000000000000000000111110000000000000000000011111111111100000000000000000000000000000000000000000011000000000011111111000111100
11111111111100000000000000000000000000000000000000000000000000000000000000000000000000000000111110000000000000000000011111111111100000000000000000000000000000000000000000011000000000011111111001111111
11111110000000000000000000000000000000000000000000000000000000000000000000000000000000000001110010000000000000000000011111111111100000000000000000000000000000000000000000011000000000000000000001111111
11111110000000000000000000000000000000000000000000000000000000000000000000000000000000000001110010000000000000000000011111111111100000000000000000000000000000000000000000011000000000000000000001111111
11110000000000000000000000000000000000000000000000000000000000000000000000000000000000011111111111111100000000000000000000111100000000000000000000000000000000000000000000000000000000000000000110111111
11111110011111000000000000000000000000000000000000000000000000000000000000000000000000000000001101111000110000000000000000000000000000000000000000000000000000000000000011111100000000001111000110111111
11111110011111000000000000000000000000000000000000000000000000000000000000000000000000000000001101111000110000000000000000000000000000000000000000000000000000000000000011111100000000001111001111100111
11111111100000000000000000000000000000000000000000000000000000000000000000000000000000000000000000000000110000000000000000000000000000000000000000000000000000000000001111111100000000001100001110111111
11111111100000000000000000000000000000000000000000000000000000000000000000000000000000000000000000000000110000000000000000000000000000000000000000000000000000000000001111111100000000001100001110111111
11000000000000000000000000000000000000000000000000000000000000000000000000000000000000000000000010000000001001100000000000000000000011111100000000000000000000000111111111111111000000000111111110011111
00000000000000000000000000000000000000000000000000000000000000000000000000000000000000000000000000000000110111100000000000000000000111110000000000000000000000011111111111111111000000111111111000011111
00000000000000000000000000000000000000000000000000000000000000000000000000000000000000000000000000000000110111100000000000000000000111110000000000000000000000011111111111111111000000111111111000011111
00000000000000000000000000000000000000000000000000000000000000000000000000000000000000000000000000000000000000000000000000000000011100000000000000000000000011111111111111111111000001001111111111100111
00000000000000000000000000000000000000000000000000000000000000000000000000000000000000000000000000000000000000000000000000000000011100000000000000000000000011111111111111111111000001111111111110111111
00000000000000000000000000000000000000000000000000000000000000000000000000000000000000000000000000000000000000000000000000000000000000000000000000000000000000111111111111111111110111001110111111000100
00000000000000000000000000000000000000000000000000000000000000000000000000000000000000000000000000000000000000000000000000000000000000000000000000000000000011111111111111111111110111001110111111000100
00000000000000000000000000000000000000000000000000000000000000000000000000000000000000000000000000000000000000000000000000000000000000000000000000000000000011111111111111111111110111111111111110000011
00000000000000000000000000000000000000000000000000000000000000000000000000000000000000000000000000000000000000000000000000000000000000000000000000000000000000111111111111111111110111111001111001111111
00000000000000000000000000000000000000000000000000000000000000000000000000000000000000000000000000000000000000000000000000000000000000000000000000000000000000111111111111111111110111111001111001111111
00000000000000000000000000000000000000000000000000000000000000000000000000000000000000000000000000000000000000000000000000000000000000000000000000000000000000000111111111111111110111111110110111111000
00000000000000000000000000000000000000000000000000000000000000000000000000000000000000000000000000000000000000000000000000000000000000000000000000000000000000111111111111111111111001111111000111100000
00000000000000000000000000000000000000000000000000000000000000000000000000000000000000000000000000000000000000000000000000000000000000000000000000000000000000111111111111111111111001111111000111100000
00000000000000000000000000000000000000000000000000000000000000000000000000000000000000000000000000000000000000000000000000000000000000000000000000000000000000000111111111111111111001111110111111111111
00000000000000000000000000000000000000000000000000000000000000000000000000000000000000000000000000000000000000000000000000000000000000000000000000000000000000000111111111111111111000111111111111111000
00000000000000000000000000000000000000000000000000000000000000000000000000000000000000000000000000000000000000000000000000000000000000000000000000000000000000000111001111111111111110111111111111111000
00000000000000000000000000000000000000000000000000000000000000000000000000000000000000000000000000000000000000000000000000000000000000000000000000000000000000000000111111111111111111111111111111111000
00000000000000000000000000000000000000000000000000000000000000000000000000000000000000000000000000000000000000000000000000000000000000000000000000000000000000000000111111111111111111101111111111111111
00000000000000000000000000000000000000000000000000000000000000000000000000000000000000000000000000000000000000000000000000000000000000000000000000000000000000000000000011111111111111101111111111111111
00000000000000000000000000000000000000000000000000000000000000000000000000000000000000000000000000000000000000000000000000000000000000000000000000000000000000000000000011111111111111101111111111111111
00000000000000000000000000000000000000000000000000000000000000000000000000000000000000000000000000000000000000000000000000000000000000000000000000000000000000000000000000011111111111110111111111111111
00000000000000000000000000000000000000000000000000000000000000000000000000000000000000000000000000000000000000000000000000000000000000000000000000000000000000000000000000000111001000010111111111111111
00000000000000000000000000000000000000000000000000000000000000000000000000000000000000000000000000000000000000000000000000000000000000000000000000000000000000000000000000000111001000010111111111111111
00000000000000000000000000000000000000000000000000000000000000000000000000000000000000000000000000000000000000000000000000000000000000000000000000000000000000000000000000000000001000001101111111111111
00000000000000000000000000000000000000000000000000000000000000000000000000000000000000000000000000000000000000000000000000000000000000000000000000000000000000000000000000000000001000001100111111111111
00000000000000000000000000000000000000000000000000000000000000000000000000000000000000000000000000000000000000000000000000000000000000000000000000000000000000000000000000000000000000000000111111111111
00000000000000000000000000000000000000000000000000000000000000000000000000000000000000000000000000000000000000000000000000000000000000000000000000000000000000000000000000000000000000000000111111111111
00000000000000000000000000000000000000000000000000000000000000000000000000000000000000000000000000000000000000000000000000000000000000000000000000000000000000000000000000000000000000000000001111111111
00000000000000000000000000000000000000000000000000000000000000000000000000000000000000000000000000000000000000000000000000000000000000000000000000000000000000000000000000000000000000000000001111111111
00000000000000000000000000000000000000000000000000000000000000000000000000000000000000000000000000000000000000000000000000000000000000000000000000000000000000000000000000000000000000000000001111111111
00000000000000000000000000000000000000000000000000000000000000000000000000000000000000000000000000000000000000000000000000000000000000000000000000000000000000000000000000000000000000000000100111111111
00000000000000000000000000000000000000000000000000000000000000000000000000000000000000000000000000000000000000000000000000000000000000000000000000000000000000000000000000000000000000000000100111111111
00000000000000000000000000000000000000000000000000000000000000000000000000000000000000000000000000000000000000000000000000000000000000000000000000000000000000000000000000000000000000000000011111111111
00000000000000000000000000000000000000000000000000000000000000000000000000000000000000000000000000000000000000000000000000000000000000000000000000000000000000000000000000000000000000000000000001111111
00000000000000000000000000000000000000000000000000000000000000000000000000000000000000000000000000000000000000000000000000000000000000000000000000000000000000000000000000000000000000000000000001111111
00000000000000000000000000000000000000000000000000000000000000000000000000000000000000000000000000000000000000000000000000000000000000000000000000000000000000000000000000000000000000000000000111111111
00000000000000000000000000000000000000000000000000000000000000000000000000000000000000000000000000000000000000000000000000000000000000000000000000000000000000000000000000000000000000000000000110011111
00000000000000000000000000000000000000000000000000000000000000000000000000000000000000000000000000000000000000000000000000000000000000000000000000000000000000000000000000000000000000000000000000000011
00000000000000000000000000000000000000000000000000000000000000000000000000000000000000000000000000000000000000000000000000000000000000000000000000000000000000000000000000000000000000000000000000000011
00000000000000000000000000000000000000000000000000000000000000000000000000000000000000000000000000000000000000000000000000000000000000000000000000000000000000000000000000000000000000000000000000000000