10001111111111111111111111100110000000011100111001100011110000000000000000000000000000000000000000000000000000000000000000000000000000000000000000000000000000000000000000000000000000000000000000000000
10001111111111111111111111100110000000011100111001100011110000000000000000000000000000000000000000000000000000000000000000000000000000000000000000000000000000000000000000000000000000000000000000000000
01111111111111111111111111100000110010000100111000000011110000000000000000110000000000000000000000000000000000000000000000000000000000000000000000000000000000000000000000000000000000000000000000000000
01111111111111111111111111100000110010000100111000000011110000000000000000110000000000000000000000000000000000000000000000000000000000000000000000000000000000000000000000000000000000000000000000000000
01110011111111111111111111111000110010000000110000000011111111100000000000110000000000000000000000000000000000000000000000000000000000000000000000000000000000000000000000000000000000000000000000000000
11111111111111111111111111100110001111100111110110001100001110000000000000000000000000000000000000000000000000000000000000000000000000000000000000000000000000000000000000000000000000000000000000000000
11111111111111111111111111100110001111100111110110001100001110000000000000000000000000000000000000000000000000000000000000000000000000000000000000000000000000000000000000000000000000000000000000000000
01111111100111111111111111100111110000011111110000001111110000000000000000000000000000000000000000000000000000000000000000000000000000000000000000000000000000000000000000000000000000000000000000000000
01111111100111111111111111100111110000011111110000001111110000000000000000000000000000000000000000000000000000000000000000000000000000000000000000000000000000000000000000000000000000000000000000000000
10000011111111111111111111111110110001100111110000000000000000000000000000000000000000000000000000000000000000000000000000000000000000000000000000000000000000000000000000000000000000000000000000000000
00000001111111111001111100100111110011100011110000000011000000000000000000000000000000000000000000000000000000000000000000000000000000000000000000000000000000000000000000000000000000000000000000000000
00000001111111111001111100100111110011100011110000000011000000000000000000000000000000000000000000000000000000000000000000000000000000000000000000000000000000000000000000000000000000000000000000000000
00000011111100000110011111111111110000000011110000000000000000000000000000000000000000000000000000000000000000000000000000000000000000000000000000000000000000000000000000000000000000000000000000000000
00000011111100000110011111111111110000000011110000000000000000000000000000000000000000000000000000000000000000000000000000000000000000000000000000000000000000000000000000000000000000000000000000000000
00111111111000001111100011011111111100000000000000001100000000000000000000000000000000000000000000000000000000000000000000000000000000000000000000000000000000000000000000000000000000000000000000000000
00111111100000000111100011000001110000000000000000000000001000000000000000000000000000000000000000000000000000000000000000000000000000000000000000000000000000000000000000000000000000000000000000000000
00111111100000000111100011000001110000000000000000000000001000000000000000000000000000000000000000000000000000000000000000000000000000000000000000000000000000000000000000000000000000000000000000000000
00001111100000000110010000000001110000011000000000000000000000000000000000000000000000000000000000000000000000000000000000000000000000000000000000000000000000000000000000000000000000000000000000000000
00001111100000000110010000000001110000011000000000000000000000000000000000000000000000000000000000000000000000000000000000000000000000000000000000000000000000000000000000000000000000000000000000000000
10001111100011001000000000000001111100000100000000000000000110000000000000000000000000000000000000000000000000000000000000000000000000000000000000000000000000000000000000000000000000000000000000000000
10001111100011001000000000000001111100000100000000000000000110000000000000000000000000000000000000000000000000000000000000000000000000000000000000000000000000000000000000000000000000000000000000000000
01000000000111111110010000000000001110000111000000000011111111100000000000000000000000000000000000000000000000000000000000000000000000000000000000000000000000000000000000000000000000000000000000000000
10000011100100111000000000000000110010000000110000001100111110000000000000000000000000000000000000000000000000000000000000000000000000000000000000000000000000000000000000000000000000000000000000000000
10000011100100111000000000000000110010000000110000001100111110000000000000000000000000000000000000000000000000000000000000000000000000000000000000000000000000000000000000000000000000000000000000000000
10001101111011001000000000000000001100011011000000000000110000000000000000000000000000000000000000000000000000000000000000000000000000000000000000000000000000000000000000000000000000000000000000000000
10001101111011001000000000000000001100011011000000000000110000000000000000000000000000000000000000000000000000000000000000000000000000000000000000000000000000000000000000000000000000000000000000000000
01001110000000001000000000000000000001111011000000000000000000000000000000000000000000000000000000000000000000000000000000000000000000000000000000000000000000000000000000000000000000000000000000000000
00000000000100110000000000000000110000011000110000001111000000000000000000000000000000000000000000000000000000000000000000000000000000000000000000000000000000000000000000000000000000000000000000000000
00000000000100110000000000000000110000011000110000001111000000000000000000000000000000000000000000000000000000000000000000000000000000000000000000000000000000000000000000000000000000000000000000000000
01110000011100000110000000000000001110000100000110000000000000000000000000000000000000000000000000000000000000000000000000000000000000000000000000000000000000000000000000000000000000000000000000000000
01110000011100000110000000000000001110000100000110000000000000000000000000000000000000000000000000000000000000000000000000000000000000000000000000000000000000000000000000000000000000000000000000000000
00110000000000000000000000000000000000000000000000000000000000000000000000000000000000000000000000000000000000000000000000000000000000000000000000000000000000000000000000000000000000000000000000000000
01111110000000000110000000000000000000000011001000000000000000000000000000000000000000000000000000000000000000000000000000000000000000000000000000000000000000000000000000000000000000000000000000000000
01111110000000000110000000000000000000000011001000000000000000000000000000000000000000000000000000000000000000000000000000000000000000000000000000000000000000000000000000000000000000000000000000000000
00000000011000000000000000000000000000000000000000000000000000000000000000000000000000000000000000000000000000000000000000000000000000000000000000000000000000000000000000000000000000000000000000000000
00000000011000000000000000000000000000000000000000000000000000000000000000000000000000000000000000000000000000000000000000000000000000000000000000000000000000000000000000000000000000000000000000000000
10000000000000001110000000000000000000000000000000000000000000000000000000000000000000000000000000000000000000000000000000000000000000000000000000000000000000000000000000000000000000000000000000000000
00001100000000000000000000000000000000000000000000000000000000000000000000000000000000000000000000000000000000000000000000000000000000000000000000000000000000000000000000000000000000000000000000000000
00001100000000000000000000000000000000000000000000000000000000000000000000000000000000000000000000000000000000000000000000000000000000000000000000000000000000000000000000000000000000000000000000000000
00000010000000000000000000000000000000000000000000000000000000000000000000000000000000000000000000000000000000000000000000000000000000000000000000000000000000000000000000000000000000000000000000000000
00000010000000000000000000000000000000000000000000000000000000000000000000000000000000000000000000000000000000000000000000000000000000000000000000000000000000000000000000000000000000000000000000000000
00000000000100111111110000000000000000000000000000000000000000000000000000000000000000000000000000000000000000000000000000000000000000000000000000000000000000000000000000000000000000000000000000000000
00001101100011111110010000000000000000000000000000000000000000000000000000000000000000000000000000000000000000000000000000000000000000000000000000000000000000000000000000000000000000000000000000000000
00001101100011111110010000000000000000000000000000000000000000000000000000000000000000000000000000000000000000000000000000000000000000000000000000000000000000000000000000000000000000000000000000000000
11110010000011111000010000000000000000000000000000000000000000000000000000000000000000000000000000000000000000000000000000000000000000000000000000000000000000000000000000000000000000000000000001100000
11110010000011111000010000000000000000000000000000000000000000000000000000000000000000000000000000000000000000000000000000000000000000000000000000000000000000000000000000000000000000000000000001100000
11110001111100110000011100000000000000000000000000000000000000000000000000000000000000000000000000000000000000000000000000000000000000000000000000000000000000000000000000000000000000000000000000000000
11110000011111110000011111000000000000000000000000000000000000000000000000000000000000000000000000000000000000000000000000000000000000000000000000000000000000000000000000000000000000000000000010000000
11110000011111110000011111000000000000000000000000000000000000000000000000000000000000000000000000000000000000000000000000000000000000000000000000000000000000000000000000000000000000000000000010000000
11110000000011110000001111000000000000000000000000000000000000000000000000000000000000000000000000000000000000000000000000000000000000000000000000000000000000000000000000000000000000000000000000000000
11110000000011110000001111000000000000000000000000000000000000000000000000000000000000000000000000000000000000000000000000000000000000000000000000000000000000000000000000000000000000000000000000000000
10111100000100110000000000000000000000000000000000000000000000000000000000000000000000000000000000000000000000000000000000000000000000000000000000000000000000000000000000000000000000000011000000011000
00000000000000110000000000000000000000000000000000000000000000000000000000000000000000000000000000000000000000000000000000000000000000000000000000000000000000000000000000000000000000000011000000000000
00000000000000110000000000000000000000000000000000000000000000000000000000000000000000000000000000000000000000000000000000000000000000000000000000000000000000000000000000000000000000000011000000000000
00001100000011000000000000000000000000000000000000000000000000000000000000000000000000000000000000000000000000000000000000000000000000000000000000000000000000000000000000000000000000000000000000000000
00001100000011000000000000000000000000000000000000000000000000000000000000000000000000000000000000000000000000000000000000000000000000000000000000000000000000000000000000000000000000000000000000000000
00001100000000000000000000000000000000000000110000000000000000000000000000000000000000000000000000000000000000000000000000000000000000000000000000000000000000000000000000000000000000000000000000011000
00000000000100000000000000000000000010000000000110000000000000000000000000000000000000000000000000000000000000000000000000000000000000000000000000000000000000000000000000000000000000000000000000000111
00000000000100000000000000000000000010000000000110000000000000000000000000000000000000000000000000000000000000000000000000000000000000000000000000000000000000000000000000000000000000000000000000000111
00000000000000000000000000000000000000000000110001100000000000011100000000000000000000000000000000000000000000000000000000000000000000000000000000000000000000000000000000000000000000000000000000011000
00000000000000000000000000000000000000000000110001100000000000011100000000000000000000000000000000000000000000000000000000000000000000000000000000000000000000000000000000000000000000000000000000011000
00000000000000000000000000000000000000000000110001111111001000000000000000000000000000000000000000000000000000000000000000000000000000000000000000000000000000000000000000000000000000000000000000000000
00000000000000000000000000000000000000011100110000010000001000000011000000000000000000000000000000000000000000000000000000000000000000000000000000000000000000000000000000000000000000000000000000000111
00000000000000000000000000000000000000011100110000010000001000000011000000000000000000000000000000000000000000000000000000000000000000000000000000000000000000000000000000000000000000000000000000000111
00000000000000000000000000000000001101100100000000000000000000000000000000000000000000000000000000000000000000000000000000000000000000000000000000000000000000000000000000000000000000000000000000000000
00000000000000000000000000000000001101100100000000000000000000000000000000000000000000000000000000000000000000000000000000000000000000000000000000000000000000000000000000000000000000000000000000000000
00000000000000000000000000000110000000000000000000010000000000000000000000000000000000000000000000000000000000000000000000000000000000000000000000000000000000000000000000000000000000000000000000000000
00000000000000000000000000000000000000000000001000011100000000000000000000000000000000000000000000000000000000000000000000000000000000000000000000000000000000000000000000000000000000000000000000000000
00000000000000000000000000000000000000000000001000011100000000000000000000000000000000000000000000000000000000000000000000000000000000000000000000000000000000000000000000000000000000000000000000000000
10000000000000000000000000000001000000000000000000000000000000000000000000000000000000000000000000000000000000000000000000000000000000000000000000000000000000000000000000000000000000000000000000000000
10000000000000000000000000000001000000000000000000000000000000000000000000000000000000000000000000000000000000000000000000000000000000000000000000000000000000000000000000000000000000000000000000000000
10000000000000000000000000000000110000000000000000000011000000000000000000000000000000000000000000000000000000000000000000000000000000000000000000000000000000000000000000000000000000000000000000000000
11110011111011000000000000011111110000000111000000000000000000000000000000000000000000000000000000000000000000000000000000000000000000000000000000000000000000000110000000000000000000000000000000000000
11110011111011000000000000011111110000000111000000000000000000000000000000000000000000000000000000000000000000000000000000000000000000000000000000000000000000000110000000000000000000000000000000000000
01111100011000000000000000000110000000011100000000000000000000000000000000000000000000000000000000000000000000000000000000000000000000000000000000000000000000110000000000000000000000000000000000000000
01111100011000000000000000000110000000011100000000000000000000000000000000000000000000000000000000000000000000000000000000000000000000000000000000000000000000110000000000000000000000000000000000000000
01000001100100000000000000111111110000000000000000000000000000000000000000000000000000000000000000000000000000000000000000000000000000000000000000000001100000000001100000000000000000000000000000000000
01000001100100000000000000111111110000000000000000000000000000000000000000000000000000000000000000000000000000000000000000000000000000000000000000000001100000000001100000000000000000000000000000000000
00000000000000000000000000000000110000000000000000000000000000000000000000000000000000000000000000000000000000000000000000000000000000000000011000000000000100000000000000000000000000000000000000000000
00000000000000000000000000000000000000000000000000000000000000000000000000000000000000000000000000000000000000000000000000000000000000000000000110111101111111110000001100000000000000000000000000000000
00000000000000000000000000000000000000000000000000000000000000000000000000000000000000000000000000000000000000000000000000000000000000000000000110111101111111110000001100000000000000000000000000000000
00000000000000000000000000000001111100000000000000000000000000000000000000000000000000000000000000000000000000000000000000000000000000000000000111000001111111111000000000000000000000000000000000000000
00000000000000000000000000000001111100000000000000000000000000000000000000000000000000000000000000000000000000000000000000000000000000000000000111000001111111111000000000000000000000000000000000000000
00000000000000000000000000100110000011100000000000000000000000000000000000000000000000000000000000000000000000000000000000000000000000000000000000001101111000000000000000000000000000000000000000000000
00000000000000000000000000000000001101100000000110000000000000000000000000000000000000000000000000000000000000000000000000000000000000000000000000000010000011001000000000000000000000000000000000000000
00000000000000000000000000000000001101100000000110000000000000000000000000000000000000000000000000000000000000000000000000000000000000000000000000000010000011001000000000000000000000000000000000000000
00000000011000000000000000000001111100000000001000000000000000000000000000000000000000000000000000000000000000000000000000000000000000000000000001110011100111001000000000000000000000000000000000000000
00000000011000000000000000000001111100000000001000000000000000000000000000000000000000000000000000000000000000000000000000000000000000000000000001110011100111001000000000000000000000000000000000000000
00000000011100001111100000000000111100000000000000000000000000000000000000000000000000000000000000000000000000000000000000000000000000000000000000000000000011000110000000000000000000000000000000000000
10000011111100000000001100000000000001111000000000000000000000000000000000000000000000000000000000000000000000000000000000000000000000000000000000000000000000000111100000000000000000000000000000000000
10000011111100000000001100000000000001111000000000000000000000000000000000000000000000000000000000000000000000000000000000000000000000000000000000000000000000000111100000000000000000000000000000000000
00001101100000000000000000000000000000000111000000000000000000000000000000000000000000000000000000000000000000000000000000000000000000000000000000000000000000001111111100000000000000000000000000000000
00001101100000000000000000000000000000000111000000000000000000000000000000000000000000000000000000000000000000000000000000000000000000000000000000000000000000001111111100000000000000000000000000000000
00001100000000111110000011100000000000000000000000000000000000000000000000000000000000000000000000000000000000000000000000000000000000000000000000000000000000000000000000000000000000000000000000000100
00000001100000000000001100100000000000000000000000000000000000000000000000000000000000000000000000000000000000000000000000000000000000000000000000000000000011001000000000000000000000000000000000000000
00000001100000000000001100100000000000000000000000000000000000000000000000000000000000000000000000000000000000000000000000000000000000000000000000000000000011001000000000000000000000000000000000000000
10111110000011000000000011000000000000000000000000000000000000000000000000000000000000000000000000000000000000000000000000000000000000000000000000000000000000110001110011000000000000000000000000000011
10111110000011000000000011000000000000000000000000000000000000000000000000000000000000000000000000000000000000000000000000000000000000000000000000000000000000110001110011000000000000000000000000000011
01000000000000110110000000100001000000000000000000000000000000000000000000000000000000000000000000000000000000000000000000000000000000000000000000000000000000001110000000000000000010000000000000000011
01110000000111001110011111011000000000000000000000000000000000000000000000000000000000000000000000000000000000000000000000000000000000000000000000000000000011110000000000000000000000000000000000000000
01110000000111001110011111011000000000000000000000000000000000000000000000000000000000000000000000000000000000000000000000000000000000000000000000000000000011110000000000000000000000000000000000000000
01111100000100000000010000000000000000000000000000000000000000000000000000000000000000000000000000000000000000000000000000000000000000000000000000000000000000001111100000000001111110000000000000000000
01111100000100000000010000000000000000000000000000000000000000000000000000000000000000000000000000000000000000000000000000000000000000000000000000000000000000001111100000000001111110000000000000000000
11000001100000001110000000000000000000000000000000000000000000000000000000000000000000000000000000000000000000000000000000000000000000000000000001000000000000000000000000000001110011100000000010000000
01111100011000000000000000000000000000000000000000000000000000000000000000000000000000000000000000000000000000000000000000000000000000000000000000000000000000110000000000000001000011100000000010000000
01111100011000000000000000000000000000000000000000000000000000000000000000000000000000000000000000000000000000000000000000000000000000000000000000000000000000110000000000000001000011100000000010000000
00000011111100110000000000000000001100000000000000000000000000000000000000000000000000000000000000000000000000000000000000000000000000000000000000000000000000000000000000000001110010000000001100000000
00000011111100110000000000000000001100000000000000000000000000000000000000000000000000000000000000000000000000000000000000000000000000000000000000000000000000000000000000000001110010000000001100000000
00000011111111110000000000000000000010000000000000000000000000000000000000000000000000000000000000000000000000000000000000000000000000000000000000000000000000000000000000000000000010000000001100000011
00001111111000001110000000000000000011111100000000000000000000000000000000000000000000000000000000000000000000000000000000000000000000000000000000000000000000000000000000000000000010000000001100011111
00001111111000001110000000000000000011111100000000000000000000000000000000000000000000000000000000000000000000000000000000000000000000000000000000000000000000000000000000000000000010000000001100011111
10111111100111000001110011000000000011111111111110000000000000000000000000000000000000000000000000000000000000000000000000000000000000000000000000000000000000000000000000000000111100000000000000011100
10111111100111000001110011000000000011111111111110000000000000000000000000000000000000000000000000000000000000000000000000000000000000000000000000000000000000000000000000000000111100000000000000011100
11001111100000001110010000000000001100011011001110000000000000000000000000000000000000000000000000000000000000000000000000000000000000000000000000000000000000000000000000000000001101100000000000000100
00111110000011111111100000000110000000011111001110010000000000000000000000000000000000000000000000000000000000000000000000000000000000000000000000000000000000000000000000000000000000000000000000000100
00111110000011111111100000000110000000011111001110010000000000000000000000000000000000000000000000000000000000000000000000000000000000000000000000000000000000000000000000000000000000000000000000000100
01111100011011110000000000011000001111111111000111110000000000000000000000000000000000000000000000000000000000000000000000000000000000000011100001000000000000000000000000000000000000000000000000000000
01111100011011110000000000011000001111111111000111110000000000000000000000000000000000000000000000000000000000000000000000000000000000000011100001000000000000000000000000000000000000000000000000000000
01000000000100110001111111111110001111111000110111110000000000000000000000000000000000000000000000000000000000000000000000000000000000000000111111110000000000000000000000000000000000000000000000000000
00000000000100111111111111111001001111100011111000010000000000000000000000000000000000000000000000000000000000000000000000000000000000000000000111110010000000000000000000000000000000000000000000000000
00000000000100111111111111111001001111100011111000010000000000000000000000000000000000000000000000000000000000000000000000000000000000000000000111110010000000000000000000000000000000000000000000000000
00000001100100000111111111100110000011100011000000010000110000000000000000000000000000000000000000000000000000000000000000000000000000000000000001111110000000000000000000100000000000000000000000000000
00000001100100000111111111100110000011100011000000010000110000000000000000000000000000000000000000000000000000000000000000000000000000000000000001111110000000000000000000100000000000000000000000000000
11000000000000000110001111111001111111100111111001100000000000000000000000000000000000000000000000000000000000000000000000011011111110000000000001111101100000000000000000000000001100000000000000000100
10000001100000000000011111100000110011100100110111111100110000000000000000000000000000000000000000000000000000000000000000000011000000000000000000110000000000000000000000000001110000000000000011111000
10000001100000000000011111100000110011100100110111111100110000000000000000000000000000000000000000000000000000000000000000000011000000000000000000110000000000000000000000000001110000000000000011111000
11001101111100000000011111000111001110000011111001110011000000000000000000000000000000000000000000000000000000000000000000000000001000000000000000000000000000000000000000011000111110000000000011111100
11001101111100000000011111000111001110000011111001110011000000000000000000000000000000000000000000000000000000000000000000000000001000000000000000000000000000000000000000011000111110000000000011111100
11111111111011001110010011100001111111111100110111111111111000000000000000000000000000000000000000000000000000000011001000000000000000000000000001000000000000000000000000000000000011100000000000000011
11111110000111110111111111011111001100000100001111110000110000000000000000000000000000000000001100011001000000000000000000011000000000000000000000000000000000000000000000000000001111100000000000000000
11111110000111110111111111011111001100000100001111110000110000000000000000000000000000000000001100011001000000000000000000011000000000000000000000000000000000000000000000000000001111100000000000000000
11111111100100111001111111111111111100011011111110001111110000000000000000000000000000000001110000000110000000011011001000011000110000001100000000000000000000000000000000000000001111111111001110000000
11111111100100111001111111111111111100011011111110001111110000000000000000000000000000000001110000000110000000011011001000011000110000001100000000000000000000000000000000000000001111111111001110000000
11111110011000001111111100011111111111100011000111110011111000000000000000000000000000000000000000011110111100011011000000000011001000010000000111110000000000000000000000000001110011111111111101100000
11111110011000001111111100011111111111100011000111110011111000000000000000000000000000000000000000011110111100011011000000000011001000010000000111110000000000000000000000000001110011111111111101100000
11111110000000001110010011011111110001100000110110011111111000000000000000000000000000000000001100111000111110000000110000000000001110010000000001110000000000000000000000000000000010011111001111100000
00000000000000000001111111000110001100011000000111100011000110000000000000000000000000000110010000011110000001111100110000000000001000010000000110110000000000000000000000011000000001111011111100000000
00000000000000000001111111000110001100011000000111100011000110000000000000000000000000000110010000011110000001111100110000000000001000010000000110110000000000000000000000011000000001111011111100000000
00000000000100111111111111000000000000000111111001100000001000000000000000000000000011000111101100011111110000011000000000000000000000011100000111111100000000000000000000000001000010000011000001100000
00000000000100111111111111000000000000000111111001100000001000000000000000000000000011000111101100011111110000011000000000000000000000011100000111111100000000000000000000000001000010000011000001100000
01000000011100000110011111000110110011100000001001101100000000000000000000000000011000111111100011011110001110000111000000011100000001110000011000111110000000000000000000000000001100000011111110000000
10000001100011000110001111111001111111111011000000000000110000000000000000000000000000111111110000111111111100000100000000000000000000010011100000110000000000000000000000000000000000000000110000000000
10000001100011000110001111111001111111111011000000000000110000000000000000000000000000111111110000111111111100000100000000000000000000010011100000110000000000000000000000000000000000000000110000000000
11000000011000000000001111100111111111100000000000000000000000000000000000110000000100001110000000111110110000000000000000000000000000000000000000001100000000000000000000000000000000000000000010000000
11000000011000000000001111100111111111100000000000000000000000000000000000110000000100001110000000111110110000000000000000000000000000000000000000001100000000000000000000000000000000000000000010000000
00000000011000000000000000000111110010000000000000000000000000000000000000000000000000000000000000000111000000000000000110000000000000001100000000000000000000000000000000000000000000000000001100000000
00000000000100000000000000000000110000000000000000000000000000000000000000001100000000000000000000000000111110011000000000011000001001100000100000000011100000000000000000000000000000000000000000000000
00000000000100000000000000000000110000000000000000000000000000000000000000001100000000000000000000000000111110011000000000011000001001100000100000000011100000000000000000000000000000000000000000000000
00000000000011110000000000000000001100000011000000000000000000000000000000000000000000000000000000011111111110000100000001111111000000010000100001111100000000000000000000000000000000000000000000000000
00000000000011110000000000000000001100000011000000000000000000000000000000000000000000000000000000011111111110000100000001111111000000010000100001111100000000000000000000000000000000000000000000000000
00000000000000000000000000000001110011111000000001110000000000000000000000000000000000000000000000111110110010011100001000000111000000011111111111001100000000000000000000000000000000000000000001100000
00000000000100001111100000000000110000000000000110000000000000000000000000000000000000000000000011111111110010000011001001100000000000000000111111001100000000000000000000000000000000000000000001100000
00000000000100001111100000000000110000000000000110000000000000000000000000000000000000000000000011111111110010000011001001100000000000000000111111001100000000000000000000000000000000000000000001100000
00000001100000000000000000000000000000011100000001110000000000000000000000000000000000000110010011011001000010000000000000000011000000001100111110001110000000000000000000000000000000000000000000000000
00000001100000000000000000000000000000011100000001110000000000000000000000000000000000000110010011011001000010000000000000000011000000001100111110001110000000000000000000000000000000000000000000000000
00110001111011110111100000000000000011100000000000000000000000000000000000000000000000001110011111000000000010000011000000000000000000010000011110111100000000000000000000000000000000000000000000000000
00001100000011111001110000000000000000000011110000000000000000000000000000000000000000001111100011111000001111100000000000000011000000010000000000000000000000000000000000000000000000000000000000000000
00001100000011111001110000000000000000000011110000000000000000000000000000000000000000001111100011111000001111100000000000000011000000010000000000000000000000000000000000000000000000000000000000000000
01110000011111111000000011000000000000011111000110010000000000000000000000000000000000000000000000000001000000000000000000000000000000000000000000000000000000000000000000000000000000000000000000000000
01110000011111111000000011000000000000011111000110010000000000000000000000000000000000000000000000000001000000000000000000000000000000000000000000000000000000000000000000000000000000000000000000000000
11001111111011111110000011000000000000000000000000001100000000000000000000000000000000000000010000000000000000000011000000000000000000000000000000000000000000000000000000000000000000000000000000000000
00111111100011111000001100100000000000000000000110000000000000000000000000000000000111001000000000000000000001100011110000000000000000000000000000000000000000000000000000000000000000000000000000000000
00111111100011111000001100100000000000000000000110000000000000000000000000000000000111001000000000000000000001100011110000000000000000000000000000000000000000000000000000000000000000000000000000000000
00111111100011001000001100011110000000000000001001110000001000000011000000000000011111000000000000000000110000000000110000000000000000000000000000000000000000000000000000000000000000000000000000000000
00111111100011001000001100011110000000000000001001110000001000000011000000000000011111000000000000000000110000000000110000000000000000000000000000000000000000000000000000000000000000000000000000000000
00001111100000000001100000000001000000000000000111101100000110000000000000000000011100000000000000000000110000000000110001100000000000000000000000000000000000000000000000000000000000000000000000000000
00001110000000000000000000000001000000000000000001110000000000000000000111001111111000000000000000000001110000000011000000000000000000000000000000000000000000000000000000011001000000000000000000000000
00001110000000000000000000000001000000000000000001110000000000000000000111001111111000000000000000000001110000000011000000000000000000000000000000000000000000000000000000011001000000000000000000000000
00001100000000000110000000000000000000000000000001111111000000000000000000000001111000000000000000000000110000000000000000000000000000000000000000000000000000000000000000011111110000000000000000000000
00001100000000000110000000000000000000000000000001111111000000000000000000000001111000000000000000000000110000000000000000000000000000000000000000000000000000000000000000011111110000000000000000000000
00000000000000000000000000000000000000000000000000001100000000010000000000111101111000000111110011000111111110000000000000000000000000000000000000000000000000000000000000100000000001100000000000000000
00000000000000000000000000000000000000000100000000000000000000000000000000000001111000110000010000100111111100000000000000000000000000000000000000000000000000000000000011011110110000000000000000000000
00000000000000000000000000000000000000000100000000000000000000000000000000000001111000110000010000100111111100000000000000000000000000000000000000000000000000000000000011011110110000000000000000000000
00000000000000000000000000000000000000000000000000001100000000000000100000001111100011000000000000000001110000011000000000011000000000000000000000000000000000000000000000011111000000000000000000000000
00000000000000000000000000000000000000000000000000001100000000000000100000001111100011000000000000000001110000011000000000011000000000000000000000000000000000000000000000011111000000000000000000000000
00000000000000000000000000000000000000000111000000000000110000010000100110001110000100110000000000011001000001100000000000000000000000000000000000000000000000000000000000111000001100000000000000000000
00000000000000000000000000000000000000000000000000000000111000000011011001110001111111111110000000000000111111100000000001100000000000000000000000000000000000000000000000111000001100000000000000000000
00000000000000000000000000000000000000000000000000000000111000000011011001110001111111111110000000000000111111100000000001100000000000000000000000000000000000000000000000111000001100000000000000000000
00000000000000000001100000000000000000000000000000000000111110000000111111110011111111001110001100011111001100000000000000000011000110000000000000000000000000000000000000111110001110000000000000000000
00000000000000000001100000000000000000000000000000000000111110000000111111110011111111001110001100011111001100000000000000000011000110000000000000000000000000000000000000111110001110000000000000000000
00000000000000000000000000000000000000011000000000000011111111110000100111110001100000110000011100011111111110000000000001111011000000000000000000000000000000000001101100111110000000000000000000000000
00000000000000000000000000000000000000000000000000000000000111111100000111111111111000111110000000100110000000000000000001100011000000000000000000000000000000000000000000100000000000000000000000000000
00000000000000000000000000000000000000000000000000000000000111111100000111111111111000111110000000100110000000000000000001100011000000000000000000000000000000000000000000100000000000000000000000000000
00000000000000000000000000000000000001100000000000000000000001111111111111111111100000111110000000011000000000000000000110000000000000000000000000000000000000000110000000100000000000000000000000000000
00000000000000000000000000000000000001100000000000000000000001111111111111111111100000111110000000011000000000000000000110000000000000000000000000000000000000000110000000100000000000000000000000000000
00000000000000000000000000000000000000000000000000000000000111111111011111111111111011000110000000111000000000000000001111100000000000000000000000000000000000000000011111111000000000000000000000000000
00000000000000000000000000000000000000000000000000000000000000011111111111111111100000001110010000100000000000000000001000000000000000000000000000000000000000001111100000111000000000000111000000000000
00000000000000000000000000000000000000000000000000000000000000011111111111111111100000001110010000100000000000000000001000000000000000000000000000000000000000001111100000111000000000000111000000000000
00000000000000000000000000000000000000000000000000000000000000011111111111111101111100110001110000000000000000000000000000000000000000000000000000000000000000111111111111111001000000000000000000000000
00000000000000000000000000000000000000000000000000000000000000011111111111111101111100110001110000000000000000000000000000000000000000000000000000000000000000111111111111111001000000000000000000000000
00000000000000000000000000000000000000000000000000000000000000001100011111000001111111110110001111111000000000000100000000000000000000000000000000000000000000000001100000011001111100000000000000000000
00000000000000000000000000000000000000000000000000000000000000001100011111000001111111110110001111111000000000000100000000000000000000000000000000000000000000000001100000011001111100000000000000000000
00000000000000000000000000000000000000000000000000000000000000000000000111111110000000110000001111011000000000000111000000000000000000000000000000000000000000000000000000111110110010000000000000000000
00000000000000000000000000000000000000000000000000000000000000000000000111110000000111110000000011100000000000011111110110000000000000000000000000000000000000000000000000011001000010000000000000000000
00000000000000000000000000000000000000000000000000000000000000000000000111110000000111110000000011100000000000011111110110000000000000000000000000000000000000000000000000011001000010000000000000000000
00000000000000000000000000000000000000000000000000000000000000000000011111000010000000000000000011011000000001111111111000000000001000000000000000000000000000000001100000000000000011111000000000000000
00000000000000000000000000000000000000000000000000000000000000000000011111000010000000000000000011011000000001111111111000000000001000000000000000000000000000000001100000000000000011111000000000000000
00000000000000000000000000000000000000000000000000000000000000000000100111000000011000000000000011100000000000011111110110000000111000000000000110000000000000000000000000000111000000000011000000000000
00000000000000000000000000000000000000000000000000000000000000000000000000001100011111000000000000000000000001111100000000011000000000000000000000000000000000000000000000000000001100000000000000000000
00000000000000000000000000000000000000000000000000000000000000000000000000001100011111000000000000000000000001111100000000011000000000000000000000000000000000000000000000000000001100000000000000000000