11111101111111111111111111111111111111111111122222222222111111111111111111011000000000000000000000000000000000000000000000000000000000000000000000000000000000000000000000000000000000000000000000000000
11111111111111111111111111111111111111111111122222222222011111111111111110000000000000000000000000000000000000000000000000000000000000000000000000000000000000000000000000000000000000000000000000000000
11111111111111111111111111111111111111111111112222222222011111111111111110000000000000000000000000000000000000000000000000000000000000000000000000000000000000000000000000000000000000000000000000000000
11111111111111111111111111111111111111111111112222222222011111111111111111100000000000000000000000000000000000000000000000000000000000000000000000000000000000000000000000000000000000000000000000000000
11111111111111111111111111111111111111111111112222222222111111111111111111111100000000000000000000000000000000000000000000000000000000000000000000000000000000000000000000000000000000000000000000000000
11111122211111111111111111111111111111111111111122200001111111111111111111111100000000000000000000000000000000000000000000000000000000000000000000000000000000000000000000000000000000000000000000000000
11122222221111111111111111111111111111111111111111111111111111111111111111111100000000000000000000000000000000000000000000000000000000000000000000000000000000000000000000000000000000000000000000000000
11222222222111111111111111111111111111111122222211111111111111111111111111111100000100000000000000000000000000000000000000000000000000000000000000000000000000000000000000000000000000000000000000000000
11222222222011111111111111111111111111111122222201111111111111111111111111111111111000000000000000000000000000000000000000000000000000000000000000000000000001000000000000000000000000000000000000000000
22222222222011111111111111111111111111111122222221111111111111111111111111111111111000000000000000000000000000000000000000000000000000000000000000000000000001000000000000000000000000000000000000000000
11222222222011111111111111111111111111111122222221111111111111111111111111111111111100100000000000000000000000000000000000000000000000000000000000000000000111000000000100000000000000000000000000000000
11222222222111111111111111111111111111111122222221111111111111111111111111111111111100000000000000000000000000000000000000000000000000000000000000000000000000001000000000000000000000000000000000000000
11101112221111111111111111111111111111111122222211111111111111111111111111111111111100000000000000000000000000000000000000000000000000000000000000000000000000001000000000000000000000000000000000000000
11111111111111111111111111111111111111111111221111111111111111111111111111111111111111100110000000000000000000000000000000000000000000000000000000000110000111111111111000000000000000000000000000000000
11111111111111111111111111111111111111111111111111111111111111111111111111111111111111111111100000000000000000000000000000000000000100010000010000000000111111110111000000000000000000000000000000000000
11111111111111111111111111111111111111111111111111111111111111111111111111111111111111111111100000000000000000000000000000000000000100010000010000000000111111110111000000000000000000000000000000000000
11111111111111111111111111111111111111222111111111111111111111111111111111111111111111122211110000000000000000000000000000000000011100001100000011001110111111001111100000100000000000000000000000000000
11111111111111111111111111111111222222222211111111111111111111111111111111111111111111122221100000000000000000000000000000000011111000010001111111111111111001001111111111100000000000000000000000000000
11111111111111111111111111111111222222222211111111111111111111111111111111111111111111122221100000000000000000000000000000000011111000010001111111111111111001001111111111100000000000000000000000000000
11111111111111111111111111111111222222222211111111111111111111111111111111111111111111112211110000000000000000000000000000000011111001100011111111111111111111110111111111100000000000000000000000000000
11111111111111111111111111111111102222222211111111111111111111111111111111111111111111200122221100002000000000000000000000000011111101111111111111111001111111111011111111100000000000000000000000000000
11111111111111111111111111111111111102222211111111111111111111111111111111111111111111222222222100222000000000000000000000000000011111111110000011111111111111111111111111100000000000000000000000000000
11111111111111111111111111111111111102222211111111111111111111111111111111111111111111222222222100222000000000000000000000000000011111111110000011111111111111111111111111100000000000000000000000000000
11111111111111111111111111111111111102222211111111111111111111111111111111111111122211222222202222222000110110000000000000000111111111111111111111111111111111111111111111100000000000000000000000000000
11111111111111111111111111111111111111222111111111111111111111111111111111111111122211120011122222222222201110000000000000000000111111111111111111111111111111111111111111100000000000000000000000000000
11111111111111111111111111111111111111222111111111111111111111111111111111111111122211120011122222222222201110000000000000000000111111111111111111111111111111111111111111100000000000000000000000000000
11111111111111111111111111111111111111111111111111111111111111111111111111111111122222222222222222222222222111110000000000000000011111111111111111111111111111111111111111100000000000000000000000000000
11111111111111111111111111111111111111111111111111111111111111111111111122011111122211222222222222222222222221000000011000000011111111111111111111111111111111111111111111100000000000000000000000000000
11111111111111111111111111111111111111111111111111111111111111111111112222011111100011222222222002222222222201000000011000000011111111111111111111111111111111111111111111100000000000000000000000000000
11111111111111111111111111111111111111111111111111111111111111111111112222111111111111222222222002222222222201000000000000000000111111111111111111111111111111111111111111000000000000000000000000000000
11111111111111111111111111111111111111111111111111111111111111111111111111111111111111122212222220222222222112222000011100000011111111111111111111111111111111111111111111000000000000000000000000000000
11111111111111111111111111111111111111111111111111111111111111111111111111111111111111222222222220222222222222222220011100000011111111111111111111111111111111111111111111000000000000000000000000000000
11111111111111111111111111111111111111111111111111111111111111111111111111111111111111222222222221222222222222222220011100111111111111111111111111111111111111111111111111000000000000000000000000000000
11111111111111111111111111111111111111111111111111111111111111111111111111111111111111112222222222011222222222222222221111111111111111111111111111111111111111111011111111000000000000000000000000000000
11111111111111111111111111111111111111111111111111111111111111111111111111111111111111112222222222222222222222222221111111111111111111111111111111111111111111111111111111000000000000000000000000000000
11111111111111111111111111111111111111111111111111111111111111111111111111111111111111111022222222222200222222222001111111111111111111111111111111111111111111111111111111000000000000000000000000000000
11111111111111111111111111111111111111111111111111111111111111111111111111111111111111111122222222222201222222222111111111111111111111111111111111111111111111111011111111000000000000000000000000000000
11111111111111111111111111111111111111111111111111111111111111111111111111111111111111111111112222221111111122211111111111111111111111111111111111111111111111111111111111000000000000000000000000000000
11111111111111111111111111111111111111111111111111111111111111111111111111111111111111111111112222011111111111111111111111111111111111111111111111111111111111111111111111000000000000000000000000000000
11111111111111111111111111111111111111111011111111111111111111111111111111111111111111111111112222111111111111111111111111111111111111111111111111111111111111111111111100000000000000000000000000000000
11111111111111111111111111111111111111022200111111111111111111111111111111111111111111111111122221111111111111111111111111111111111110011111111111111111111111111111111100000000000000000000000000000000
11111111111111111111111111111111111111222222211111111111111111111111111111111111111111111111122221111111111111111111111111111111111110011111111111111111111111111111111100000000000000000000000000000000
11111111111111111111111111111111111111222222221111111111111111111111111111111111111111111112222011111111111111111111111111111111111111111111111111111111111111111111111100000000000000000000000000000000
11111111111111111111111111111111111111222222221111111111111111111111111111111111111111111112222011111111111111111111111111111111111111110011111101111001111111111111111100000000000000000000000000000000
11111111111111111111111111111111111111222222201111111111111111111111111111111111111111111122220011111111111111111111111111111111111111110011111101111001111111111111111100000000000000000000000000000000
11111111111111111111111111111111111111222222211111111111111111111111111111111111111111111122222111111111111111111111111111111111111111101101101111111111111111111111111100000000000000000000000000000000
11111111111111111111111111111111111100222222211111111111111111111111111111111111111111111122222111111111111111111111111111111011100111111111110000111111111111111111111100000000000000000000000000000000
11111111111111111111111111111111111102222222111111111111111111111111111111111111111111111102221111111111111111111111111111111011100111111111110000111111111111111111111100000000000000000000000000000000
11111111111111111111111111111111111100222200111111111111111111111111111111111111111111111100011111111111111111111111111111111111111111111101101110001111111111111111111000000000000000000000000000000000
11111111111111111111111111111111111111222011111111111111111111111111111111111111111111111111111111111111111111111111111111111111011100000001101111110111111111111111111000000000000000000000000000000000
11111111111111111111111111111111111111222111111111111111111111111111111111111111111111111111111111111111111111111111111111111111111011111111100000000111111111111111111000000000000000000000000000000000
11111111111111111111111111111111111111111111111111111111111111111111111111111111111111111111111111111111111111111111111111111111111011111111100000000111111111111111111000000000000000000000000000000000
11111111111111111111111111111111111111111111111111111111111111111111111111111111111111111111111111111111111111111111111111111111100111100010000000000111111111111111111000000000000000000000000000000000
11111111111111111111111111111111111111111111111111111111111111111111111111111111111111111111111111111111111111110111111111111111111011101111110001000001001111111111111000000000000000000000000000000000
11111111111111111111111111111111111111111111111111111111111111111111111111111111111111111111111111111111111111110111111111111111111011101111110001000001001111111111111000000000000000000000000000000000
11111111111111111111111111111111111111111111111111111111111111111111111111111111111111111111111111111111111111111111111111111111111111111111110000000000000001111111000000000000000000000000000000000000
11111111111111111111111111111111111111111111111111111111111111111111111111111111111111111111111111111111111111111001111111111111111110000001101100110000000001111111100000000000000000000000000000000000
11111111111111111111111111111111111111111111111111111111111111111111111111111111111111111111111111111111111111111001111111111111111110000001101100110000000001111111100000000000000000000000000000000000
11111111111111111111111111111111111111111111111111111111111111111111111111111111111111111111111111111111111110111111111111111111011111100001110000000000000001111111000000000000000000000000000000000000
11111111111111111111111111111111111111111111111111111111111111111111111111111111111111111111111111111111111001111111111111111111111111100011100000001000000000000111000000000000000000000000000000000000
11111111111111111111111111111111111111111111111111111111111111111111111111111111111111111111111111111111111001111111111111111111111111100011100000001000000000000111000000000000000000000000000000000000
11111111111111111111111111111111111111111111111111111111111111111111111111111111111111111111111111110010111111111111111111111111111111100011110011000000001000000000000000000000000000000000000000000000
11111111111111111111111111111111111222111111111111111111111111111111111111111111222111111111110011111111000111111111111111111111111111110011101100000000110000000000000000000000000000000000000000000000
11111111111111111111111111111110112222111211111111111111111111111111111111111102222211111111111101101100111001001111011111111100111001100011100010000000000000110000000000000000000000000000000000000000
11111111111111111111111111111110112222111211111111111111111111111111111111111102222211111111111101101100111001001111011111111100111001100011100010000000000000110000000000000000000000000000000000000000
11111111111111111111111111111022220222122222111111111111111111111111111111102222222211111111111101101100110001111111111111111111111111111100010000000000000000000000000000000000000000000000000000000000
11111111111111111111111111111122222222111211111111111111111111111111111111222222222111111111111101101100000111111111111111011100111001110011100000000000000000000000000000000000000000000000000000000000
11111111111111111111111111111122222222111211111111111111111111111111111111222222222111111111111101101100000111111111111111011100111001110011100000000000000000000000000000000000000000000000000000000000
11111111111111111111111111111111111222211111111111111111111111111111111111102222211111111111101111111111111110001111111111111111100100000001100000000000000000000000000000000000000000000000000000000000
11111111111111111111111111111111111222211111111111111111111111111111111111111222211111111111101111110011110000001111111111111100100100010000000000000000000000000000000000000000000000000000000000000000
11111111111111111111111111111111111000011111111111111111111111111111111111111000011111111111101111110011110000001111111111111100100100010000000000000000000000000000000000000000000000000000000000000000
11111111111111111111111111111111111111111111111111111111111111111111111111111111111111111111111111111111111111001111111111111011100010010000000000000000000000000000000000000000000000000000000000000000
11111111111111111111111111111111111111111111111111111111111111111111111111111111111111111111111111110011111110001111011111111011100000000000000000000000000000000000000000000000000000000000000000000000
11111111111111111111111111111111111111111111111111111111111111111111111111111111111111111111111111110011111110001111011111111011100000000000000000000000000000000000000000000000000000000000000000000000
11111111111111111111111111111111111111111111111111111111111111111111111111111111111111111111111111111100110111111001011111000000100000000000000000000000000000000000000000000000000000000000000000000000
11111111111111111111111111111111111111111111111111111111111111111111111111111111111111111111111111111111111111111000000000000000000000000000000000000000000000000000000000000000000000000000000000000000
11111111111111111111111111111111111111111111111111111111111111111111111111111111111111111111111111111111111111111111011000000000000000000000000000000000000000000000000000000000000000000000000000000000
11111111111111111111111111111111111111111111111111111111111111111111111111111111111111111111111111111111111111111111011000000000000000000000000000000000000000000000000000000000000000000000000000000000
11111111111111111111111111111111111111111111111111111111111111111111111111111111111111111111111111111111111111110111000000000000000000000000000000000000000000000000000000000000000000000000000000000000
11111111111111111110111111111111111111111111111111111111111111111111111111111111111111111111111111111111111111111111000000000000000000000000000000000000000000000000000000000000000000000000000000000000
11111111111111111110111111111111111111111111111111111111111111111111111111111111111111111111111111111111111111111111000000000000000000000000000000000000000000000000000000000000000000000000000000000000
11111111111111110010110111111111111111111111111111111111111111111111111111111111111111111111111111111111111111111111000000000000000010000000000000000000000000000000000000000000000000000000000000000000
11111111111111110011111111111111111111111111111111111111111111111111111111111111111111111111111111111111111111111110000000000000000000000000000000000000000000000000000000000000000000000000000000000000
11111111111111110011111111111111111111111111111111111111111111111111111111111111111111111111111111111111111111111110000000000000000000000000000000000000000000000000000000000000000000000000000000000000
11111111111111111101000111111111111111111111111111111111111111111111111111111111111111111001111111111111110111110000011000000000000000000000000000000000000000000000000000000000000000000000000000000000
11111111111111110010000111111111111111111111111111111111111111111111111111111111111111111111111111111111110111000000011000000000000000000000000000000000000000000000000000000000000000000000000000000000
11111111111111110010000111111111111111111111111111111111111111111111111111111111111111111111111111111111110111000000011000000000000000000000000000000000000000000000000000000000000000000000000000000000
11111111111111101110000000001111111111111111111111111111111111111111111111111111111111111101111111111111111110000111100000000000000000000000000000000000000000000000000000000000000000000000000000000000
11111111111111110011000001111111111111111111111111111111111111111111111111111111111111100111111111111111111111000111000000000000000000000000000000000000000000000000000000000000000000000000000000000000
11111111111111110011000001111111111111111111111111111111111111111111111111111111111111100111111111111111111111000111000000000000000000000000000000000000000000000000000000000000000000000000000000000000
11111111111111111110110001111111111111111111111111111111111111111111111111111111111111111110011111111111001001110000000000000000000000000000000000000000000000000000000000000000000000000000000000000000
11111111111111111111110001111111111111111111111111111111111111111111111111111111111111111111101111111111001000111000000000000000000000000000000000000000000000000000000000000000000000000000000000000000
11111111111111111100001111111111111111111111111111111111111111111111111111111111111111100100011111111111000000001000100000000000000000000000000000000000000000000000000000000000000000000000000000000000
11111111111111111100001111111111111111111111111111111111111111111111111111111111111111100100011111111111000000001000100000000000000000000000000000000000000000000000000000000000000000000000000000000000
11111111111111111101001111111111111111111111111111111111111111111111111111111111100100000011111111111110111000001000000000000000000000000000000000000000000000000000000000000000000000000000000000000000
11111111111111110010000001000111111111111111111111111111111111111111111111111111111100000001111111111111000111001110000000000000000000000000000000000000000000000000000000000000000000000000000000000000
11111111111111110010000001000111111111111111111111111111111111111111111111111111111100000001111111111111000111001110000000000000000000000000000000000000000000000000000000000000000000000000000000000000
11111111111111111101000111111111111111111111111111111111111111111111111111111111111000000001101101110011110110000110000000000000000000000000000000000000000000000000000000000000000000000000000000000000
11111111111111111100111111111111111111111111111111111111111111111111111111100111111011111000000010000000000000111000000000000000000000000000000000000000000000000000000000000000000000000000000000000000
11111111111111111100111111111111111111111111111111111111111111111111111111100111111011111000000010000000000000111000000000000000000000000000000000000000000000000000000000000000000000000000000000000000
11111111111110001101111111001111111111111111111111111111111111111111111111111111000111000000000000001100001110111110011100011000000000000000000000000000000000000000000000000000000000000000000000000000
11111111111111111111111111111111111111111111111111111111111111111111111111100111111011000100010000000000001111111111000000000000000000000000000000000000000000000000000000000000000000000000000000000000
11111111111111111111111111111111111111111111111111111111111111111111111111100111111011000100010000000000001111111111000000000000000000000000000000000000000000000000000000000000000000000000000000000000
11111111111111111111111111111111111111111111111111111111111111111111111111000100000000000000000000000000001001111111100100111011000000000000000000000000000000000000000000000000000000000000000000000000
11111111111111111111111111111111111111111111111111111111111111111111111111111011000000000000000000000001001001000111111111111111100000000000000000000000000000000000000000000000000000000000000000000000
11111111111111111111111111111111111111111111111111111111111111111111111111111000000000000000000000000001110111111111111111111111111100001100000000000000000000000000000000000000000000000000000000000000
11111111111111111111111111111111111111111111111111111111111111111111111111111000000000000000000000000001110111111111111111111111111100001100000000000000000000000000000000000000000000000000000000000000
11111111111111111111111111111111111111111111111111111111111111111111111111111000000000000000000000000000111111111111111111111111111100000000000000000000000000000000000000000000000000000000000000000000
11111111111111111111111111111111111111111111110001101100001111111111111111111100000000000000000010000001111111111111111111111111111111100000000000000000000000000000000000000000000000000000000000000000
11111111111111111111111111111111111111111111110001101100001111111111111111111100000000000000000010000001111111111111111111111111111111100000000000000000000000000000000000000000000000000000000000000000
11111111111111111111111111111111111111111111111110011100011111111111111111111100000000000000001111111110110111111111111111111111111111111100000000000000000000000000000000000000000000000000000000000000
11111111111111111111111111111111111111111111111111111111111111111111001111111100000000000000000000001111111111111111111111111111111111110000000000000000000000000000000000000000000000000000000000000000
11111111111111111111111111111111111111111111111111111111111111111111001111111100000000000000000000001111111111111111111111111111111111110000000000000000000000000000000000000000000000000000000000000000
11111111111111111111111111111111111111111011111111100000011101111111111111111000000000000000000011111110111111111111111111100111111111110000000000000000000000000000000000000000000000000000000000000000
11111111111111111111110111111111111111100111111111100000000001111110111110100000011000000001111111111111111111111111111111111111111101100000000000000000000000000000000000000000000000000000000000000000
11111111111111111111110111111111111111100111111111100000000001111110111110100000011000000001111111111111111111111111111111111111111101100000000000000000000000000000000000000000000000000000000000000000
11111111111111111111111111111111111111111111111111101100001101000000111000111000000000000001111111111111111111111111111111111111111100000000000000000000000000000000000000000000000000000000000000000000
11111111110001111110111111111111111111111111111111111111100000000000110110011000000000000000001111111110001111111111111111111111111100000000000000000000000000000000000000000000000000000000000000000000
11111111111111111111111111111111111111111111111111110010010011000000000000000000000000000000000000000011111111111111111111111111111000000000000000000000000000000000000000000000000000000000000000000000
11111111111111111111111111111111111111111111111111110010010011000000000000000000000000000000000000000011111111111111111111111111111000000000000000000000000000000000000000000000000000000000000000000000
11111111111101111111111111111111111111111111111111110011101110110000000000000000000000000000000000001100111111111111111111111100000000000000000000000000000000000000000000000000000000000000000000000000
11111111111111111111001111111111111111111111111111111111111111000000000000000000000000000000000000001100111111111111111111111111000000000000000000000000000000000000000000000000000000000000000000000000
11111111111111111111001111111111111111111111111111111111111111000000000000000000000000000000000000001100111111111111111111111111000000000000000000000000000000000000000000000000000000000000000000000000
00110001101110010011111111111111111111111111111111111111111101110110000000000000000000000000000000000000111111111111111111111011100000000000000000000000000000000000000000000000000000000000000000000000
00000001101100011111111111111111111111111111111101111111111111110110000000000000000000000000000000001101111111111111111111111111100000000000000000000000000000000000000000000000000000000000000000000000
00000001101100011111111111111111111111111111111101111111111111110110000000000000000000000000000000001101111111111111111111111111100000000000000000000000000000000000000000000000000000000000000000000000
00000000000001111111111111111111111111111111111111111111110011111111110110000000000000000000001100000010111111111111111111111100000000000000000000000000000000000000000000000000000000000000000000000000
00001100000011101111111111111111111111111111111111111111111111111111111000111000000000000000001100000011111111111111111111111100000000000000000000000000000000000000000000000000000000000000000000000000
00001100000011101111111111111111111111111111111111111111111111111111111000111000000000000000001100000011111111111111111111111100000000000000000000000000000000000000000000000000000000000000000000000000
00000000000001111111111111111111111111111111111111111111101111111111111111100000000000000000000000000010111111111111111111111000000000000000000000000000000000000000000000000000000000000000000000000000
00000000000000010011111111111111111111111111111111111111111111111111111111100000000000000000011100010001111111111111111111111100000000000000000000000000000000000000000000000000000000000000000000000000
00000000000000010011111111111111111111111111111111111111111111111111111111100000000000000000011100010001111111111111111111111100000000000000000000000000000000000000000000000000000000000000000000000000
00000000000001111111111111111111111111111111111111111111111111111111111000000000000000100010011111111110111111111111111111100000000000000000000000000000000000000000000000000000000000000000000000000000
00001110000000010011111111111111111111111111111111111111111111111111111111000000000000000000011111111111111111111111111111111000000000000000000000000000000000000000000000000000000000000000000000000000
00011111100001101111111111111111111111111111111111111111101111111111111110000000000000000000001111111111111111111111111100100000000000000000000000000000000000000000000000000000000000000000000000000000
00011111100001101111111111111111111111111111111111111111101111111111111110000000000000000000001111111111111111111111111100100000000000000000000000000000000000000000000000000000000000000000000000000000
11111111110000010011000001111111111111111111111111111110001101111111110000000000000100000010000011111111111111111111111111100000000000000000000000000000000000000000000000000000000000000000000000000000
11111111111100000000000111111111111111111111111111111111110011111111110000000011000000000000011111111111111111111111111111000000000000000000000000000000000000000000000000000000000000000000000000000000
11111111111100000000000111111111111111111111111111111111110011111111110000000011000000000000011111111111111111111111111111000000000000000000000000000000000000000000000000000000000000000000000000000000
00111111111110000000000111111111111111111111111111111111110011111111000000000011111000111110011111111111111111111111111111000000000000000000000000000000000000000000000000000000000000000000000000000000
11111111111110000000001111111110111111111111111111111111110011111111110000000111111000000111111111111111111111111111111100000000000000000000000000000000000000000000000000000000000000000000000000000000
11111111111110000000001111111110111111111111111111111111110011111111110000000111111000000111111111111111111111111111111100000000000000000000000000000000000000000000000000000000000000000000000000000000
11111111111110000001111111111001111111111111111111111111111111111111110000000000011100011111111111111111111111111111111100000000000000000000000000000000000000000000000000000000000000000000000000000000
11111111111110000010001111000111111111111111111110011110011111111111110000000011011111111111111111111111111111111111111000000000000000000000000000000000000000000000000000000000000000000000000000000000
11111111111110000010001111000111111111111111111110011110011111111111110000000011011111111111111111111111111111111111111000000000000000000000000000000000000000000000000000000000000000000000000000000000
11111111111100000010110000111001111111111111101111111111111111111111110000000000111111111111111111111111111111111111111000000000000000000000000000000000000000000000000000000000000000000000000000000000
11111110000000000001000001111111111111111111111111101111111111111111111000000000011111111111111111111111111111111111100000000000000000000000000000000000000000000000000000000000000000000000000000000000
11010010000000000000001000001001111100111111111111111100011111111111110000000000000111111111111111111111111111111111000000000000000000000000000000000000000000000000000000000000000000000000000000000000
11010010000000000000001000001001111100111111111111111100011111111111110000000000000111111111111111111111111111111111000000000000000000000000000000000000000000000000000000000000000000000000000000000000
11101100000000000000001111110001111111100111110001111110001111111110000000000000000011111111111111111111111111111111000000000000000000000000000000000000000000000000000000000000000000000000000000000000
11110010000000000000000111110001111011111111111100011110001111111000000000000000000011111111111111111111111111111111000000000000000000000000000000000000000000000000000000000000000000000000000000000000
11110010000000000000000111110001111011111111111100011110001111111000000000000000000011111111111111111111111111111111000000000000000000000000000000000000000000000000000000000000000000000000000000000000
11111111100000011111001001111000111111111111111100000010000011000000000000000000000011111111111111111111111111111110000000000000000000000000000000000000000000000000000000000000000000000000000000000000
11111111100001111111001000111110011011111100110000001110000001000000000000000000000000111111111111111111111111001000000000000000000000000000000000000000000000000000000000000000000000000000000000000000
11111111100001111111001000111110011011111100110000001110000001000000000000000000000000111111111111111111111111001000000000000000000000000000000000000000000000000000000000000000000000000000000000000000
11111111110011111111110001000000000011111111101110000000000000110000000000000000000000111111111111111111111110111000000000000000000000000000000000000000000000000000000000000000000000000000000000000000
11111111110011111111000000000000000111111111011101100000000000111001000000000000000000111111111111111111111111110000000000000000000000000000000000000000000000000000000000000000000000000000000000000000
11111111110011111111000000000000000111111111011101100000000000111001000000000000000000111111111111111111111111110000000000000000000000000000000000000000000000000000000000000000000000000000000000000000
11111111110011111110000000000000011111100000000000000000000000001110000000000000000011111111111111111111111111110000000000000000000000000000000000000000000000000000000000000000000000000000000000000000
11111111111111111111001000000110000100000000000000000000000000000001000000000000000011111111111111111111111111000000000000000000000000000000000000000000000000000000000000000000000000000000000000000000
11111111111111101111110111000000000000100000000000010000000000000000000000000000000011111111111111111111111111000000000000000000000000000000000000000000000000000000000000000000000000000000000000000000
11111111111111101111110111000000000000100000000000010000000000000000000000000000000011111111111111111111111111000000000000000000000000000000000000000000000000000000000000000000000000000000000000000000
11110011111111111111111110110000000000011000010010000000000000000000000000000000000011111111111111111111111110000000000000000000000000000000000000000000000000000000000000000000000000000000000000000000
11111111111111111111001110000000000000000000000000000000000000000001000000000000000011111111111111111111000110000000000000000000000000000000000000000000000000000000000000000000000000000000000000000000
11111111111111111111001110000000000000000000000000000000000000000001000000000000000011111111111111111111000110000000000000000000000000000000000000000000000000000000000000000000000000000000000000000000
11111111111111110011111001000000000000000000000000000000000000000001000000000000000011111111111111111111111000000000000000000000000000000000000000000000000000000000000000000000000000000000000000000000
11111111111111111111111110000000000000000100000000000000000000000111110000000000000011111111111111110010001000000000000000000000000000000000000000000000000000000000000000000000000000000000000000000000
11111111111111111111111110000000000000000100000000000000000000000111110000000000000011111111111111110010001000000000000000000000000000000000000000000000000000000000000000000000000000000000000000000000
11111111111111111111111111000000000000000100000000000001110000111111110000000000000011111111111111111110000000000000000000000000000000000000000000000000000000000000000000000000000000000000000000000000
11111111111111111111111111000000000000000000000000000000000000111111111001000000000011111111111111111100000000000000000000000000000000000000000000000000000000000000000000000000000000000000000000000000
11111111111111111111111111000000000000000000000000000000000000111111111001000000000011111111111111111100000000000000000000000000000000000000000000000000000000000000000000000000000000000000000000000000
11111111111111111111111111111000000000000000110000001100010011111111111111000000000011111111111111101101000000000000000000000000000000000000000000000000000000000000000000000000000000000000000000000000
11111111111111111111111110110000000000000111001110000000000011111111111111100000000011111111111111100000000000000000000000000000000000000000000000000000000000000000000000000000000000000000000000000000
11111111111111111111111110110000000000000111001110000000000011111111111111100000000011111111111111100000000000000000000000000000000000000000000000000000000000000000000000000000000000000000000000000000
11111111111111111111111000110000011000000011010000000000000011111111111111100000000011111111111110000000000000000000000000000000000000000000000000000000000000000000000000000000000000000000000000000000
11111111111111111111111111110001111011111111111100001100000011111111111111111011111000111111111110000000000000000000000000000000000000000000000000000000000000000000000000000000000000000000000000000000
11111111111111111111111110000001011000111111101110001100010011111111111111111111111111011111111101100000000000000000000000000000000000000000000000000000000000000000000000000000000000000000000000000000
11111111111111111111111110000001011000111111101110001100010011111111111111111111111111011111111101100000000000000000000000000000000000000000000000000000000000000000000000000000000000000000000000000000
11111111110011111111001110110001111111111111111110001100010011111111111111111111111111111111111100000000000000000000000000000000000000000000000000000000000000000000000000000000000000000000000000000000
11111111111111111111111111111111111111111111111111111111101111111111111111111111111111100011110000000000000000000000000000000000000000000000000000000000000000000000000000000000000000000000000000000000
11111111111111111111111111111111111111111111111111111111101111111111111111111111111111100011110000000000000000000000000000000000000000000000000000000000000000000000000000000000000000000000000000000000
11111111111111111111111111111111111111111111111101111110011111111111111111111111111111111110000000000000000000000000000000000000000000000000000000000000000000000000000000000000000000000000000000000000
11111111111111110011111111111111111111111111111111111111111111111111111111111111111111111111100000000000000000000000000000000000000000000000000000000000000000000000000000000000000000000000000000000000
11111111111111110011111111111111111111111111111111111111111111111111111111111111111111111111100000000000000000000000000000000000000000000000000000000000000000000000000000000000000000000000000000000000
11111111110010011111111111111111111111111111111111111111111111111111111111111111111111111110000000000000000000000000000000000000000000000000000000000000000000000000000000000000000000000000000000000000
11111111111111111111111111111111111111111111111111111111111111111111111111111111111111111110000000000000000000000000000000000000000000000000000000000000000000000000000000000000000000000000000000000000
11111111111111111111111111111111111111111111111111111111111111111111111111111111111111111110000000000000000000000000000000000000000000000000000000000000000000000000000000000000000000000000000000000000
11111111111111111111111111111111111111111111111111111111111111111111111111111111111111111100000000000000000000000000000000000000000000000000000000000000000000000000000000000000000000000000000000000000
11111111111111111111111111111111111111111111111111111111111111111111111111111111111111111110000000000000000000000000000000000000000000000000000000000000000000000000000000000000000000000000000000000000
11111111111111111111111111111111111111111111111111111111111111111111111111111111111111111100000000000000000000000000000000000000000000000000000000000000000000000000000000000000000000000000000000000000
11111111111111111111111111111111111111111111111111111111111111111111111111111111111111111100000000000000000000000000000000000000000000000000000000000000000000000000000000000000000000000000000000000000
11111111110011101111111111111111111111111111111111111111111111111111111111111111111111111110000000000000000000000000000000000000000000000000000000000000000000000000000000000000000000000000000000000000
11111111111111111111111111111111111111111111111111111111111111111111111111111111111111111100000000000000000000000000000000000000000000000000000000000000000000000000000000000000000000000000000000000000
11111111111111111111111111111111111111111111111111111111111111111111111111111111111111111100000000000000000000000000000000000000000000000000000000000000000000000000000000000000000000000000000000000000
11111111111111111111111111111111111111111111111111111111111111111111111111111111111111111110000000000000000000000000000000000000000000000000000000000000000000000000000000000000000000000000000000000000
11111111111111111111111111001111111111111111111111111111111111111111111111111111111111111110000000000000000000000000000000000000000000000000000000000000000000000000000000000000000000000000000000000000
11111111111111111111111111001111111111111111111111111111111111111111111111111111111111111110000000000000000000000000000000000000000000000000000000000000000000000000000000000000000000000000000000000000
11111111110011101110000111111111111111111111111111111111111111111111111111111111111111111100000000000000000000000000000000000000000000000000000000000000000000000000000000000000000000000000000000000000
11111111111111101111111111111111111111111111111111111111111111111111111111111111111111111100010000000000000000000000000000000000000000000000000000000000000000000000000000000000000000000000000000000000
11111111111111101111111111111111111111111111111111111111111111111111111111111111111111111100010000000000000000000000000000000000000000000000000000000000000000000000000000000000000000000000000000000000