00011000000000000000000000000000000000110111101100111111111100000000000000000000000000000000000000000000000000000000000000000000000000000000000000000000000000000000000000000000000000000000000000000111
00011000000000000000000000000000000000110111101100111111111100000000000000000000000000000000000000000000000000000000000000000000000000000000000000000000000000000000000000000000000000000000000000000111
00000000000000000000000000000000000000001001100011111111111100000000000000000000000000001100100000000000000000000000000000000000000000000000000000000000000000000000000000000000000000000000000000001000
00000000000000000000000000000000000000001001100011111111111100000000000000000000000000001100100000000000000000000000000000000000000000000000000000000000000000000000000000000000000000000000000000001000
10000000110000000000000000001100000000001110000011001111111111000001000000000000000000000000111110000000000000000000000000000000000000000000000000000000000000000000000000000000000000000000000000001110
00000000000000000000000000000010000000001000001111111111111111000000111101100111001110000000100110000000000000000000000000000000000000000000000000000000000000000000000000000000000000000000000000000001
00000000000000000000000000000010000000001000001111111111111111000000111101100111001110000000100110000000000000000000000000000000000000000000000000000000000000000000000000000000000000000000000000000001
00000000000000000000000000000010000000110000000011111111111111000000111101111000001111100000111110000000000000000000000000000000000000000000000000000000000000000000000000000000000000000000000000001000
00000000000000000000000000000010000000110000000011111111111111000000111101111000001111100000111110000000000000000000000000000000000000000000000000000000000000000000000000000000000000000000000000001000
00000000000000000000000000000000011111110000000000111110010000000001111100011100000111100000100110000000000000000000000000000000000000000000000000000000000000000000000000000000000000000000000000000001
10000000000000000000000000000000000000000000000011111111100011111111110000000000001000000000011000000000000000000000000000000000000000000000000000000000000000000000000000000000000000000000000000000000
10000000000000000000000000000000000000000000000011111111100011111111110000000000001000000000011000000000000000000000000000000000000000000000000000000000000000000000000000000000000000000000000000000000
00000000000000000000000000000001100000000000000011001110001100100111110000000000000000000000000000000000000000000000000000000000000000000000000000000000000000000000000000000000000000000000000000110000
00000000000000000000000000000001100000000000000011001110001100100111110000000000000000000000000000000000000000000000000000000000000000000000000000000000000000000000000000000000000000000000000000110000
00000000000000000000000000000000011000000000001111110110000011000111000000000000000000000000000000000000000000000000000000000000000000000000000000000000000000000000000000000000000000000000011100110000
00000000000000000000000000000000000000000000000000000001110000111111000000000000000000000000000000000000000000000000000000000000000000000000000000000000000000000000000000000000000000000000000000000000
00000000000000000000000000000000000000000000000000000001110000111111000000000000000000000000000000000000000000000000000000000000000000000000000000000000000000000000000000000000000000000000000000000000
00000000000000000000000000000000000000000000000011000000010011111111110000000000000000000000000000000000000000000000000000000000000000000000000000000000000000000000000000000000000000000000011100000000
00000000000000000000000000000000000000000000000011000000010011111111110000000000000000000000000000000000000000000000000000000000000000000000000000000000000000000000000000000000000000000000011100000000
00000000000000000000000000000000000000000000000011001001101111011000000000000000000000000000000000000000000000000000000000000000000000000000000000000000000000000000000000000000000000000000000100000111
00000000000000000000000000000000000000000000000011001001101111011000000000000000000000000000000000000000000000000000000000000000000000000000000000000000000000000000000000000000000000000000000100000111
00000000000000000000000000000000000000111001110011111000010000100001000000000000000000000000000000000000000000000000000000000000000000000000000000000000000000000000000000000000000000000000000011000000
00000000000000000000000000000000000000001111110011111111110011000000000000000000000000000000000000000000000000000000000000000000000000000000000000000000000000000000000000000000000000000000000011000111
00000000000000000000000000000000000000001111110011111111110011000000000000000000000000000000000000000000000000000000000000000000000000000000000000000000000000000000000000000000000000000000000011000111
00000000000000000000000000000000000000000111110011111110011100111000000000000000000000000000000000000000000000000000000000000000000000000000000000000000000000000000000000000000000000000000011000000111
00000000000000000000000000000000000000000111110011111110011100111000000000000000000000000000000000000000000000000000000000000000000000000000000000000000000000000000000000000000000000000000011000000111
00000000000000000000000000000000000000000111110000000001110000100000000000000000000000000000000000000000000000000000000000000000000011111000000000000000000000000000000000000000000000000000011000001000
00000000000000000000000000000000000111110001110000000001110000000001000000000000000000000000000000000000000000000000000100000000000011011000000000000000000000000000000000000000000000000000000011001110
00000000000000000000000000000000000111110001110000000001110000000001000000000000000000000000000000000000000000000000000100000000000011011000000000000000000000000000000000000000000000000000000011001110
00000000000000000000000000000001100111001001111111000111110000000001000000000000000000000000000000000000000000000000000111000001111100100000000000000000000000000000000000000000000000000000011000000000
00000000000000000000000000000001100111001001111111000111110000000001000000000000000000000000000000000000000000000000000111000001111100100000000000000000000000000000000000000000000000000000011000000000
10000000000000000000000000000010000000001001111111111110000011000000000000000000000000011100000000000000000000000000000000000000001100000000000000000000000000000000000000000000000000000001100100000000
01100000000000000000000000000010000000000110011111001001101100100000000000000000000000000000000000000000000000000000000000110000000000000000000000000000000000000000000000000000000000000001111100110110
01100000000000000000000000000010000000000110011111001001101100100000000000000000000000000000000000000000000000000000000000110000000000000000000000000000000000000000000000000000000000000001111100110110
00000000000000000000000000000000000011000001111111001110001111111000000000000000000000000000100000000000000000000000000000000000000000000000000000000100000000000000000000000000000000000000011011110110
00000000000000000000000000000000000011000001111111001110001111111000000000000000000000000000100000000000000000000000000000000000000000000000000000000100000000000000000000000000000000000000011011110110
01100000000000000011000000111100011000000111111111111111111111111001000010000100000000000000000000000000000000000000000000111000000000000000000000000100000000000000000000000000000000000001100111001111
00011100000000000000000000000011100011111110011111111111110011111111110000000000000000000000011000000000000000000000000000001110000000000111110000000000001110000000000000000000000000000001111011111110
00011100000000000000000000000011100011111110011111111111110011111111110000000000000000000000011000000000000000000000000000001110000000000111110000000000001110000000000000000000000000000001111011111110
00000000000000000000000000000011100000001111101111111111110011111110001110000000000000010000000110111110000000000000000000110110001100000001001101100100000000000000000000000000000000000010000000001000
00000000000000000000000000000011100000001111101111111111110011111110001110000000000000010000000110111110000000000000000000110110001100000001001101100100000000000000000000000000000000000010000000001000
00000000000000000000000000001100000111110000001111001110000000000000111111100000000000000000111000111100000000000000000000000000000000000001000001111111111001100000000000000000000000000011111000111110
00000000000000000000000000000000011000000110001111110001110000000001110011100000000000000000000111111100011000000000000011000110000000000000001111111011110000000011000000000000000000000001100000000000
00000000000000000000000000000000011000000110001111110001110000000001110011100000000000000000000111111100011000000000000011000110000000000000001111111011110000000011000000000000000000000001100000000000
00000100000000000000000000000000000000000111111111111111110011111110000000000000000000000000000000000000000000110000011000110001110011111000001101111011111111110011000000000000000000000010000000000111
00000100000000000000000000000000000000000111111111111111110011111110000000000000000000000000000000000000000000110000011000110001110011111000001101111011111111110011000000000000000000000010000000000111
00000111000000000000000000000000000000001111100011111000000011000001000000000000000000001100011110000000000000000000000011110000000000111111001100011111110111111100100110000000000000001110000000000001
00011100000000000000000000000000000000000000000000000000000000011000000000011000001110000000011110000001100000000000000000110111100000000111111111100011111000011100111110000000000000000000000000001111
00011100000000000000000000000000000000000000000000000000000000011000000000011000001110000000011110000001100000000000000000110111100000000111111111100011111000011100111110000000000000000000000000001111
11111100000000000000000000000000000000110000000000000000000011011000000011111000001111100000011110110011111100000000011000111110010011011001111110011011111111111100100000000000000000000000000000000001
11111100000000000000000000000000000000110000000000000000000011011000000011111000001111100000011110110011111100000000011000111110010011011001111110011011111111111100100000000000000000000000000000000001
10000000000000000000000000000000000000000000000000001000000000000001111111111011110000000000000000111111111100000001100000110000001111100001111111111111000111100000011000000000011100110001111011000111
11100000000000000000000000000000000000000000000000000110000000000001111110000111111000000011000001000010011100000111111011111111110011111000110011100111000110010000000110000000000000001100000000000000
11100000000000000000000000000000000000000000000000000110000000000001111110000111111000000011000001000010011100000111111011111111110011111000110011100111000110010000000110000000000000001100000000000000
01100000000000000000000000000000000000000000000000000000011111100000000000000111111111100000100111110000000000001111111011111111101111000000000011111100001110011111000000000000000000000011100000110000
01100000000000000000000000000000000000000000000000000000011111100000000000000111111111100000100111110000000000001111111011111111101111000000000011111100001110011111000000000000000000000011100000110000
10000000000000000000000000000000000000000000000000001001110000000000000000000011000000000000000001111111111000110001100111001111111111000110111100000000000000000000000000000000000111110000011000000000
11100000000000000000000000000000000000000001110000111110001100000110000001111011110110000000000000111101111100001111111111111111111100100000001111111100000001100000100111000000000100110000011100110000
11100000000000000000000000000000000000000001110000111110001100000110000001111011110110000000000000111101111100001111111111111111111100100000001111111100000001100000100111000000000100110000011100110000
10000000000000000000000000000000000000000000000000000000000000111000001100000000110000011100100000001111111100110111111111111110011100000000111110000111111110010000000000001111100100111100000100001000
10000000000000000000000000000000000000000000000000000000000000111000001100000000110000011100100000001111111100110111111111111110011100000000111110000111111110010000000000001111100100111100000100001000
01111000000000000000000000000000000000000000000000000000000000000001000000000011000000000011100001001100000000001111111111111110011111000000111101111011000000011111000000000000000000111111111100000110
00011000000000000000000000000000000000000000000000001110000000000000000000000000000000001100000110110000000000111111111111111110010000000000000001111011110111101111100000000000000000000011100100000000
00011000000000000000000000000000000000000000000000001110000000000000000000000000000000001100000110110000000000111111111111111110010000000000000001111011110111101111100000000000000000000011100100000000
00000000000000000000000000000000000000000000000000000110000000000000000010000000000000000011000110001100000000001111111111000001100000100000110011100100000111111100100000000000000000000000000100000000
00000000000000000000000000000000000000000000000000000110000000000000000010000000000000000011000110001100000000001111111111000001100000100000110011100100000111111100100000000000000000000000000100000000
00000100000000000000011000000000000000000000000000000000000000000000000000000000000000000000000000111100000000000001100111110000001111000001110011111000111001100000100000001100000011000000000011001110
00000000000110010000011111000000000000000000000000000000000000000000000000011100000000000000100001111100000000110111100100000000001111000111001101100000000110000000000110001100000111110000000111110110
00000000000110010000011111000000000000000000000000000000000000000000000000011100000000000000100001111100000000110111100100000000001111000111001101100000000110000000000110001100000111110000000111110110
00000000110000000000000000000000000000000000000000000000000000000001000000000000110000000000000000111110011100000001111011000110001100011111000000000011111001111111000001000000000011110000000011111111
00000000110000000000000000000000000000000000000000000000000000000001000000000000110000000000000000111110011100000001111011000110001100011111000000000011111001111111000001000000000011110000000011111111
01100111000000000000100000001100000000000110000000000000001111000000111111100000000000011111100000111101100111000110000000000000000000000110110000000000111111110011111110001110000000000000000111111111
11100000000110000000000000000000000000000000000000000000011111011001111111100000000000011111000001110001111000000000000000111110000000111000000000000100111110000000011111000001100000000000011111111111
11100000000110000000000000000000000000000000000000000000011111011001111111100000000000011111000001110001111000000000000000111110000000111000000000000100111110000000011111000001100000000000011111111111
10011111000000000000000000000000000000000000000000000000001111111110111111111100000001100011000111111111100100000000000000000001111111111000110001100000001000011111000001000000000100000001100000111110
10011111000000000000000000000000000000000000000000000000001111111110111111111100000001100011000111111111100100000000000000000001111111111000110001100000001000011111000001000000000100000001100000111110
11111111111000000000000001000000000000110000000000000000001111111000001111100000000000000000000001001100011111110000000000000000000000000000000000000111111001111100100001000001111000000000000000000110
11111111111000000000000001000000000000110000000000000000001111111000001111100000000000000000000001001100011111110000000000000000000000000000000000000111111001111100100001000001111000000000000000000110
11111111111110010000000000001100000100000000000000000000000000100000000000000000000000001111000000111100000111111000000000000000000000000001000000000011111111111100111111001110000000000000000000110110
10011111111110000000000000000000000000001000000000000001111100100000110000000000000000000000100000000000000000000000000000000110000000000000000000000000111111100011100001000000000000000000000000001000
10011111111110000000000000000000000000001000000000000001111100100000110000000000000000000000100000000000000000000000000000000110000000000000000000000000111111100011100001000000000000000000000000001000
10011100110111111100000001000000011111110000000000000000011100000000000000000000110000010000011000000000000011000000011000000000000000000000000000011000000001100000000000000010000000000000000000000000
10011100110111111100000001000000011111110000000000000000011100000000000000000000110000010000011000000000000011000000011000000000000000000000000000011000000001100000000000000010000000000000000000000000
00011100001111100000000000110011111111111000010000000000000000000110000000000000000000000000000111110000000011000000000000000000000000000000000000000000001000010000011000001100000000000000000000000000
00000011000000010000000000001101111111111111110000000001101111100000000000000000000000000011111111110000000000000000000000000000011100000000000000000000000000000000000000000010000000000000000000000000
00000011000000010000000000001101111111111111110000000001101111100000000000000000000000000011111111110000000000000000000000000000011100000000000000000000000000000000000000000010000000000000000000000000
01111100000000000000111110001111111000110000000000000000000000000000000000000000000000000011100110000010000000000000000011001001100000000000000000000000000000010000000001110000011000000000000000000000
01111100000000000000111110001111111000110000000000000000000000000000000000000000000000000011100110000010000000000000000011001001100000000000000000000000000000010000000001110000011000000000000000000000
00000011000000000000000001111110000000000000000000110000000000000000000000000000000000000011000001000010000000000000000100001001101100000000000000000000000001100000011001000000000000001100000000001000
00000000000000000000000110111110000000000000000000000000000000000000000000000000000000001111111111001101100000000000000000110000000000000000001100000000110000000000011111000000000011001111100011110111
00000000000000000000000110111110000000000000000000000000000000000000000000000000000000001111111111001101100000000000000000110000000000000000001100000000110000000000011111000000000011001111100011110111
00000000000000000000000000000000000000000000000000000000000000000000000000000000000000001111011111000011100000000000000000000000001100100001000001100000000000000011000000111100000000111111111011000000
00000000000000000000000000000000000000000000000000000000000000000000000000000000000000001111011111000011100000000000000000000000001100100001000001100000000000000011000000111100000000111111111011000000
00000000000000000000000000000000000000000000000000000000000000000000000000000000000001101111111111000001100000000000000000000000011111111111110000000000000110001100000000001111111000110011111111111110
00000000000000000000000000000000000000000000000000000000000000000000000000000000000110001111111111110010011000000000000000000000001111111110001100000000000000000000000001111111111100111101100011000110
00000000000000000000000000000000000000000000000000000000000000000000000000000000000110001111111111110010011000000000000000000000001111111110001100000000000000000000000001111111111100111101100011000110
00000000000000000000000000000000000000000000000000000110000000000000000000000000001001101111111111111101111100000000000000000001111111111111001100000000000001100000000000001101111100000000000000001111
00000000000000000000000000000000000000000000000000000110000000000000000000000000001001101111111111111101111100000000000000000001111111111111001100000000000001100000000000001101111100000000000000001111
00000000000000000000000000000000000000000000000000000001100000000000000000000000000111100011111111111111111000000000000000000110011111111110110010011000000000000000111001001111111100001100000111000000
00000000000000000000000000000000000000000000000000000000000000000000000001100000000001100011100111110000000000000000000000001000011111111110110000011000000000000000011000001101100100111110011011111110
00000000000000000000000000000000000000000000000000000000000000000000000001100000000001100011100111110000000000000000000000001000011111111110110000011000000000000000011000001101100100111110011011111110
00000000000000000000000000000000000000000000000000000000000000000000000000000111000111110000111001110000000000001001100011001000000011100001000011100011000000000000000110000001111100001111111100111000
00000000000000000000000000000000000000000000000000000000000000000000000000000111000111110000111001110000000000001001100011001000000011100001000011100011000000000000000110000001111100001111111100111000
00000000000000000000000000000000000000000000000000000000000000000000000000000000001000001100100000000000000100001111111111001110000000000000111110011000000000000000000001001110011000000000000000000001
00000000000000000000000000000000000000000000000000000000000000000000000000000000000000001100100000000000000100001111111111111000001100100001111111111000000000000000000111000000011000000000000000000000
00000000000000000000000000000000000000000000000000000000000000000000000000000000000000001100100000000000000100001111111111111000001100100001111111111000000000000000000111000000011000000000000000000000
00000000000000000000000000000000000000000000000000000000000000000000000000000000000111111100000000000000000011001111111100111110000000000000000011111000110000000000011000000000000011110000011000000000
00000000000000000000000000000000000000000000000000000000000000000000000000000000000111111100000000000000000011001111111100111110000000000000000011111000110000000000011000000000000011110000011000000000
00000000000000000000000000000000000000000000000000000000000000000000000000000000000110000011111110001101100000001110000111110000000000000111111111100000000000000000100001000001100100000000000011000110
00000000000000000000000000000000000000000000000000000000000000000000000000000000000001101100111001110000000000001000011100110000010000011111111111100011000000000000000110000000000011000000011111001110
00000000000000000000000000000000000000000000000000000000000000000000000000000000000001101100111001110000000000001000011100110000010000011111111111100011000000000000000110000000000011000000011111001110
00000000000000000000000000000000000000000000000000000000000000000000000000000000000000001100100111111110000011000000011100000000000000100111001111100000000000000000000000001100000100110011111111000001
00000000000000000000000000000000000000000000000000000000000000000000000000000000000000001100100111111110000011000000011100000000000000100111001111100000000000000000000000001100000100110011111111000001
00000000000000000000000000000000000000000000000000000000000000000000000000000000000000010011011111001111100000001110000000000000000000000000111100000000000000000000000000000000000000110011100011111111
00000000000000000000000000000000000000000000000000000000000000000000000000000000000001100011111111111111100000000000000000000000000000000000001111100000000000000000000000000000000011110011100000110110
00000000000000000000000000000000000000000000000000000000000000000000000000000000000001100011111111111111100000000000000000000000000000000000001111100000000000000000000000000000000011110011100000110110
00000000000000000000000000000000000000000000000000000000000000000000000000000000000000010011111111000010000000000000000100000110000000000000001110000111000000000000000000000000000011111111111000000000
00000000000000000000000000000000000000000000000000000000000000000000000000000000000000010011111111000010000000000000000100000110000000000000001110000111000000000000000000000000000011111111111000000000
00000000000000000000000000000000000000000000000000000000000000000000000000000000000001100000011111110001111000000000000000000000000000000000000000011000000000001100000000000000011111111111111000000000
00000000000000000000000000000000000000000000000000000000000000000000000000000000000000000000011001000001100000000000000000000000000000000000000000000000000000000000000000001111111111111111111000111000
00000000000000000000000000000000000000000000000000000000000000000000000000000000000000000000011001000001100000000000000000000000000000000000000000000000000000000000000000001111111111111111111000111000
00000000000000000000000000000000000000000000000000000000000000000000000000000000001000000000000111000000000000000000000000000000000000000000000000011000000000000000000000000001100111111111111111000110
00000000000000000000000000000000000000000000000000000000000000000000000000000000001000000000000111000000000000000000000000000000000000000000000000011000000000000000000000000001100111111111111111000110
00000000000000000000000000000000000000000000000000000000000000000000000000000000001001100000000000001100011000000000000000000000000000000000000011100000000000000000000000000011111111111101111111001001
00000000000000000000000000000000000000000000000000000000000000000000000000000000000000000000000001000000000000000000000000001000000000000000000000000000000000000000000000000000000111111111111111111111
00000000000000000000000000000000000000000000000000000000000000000000000000000000000000000000000001000000000000000000000000001000000000000000000000000000000000000000000000000000000111111111111111111111
00000000000000000000000000000000000000000000000000000000000000000000000000000000000000000000000111000000000000000000000000000000000000000000000000000011000000001100000000000000000111111111111111111111
00000000000000000000000000000000000000000000000000000000000000000000000000000000000000000000000111000000000000000000000000000000000000000000000000000011000000001100000000000000000111111111111111111111
00000000000000000000000000000000000000000000000000000000000000000000000000000000000000000000000000000000000000000000000000001000000000000000000000000111001000000000000000000011111011111111111111111111
00000000000000000000000000000000000000000000000000000000000000000000000000000000000000000000000000000000000000000000000000001111100000000000000000000000000111100000000000000001100011111111111011111111
00000000000000000000000000000000000000000000000000000000000000000000000000000000000000000000000000000000000000000000000000001111100000000000000000000000000111100000000000000001100011111111111011111111
00000000000000000000000000000000000000000000000000000000000000000000000000000000000000000000000000000000000000000000000000111110000000000001000001100100001110000000000000000000000011111112222220111111
00000000000000000000000000000000000000000000000000000000000000000000000000000000000000000000000000000000000000000000000000111110000000000001000001100100001110000000000000000000000011111112222220111111
00000000000000000000000000000000000000000000000000000000000000000000000000000000000000000000000000000000000000000000000000111111100000011000000001111111111000000000000000000000000000111112222221111111
00000000000000000000000000000000000000000000000000000000000000000000000000000000000000000000000000000000000000000000000000111111100000011000000001111111111000000000000000000000000000111112220011111111
00000000000000000000000000000000000000000000000000000000000000000000000000000000000000000000000000000000000000000000000011110110000000000000000001111111110000000011000000110000000000111110220111111111
00000000000000000000000000000000000000000000000000000000000000000000000000000000000000000000000000000000000000000000000000000110000000000001111111111111110110000000011000000000000000111111221111110110
00000000000000000000000000000000000000000000000000000000000000000000000000000000000000000000000000000000000000000000000000000110000000000001111111111111110110000000011000000000000000111111111111110110
00000000000000000000000000000000000000000000000000000000000000000000000000000000000000000000000000000000000000000000000000000111100000100111111111111111000111100000000000000000000000111111111111110000
00000000000000000000000000000000000000000000000000000000000000000000000000000000000000000000000000000000000000000000000000000111100000100111111111111111000111100000000000000000000000111111111111110000
00000000000000000000000000000000000000000000000000000000000000000000000000000000000000000000000000000000000000000000000000000000000000011111111111100011000110000000000001000000000000111111111111111000
00000000000000000000000000000000000000000000000000000000000000000000000000000000000000000000000000000000000000000000000000000000000000000000111101111111000111100000000000000000000011111111111111111111
00000000000000000000000000000000000000000000000000000000000000000000000000000000000000000000000000000000000000000000000000000000000000000000111101111111000111100000000000000000000011111111111111111111
00000000000000000000000000000000000000000000000000000000000000000000000000000000000000000000000000000000000000000000000000000000000000000000111110011111111000010011000000000000000111111111111111001001
00000000000000000000000000000000000000000000000000000000000000000000000000000000000000000000000000000000000000000000000000000000000000000000111110011111111000010011000000000000000111111111111111001001
00000000000000000000000000000000000000000000000000000000000000000000000000000000000000000000000000000000000000000000000000000000000000000000110000011100000000010000000000000000000000111111111100111000
00000000000000000000000000000000000000000000000000000000000000000000000000000000000000000000000000000000000000000000000000000000000000000000000000000100000000000000000000000000000000111100000111111110
00000000000000000000000000000000000000000000000000000000000000000000000000000000000000000000000000000000000000000000000000000000000000000000000000000100000000000000000000000000000000111100000111111110
00000000000000000000000000000000000000000000000000000000000000000000000000000000000000000000000000000000000000000000000000000000000000000000000000000000000000000000000000000000000000110000000111111000
00000000000000000000000000000000000000000000000000000000000000000000000000000000000000000000000000000000000000000000000000000000000000000000000000000000000000000000000000000000000000110000000111111000
00000000000000000000000000000000000000000000000000000000000000000000000000000000000000000000000000000000000000000000000000000000000000000000000000000000000000000000000000000000000000000000000000000000
00000000000000000000000000000000000000000000000000000000000000000000000000000000000000000000000000000000000000000000000000000000000000000000000000000000000000000000000000000000000000000000000000000000
00000000000000000000000000000000000000000000000000000000000000000000000000000000000000000000000000000000000000000000000000000000000000000000000000000000000000000000000000000000000000000000000000000000
00000000000000000000000000000000000000000000000000000000000000000000000000000000000000000000000000000000000000000000000000000000000000000000000000000000000000000000000000000000000000000000000011000000
00000000000000000000000000000000000000000000000000000000000000000000000000000000000000000000000000000000000000000000000000000000000000000000000000000000000000000000000000000000000000000000000011000000
00000000000000000000000000000000000000000000000000000000000000000000000000000000000000000000000000000000000000000000000000000000000000000000000000000000000000000000000000000000000000000000000111110000
00000000000000000000000000000000000000000000000000000000000000000000000000000000000000000000000000000000000000000000000000000000000000000000000000000000000000000000000000000000000000000001100100110000
00000000000000000000000000000000000000000000000000000000000000000000000000000000000000000000000000000000000000000000000000000000000000000000000000000000000000000000000000000000000000000001100100110000
00000000000000000000000000000000000000000000000000000000000000000000000000000000000000000000000000000000000000000000000000000000000000000000000000000000000000000000000000000000000000000010000100110110
00000000000000000000000000000000000000000000000000000000000000000000000000000000000000000000000000000000000000000000000000000000000000000000000000000000000000000000000000000000000000000010000100110110
00000000000000000000000000000000000000000000000000000000000000000000000000000000000000000000000000000000000000000000000000000000000000000000000000000000000000000000000000000000000000000000000100110001
00000000000000000000000000000000000000000000000000000000000000000000000000000000000000000000000000000000000000000000000000000000000000000000000000000000000000000000000000000000000000001110000000000000
00000000000000000000000000000000000000000000000000000000000000000000000000000000000000000000000000000000000000000000000000000000000000000000000000000000000000000000000000000000000000001110000000000000
00000000000000000000000000000000000000000000000000000000000000000000000000000000000000000000000000000000000000000000000000000000000000000000000000000000000000000000000000000000000000000000000000000000
00000000000000000000000000000000000000000000000000000000000000000000000000000000000000000000000000000000000000000000000000000000000000000000000000000000000000000000000000000000000000000000000000000000
00000000000000000000000000000000000000000000000000000000000000000000000000000000000000000000000000000000000000000000000000000000000000000000000000000000000000000000000000000000000000000000000000000000
00000000000000000000000000000000000000000000000000000000000000000000000000000000000000000000000000000000000000000000000000000000000000000000000000000000000000000000000000000000000000000000000000000000
00000000000000000000000000000000000000000000000000000000000000000000000000000000000000000000000000000000000000000000000000000000000000000000000000000000000000000000000000000000000000000000000000000000
00000000000000000000000000000000000000000000000000000000000000000000000000000000000000000000000000000000000000000000000000000000000000000000000000000000000000000000000000000000000000000000000000000000
00000000000000000000000000000000000000000000000000000000000000000000000000000000000000000000000000000000000000000000000000000000000000000000000000000000000000000000000000000000000000000000000000000000
00000000000000000000000000000000000000000000000000000000000000000000000000000000000000000000000000000000000000000000000000000000000000000000000000000000000000000000000000000000000000000000000000000000
00000000000000000000000000000000000000000000000000000000000000000000000000000000000000000000000000000000000000000000000000000000000000000000000000000000000000000000000000000000000000000000000000000000
00000000000000000000000000000000000000000000000000000000000000000000000000000000000000000000000000000000000000000000000000000000000000000000000000000000000000000000000000000000000000000000000000000000
00000000000000000000000000000000000000000000000000000000000000000000000000000000000000000000000000000000000000000000000000000000000000000000000000000000000000000000000000000000000000000000000000000000
00000000000000000000000000000000000000000000000000000000000000000000000000000000000000000000000000000000000000000000000000000000000000000000000000000000000000000000000000000000000000000000000000000000
00000000000000000000000000000000000000000000000000000000000000000000000000000000000000000000000000000000000000000000000000000000000000000000000000000000000000000000000000000000000000000000000000000000
00000000000000000000000000000000000000000000000000000000000000000000000000000000000000000000000000000000000000000000000000000000000000000000000000000000000000000000000000000000000000000000000000000000
00000000000000000000000000000000000000000000000000000000000000000000000000000000000000000000000000000000000000000000000000000000000000000000000000000000000000000000000000000000000000000000000000000000
00000000000000000000000000000000000000000000000000000000000000000000000000000000000000000000000000000000000000000000000000000000000000000000000000000000000000000000000000000000000000000000000000000000
00000000000000000000000000000000000000000000000000000000000000000000000000000000000000000000000000000000000000000000000000000000000000000000000000000000000000000000000000000000000000000000000000000000
00000000000000000000000000000000000000000000000000000000000000000000000000000000000000000000000000000000000000000000000000000000000000000000000000000000000000000000000000000000000000000000000000000000
00000000000000000000000000000000000000000000000000000000000000000000000000000000000000000000000000000000000000000000000000000000000000000000000000000000000000000000000000000000000000000000000000000000
00000000000000000000000000000000000000000000000000000000000000000000000000000000000000000000000000000000000000000000000000000000000000000000000000000000000000000000000000000000000000000000000000000000
00000000000000000000000000000000000000000000000000000000000000000000000000000000000000000000000000000000000000000000000000000000000000000000000000000000000000000000000000000000000000000000000000000000
00000000000000000000000000000000000000000000000000000000000000000000000000000000000000000000000000000000000000000000000000000000000000000000000000000000000000000000000000000000000000000000000000000000
00000000000000000000000000000000000000000000000000000000000000000000000000000000000000000000000000000000000000000000000000000000000000000000000000000000000000000000000000000000000000000000000000000000
00000000000000000000000000000000000000000000000000000000000000000000000000000000000000000000000000000000000000000000000000000000000000000000000000000000000000000000000000000000000000000000000000000000
00000000000000000000000000000000000000000000000000000000000000000000000000000000000000000000000000000000000000000000000000000000000000000000000000000000000000000000000000000000000000000000000000000000
00000000000000000000000000000000000000000000000000000000000000000000000000000000000000000000000000000000000000000000000000000000000000000000000000000000000000000000000000000000000000000000000000000000
00000000000000000000000000000000000000000000000000000000000000000000000000000000000000000000000000000000000000000000000000000000000000000000000000000000000000000000000000000000000000000000000000000000
00000000000000000000000000000000000000000000000000000000000000000000000000000000000000000000000000000000000000000000000000000000000000000000000000000000000000000000000000000000000000000000000000000000
00000000000000000000000000000000000000000000000000000000000000000000000000000000000000000000000000000000000000000000000000000000000000000000000000000000000000000000000000000000000000000000000000000000
00000000000000000000000000000000000000000000000000000000000000000000000000000000000000000000000000000000000000000000000000000000000000000000000000000000000000000000000000000000000000000000000000000000
00000000000000000000000000000000000000000000000000000000000000000000000000000000000000000000000000000000000000000000000000000000000000000000000000000000000000000000000000000000000000000000000000000000
00000000000000000000000000000000000000000000000000000000000000000000000000000000000000000000000000000000000000000000000000000000000000000000000000000000000000000000000000000000000000000000000000000000
00000000000000000000000000000000000000000000000000000000000000000000000000000000000000000000000000000000000000000000000000000000000000000000000000000000000000000000000000000000000000000000000000000000
00000000000000000000000000000000000000000000000000000000000000000000000000000000000000000000000000000000000000000000000000000000000000000000000000000000000000000000000000000000000000000000000000000000
00000000000000000000000000000000000000000000000000000000000000000000000000000000000000000000000000000000000000000000000000000000000000000000000000000000000000000000000000000000000000000000000000000000
00000000000000000000000000000000000000000000000000000000000000000000000000000000000000000000000000000000000000000000000000000000000000000000000000000000000000000000000000000000000000000000000000000000
00000000000000000000000000000000000000000000000000000000000000000000000000000000000000000000000000000000000000000000000000000000000000000000000000000000000000000000000000000000000000000000000000000000