11111111100000000000000001001110111111111111111111111111111111100000000000000000000000000000001111111111111111111111111000000000000000000000000000000000000000000000000000000000000000000000000000000000
11111111100000000000000001111110111111111111111111111111111110000000000000000000000000000000001111111111111111111111111100000000000000000000000000000000000000000000000000000000000000000000000000000000
11111111111110000000110001110111111111111111111111111111111111110000000000000000000000000000001111111111111111111111111111000000000000000000000000000000000000000000000000000000000000000000000000000000
11111111111110000000110001110111111111111111111111111111111111110000000000000000000000000000001111111111111111111111111111000000000000000000000000000000000000000000000000000000000000000000000000000000
11111110001111101100000111111111111111111111111111111111111111111110000000000000000000000000001111110011111111111111111111111000000000000000000000000000000000000000000000000000000000000000000000000000
11111111111110011110001111111111111111111111222111111111111111111000000000000000000000000000001101111101111111001111111111100000000000000000000000000000000000000000000000000000000000000000000000000000
11111111111110011110001111111111111111111111222111111111111111111000000000000000000000000000001101111101111111001111111111100000000000000000000000000000000000000000000000000000000000000000000000000000
11111111111110000010000111111111111111111222222111111111111111111000000000000000000000000000000001101111111111111111111111000000000000000000000000000000000000000000000000000000000000000000000000000000
11100101111111110011001110111001111111112222222211111111111111111110000000000000000000000000000000010001111111111111111111000000000000000000000000000000000000000000000000000000000000000000000000000000
11100101111111110011001110111001111111112222222211111111111111111110000000000000000000000000000000010001111111111111111111000000000000000000000000000000000000000000000000000000000000000000000000000000
11000111111111111111111000110111111111102222222211111111111111111111110000000000000000000000000001111101111111111111111111000000000000000000000000000000000000000000000000000000000000000000000000000000
00111101111111111111111111111111111111222222222011111111111111111110110000000000000000000000000001110011111111111111111111100000000000000000000000000000000000000000000000000000000000000000000000000000
00111101111111111111111111111111111111100222000011111111111111111110110000000000000000000000000001110011111111111111111111100000000000000000000000000000000000000000000000000000000000000000000000000000
11111111111111111111001111111111111111111222111111111111111111110111110000000000000000000000000011100011111111111111111111100000000000000000000000000000000000000000000000000000000000000000000000000000
11111001111111111110111111111111111111111111111111111111111111110001000000000000000000000000000011110011111111111111111100011011111000000000000000000000000000000000000000000000000000000000000000000000
11111001111111111110111111111111111111111111111111111111111111110001000000000000000000000000000011110011111111122221111100011011111000000000000000000000000000000000000000000000000000000000000000000000
11111111111111111111111111111111111111111111111111111111111111110111110000000000000000000000000000010011111111122221111111111111100111000000000000000000000000000000000000000000000000000000000000000000
11111101101111111111111111111111111111111111111111111111111111111111110000000000000000000000000000010011111111022220111100111111100000100000000000000000000000000000000000000000000000000000000000000000
11000000011111111111111111111111111111111111111111111111110011111111001000000000000000000000000010001111111111122222211111111111100000000000000000000000000000000000000000000000000000000000000000000000
11000000011111111111111111111111111111111111111111111111110011111111001000000000000000000000000010001111111111110220111111111111100000000000000000000000000000000000000000000000000000000000000000000000
11111111111111110011111111001111111111111111111111111111111110010001000000000000000000000000000001111100011111110220111100100111100100000000000000000000000000000000000000000000000000000000000000000000
00111110011111111111111111111111111111111111111111111111111111111111000000000000000000000000000011101111111111022222211111111111111111100000000000000000000000000000000000000000000000000000000000000000
00111110011111111111111111111111111111111111111111111111111111111111000000000000000000000000000011101111111111022220111111111111111111100000000000000000000000000000000000000000000000000000000000000000
00111111111111111111111111111111111111111111111111111110011111100001000110000000000000000000001111111111111111122220111111100100100100100000000000000000000000000000000000000000000000000000000000000000
11011111111111101111111111111111111111111111111111111111111100011110000000000000000000000000000001111111111111122221111111111100100100000000000000000000000000000000000000000000000000000000000000000000
11011111111111101111111111111111111111111111111111111111111100011110000000000000000000000000000001111111111111111111111111111100100100000000000000000000000000000000000000000000000000000000000000000000
00111111111111111111111111111111111111111111111111111101111110010000000000000000000000000001100000001111111111111111111111100111111100010000000000000000000000000000000000000000000000000000000000000000
11011111111111111111111111111111111111111111111111111110010000000000000000000000000000000000000001101111111111111111111111111111100100111101100000000000000000000000000000000000000000000000000000000000
11011111111111111111111111111111111111111111111111111110010000000000000000000000000000000000000001101111111111111111111111111111100100111101100000000000000000000000000000000000000000000000000000000000
00000110011110011111111111111111111111111111111111110011110000000000000000000000000000000011110010011110011111111111111111111111100111011101100000000000000000000000000000000000000000000000000000000000
00000011110001111111111111111111111111111111111110000000010000000000000000000000000000000101111110011100011111111111111111111111111111101110000010000000000000000000000000000000000000000000000000000000
00000111110011111111111111111111111111111111100010001101110000000000000000000000000000000000011110001101111111111111111111111111011011011110010000000000000000000000000000000000000000000000000000000000
00000111110011111111111111111111111111111111100010001101110000000000000000000000000000000000011110001101111111111111111111111111011011011110010000000000000000000000000000000000000000000000000000000000
00000011111111111111111111111111111111111111111111101111100000000000000000000000000000000011100011100001111111111111111111111111100111111110001100000000000000000000000000000000000000000000000000000000
00111111111111111111111111111111111111111111111111110000000000000000000000000000000000000010000011111101111111111111111111111100000011111110000010000000000000000000000000000000000000000000000000000000
00111111111111111111111111111111111111111111111111110000000000000000000000000000000000000010000011111101111111111111111111111100000011111110000010000000000000000000000000000000000000000000000000000000
00111011111111111111111111111111111111111111111111111100000000000000000000000000000000000101101101111110011111111111111111111111111111000011100000000000000000000000000000000000000000000000000000000000
11100111111111110011111110222201111111111111111111110000000000000000000000000000000000000001111111111100011111111111111111011111111111111101110000000000000000000000000000000000000000000000000000000000
11100111111111110011111110222201111111111111111111110000000000000000000000000000000000000001111111111100011111111111111111011111111111111101110000000000000000000000000000000000000000000000000000000000
00011111110011111111111112222201111111111111111111111101100000000000000000000000000000000000011110001100011111111111111100011111011111111110000000000000000000000000000000000000000000000000000000000000
00111111111111111111111112222201111100111111111111100011110000000000000000000000000000000001110001111110011111111111111111100111100011111110000000000000000000000000000000000000000000000000000000000000
00111111111111111111112222222001111100111111111111100011110000000000000000000000000000000001110001111110011111111111111111100111100011111110000000000000000000000000000000000000000000000000000000000000
00011111111111111111112222222111111111111111111111111100000000000000000000000000000000000001111101111111111111111111111111111111111111111111100000000000000000000000000000000000000000000000000000000000
00011111111111111111112222201111111111111111100101100000000000000000000000000000000000111001111101111111111001001111111111111111111111111111101100000000000000000000000000000000000000000000000000000000
00011111111111111111110222201111111111111111100101100000000000000000000000000000000000111001111101111111111001001111111111111111111111111111101100000000000000000000000000000000000000000000000000000000
11111111111111111111111222201111111011111111111010011110000000000000000000000000000011100101110011111111100111111111111111111111111111011111110000000110000000000000000000000000000000000000000000000000
11111111111111111111111222111111001111111111011110011100000000000000000000000000000000000111111110011111111111111111111111111111111100111110011100000000000000000000000000000000000000000000000000000000
11111111111111111111111111111111111111111111100110001100000000000000000000000000000011100000000011111110000111111111110111111111111100011111111110000000000000000000000000000000000000000000000000000000
11111111111111111111111111111111111111111111100110001100000000000000000000000000000011100000000011111110000111111111122211111111111100011111111110000000000000000000000000000000000000000000000000000000
11111111111111111111111111111111111111111111100100001110000000000000000000000000000111100000000010010010011111111111022211111111111111011100000000000000000000000000000000000000000000000000000000000000
11111111111111111111111111111111111111111111100100000000000000000000000000000000000011000011101110011111111111111111022221111111111111001110000000000000000000000000000000000000000000000000000000000000
11111111111111111111111111111111111111111111100100000000000000000000000000000000000011000011101110011111111111111111022221111111111111001110000000000000000000000000000000000000000000000000000000000000
11111111111111111111111111111111111111111111000011100000000000000000000000000000000000000010001110011110001111111111122220111111111111100010000000000000000000000000000000000000000000000000000000000000
11111111111111111111111111111111111111111111000000000000000000000000000000000000000000000111101101111100001111111111112220111111111111100011100000000000000000000000000000000000000000000000000000000000
11111111111111111111111111111111111111111111000000000000000000000000000000000000000000000111101101111100001111111111112220111111111111100011100000000000000000000000000000000000000000000000000000000000
11111111111111111111111111111111111111100111000000000000000000000000000000000000000000000111101111110000001111111111110120111111111111100000010000000000000001000000000000000000000000000000000000000000
11111111111111111111111111111111111111111000000000000000000000000000000000000000000000000111110001110010001111111111111121111111111111100000000000000000110001000000000000000000000000000000000000000000
11111111111111111111111111111111111111111000000000000000000000000000000000000000000000000111110001110010001111111111111111111111111111100000000000000000110001000000000000000000000000000000000000000000
11111111111111111111111111111111111111111000000000000000000000000000000000000000000000011100001111101100000111111111111111111111111111110000001100000000110001000000000000000000000000000000000000000000
11111111111111111111111111111111111111011000000000000000000000000000000000000000000000111000011111101110010111111111111111111111111111111100010000000000000111000000000000000000000000000000000000000000
11111111111111111111111111111111110000000000000000000000000000000000000000000000000011100000010011101100000111111111111111111111111111111111100001100000001111000000000000000000000000000000000000000000
11111111111111111111111111111111110000000000000000000000000000000000000000000000000011100000010011101100000111111111111111111111111111111111100001100000001111000000000000000000000000000000000000000000
22222111111111111111111111111111111011000000000000000000000000000000000000000000000011000001111110010000001111111111111111111111111111111111110001110000111111000000000000000000000000000000000000000000
22222111111111111111111111111111111100000000000000000000000000000000000000000000011100000011110000011111111111111111111111111111111111111111111100011000001111000000000000000000000000000000000000000000
22222111111111111111111111111111111100000000000000000000000000000000000000000000011100000011110000011111111111111111111111111111111111111111111100011000001111000000000000000000000000000000000000000000
22222111111222221111111111111111110100000000000000000000000000000000000000000000000100000010010011110000001111111111111111111111222211111111111100001000001111110000000000000000000000000000000000000000
22222111100222221111111111111111111000100000000000000000000000000000000000000000000000011111100010010000000111111111111111111111222211111111111111111110001111110000000000000000000000000000000000000000
22221111122222221111111111111111111000100000000000000000000000000000000000000000000000011111100010010000000111111111111111111111222221111111111111111110001111110000000000000000000000000000000000000000
20222110222222221111111111000001001000100000000000000000000000000000000000000000100011111010001111110000000001111111111111111111222222211111111111110111110111110000000000000000000000000000000000000000
20002110222222211111111111000000110000011000000000000000000000000000000000000000000111111001110011110000000001111111111111111111111222211111111111110000000001111000000000000000000000000000000000000000
20002110222222211111111111000000110000011000000000000000000000000000000000000000000111111001110011110000000001111111111111111111111222211111111111110000000001111000000000000000000000000000000000000000
20221111122222211111111111111110000011111111111110000000000000000000000000000000000100111110011111100001100001111111111111111111111222221111111111111110000001111000000000000000000000000000000000000000
11111111110222211111111111110111000000100111111110000000000000000000000000000000000100111110001111101110001001111111111111111111111122211111111111111111111111111100000000000000000000000000000000000000
11111111111222211111111110000000000011000111111110000000000000000000000000000000000000000101101111101111111001110001111111111111111122211111111111111111111111111111000000000000000000000000000000000000
11111111111111111111111110000000000011000111111110000000000000000000000000000000000000000101101111101111111001110001111111111111111111111111111111111111111111111111000000000000000000000000000000000000
11111111111111111111111111111001111100011100011110000000000000000000000000000000000000000110011100001111111001001001110111111111111111111111111111111111110000111111000000000000000000000000000000000000
11111111111111111111111111110000110100111111111100000000000000000000000000000000000000011111111100001111111000111001110111000111111111111111111111111111111001111111000000000000000000000000000000000000
11111111111111111111111111110000110100111111111100000000000000000000000000000000000000011111111100001111111000111001110111000111111111111111111111111111111001111111000000000000000000000000000000000000
11111111111111111111111111110001111011011011000100000000000000000000000000000000000011011101111111100001101000110001111111000011111111111111111111111111111111111111100000000000000000000000000000000000
11111111111111111111111111111111111011111111100000000000000000000000000000000000000000111010011111100001101000000001111111111111111111111111111111111111111111111111100000000000000000000000000000000000
11111111111111111111111111111111111011111111100000000000000000000000000000000000000000111010011111100001101000000001111111111111111111111111111111111111111111111111100000000000000000000000000000000000
11111111111111111111111111111111001111111111111110000000000000000000000000000000000111100000010011100001101110111111111111111111111111111111111111111111111111111111100000000000000000000000000000000000
11111111111111111111111111111111111111111111100000000000000000000000000000000000000000111011111110000000011000111111111011000100111111111111111111111111111111111111100000000000000000000000000000000000
11111111111111111111111111111111111111111111100000000000000000000000000000000000000000111011111110000000011000111111111011000100111111111111111111111111111111111111100000000000000000000000000000000000
11111111111111111111111111111111111111111011100110000000000000000000000000000000000000000011100001110000000000001110111000100000111111111111111111111111111111111111100000000000000000000000000000000000
11111111111111111111111111111111111111100111111110000000000000000000000000000000000011100101111111101101100000000001111111011011011111111111111111111111111111111111111000000000000000000000000000000000
11111111111111111111111111111111111111100111111110000000000000000000000000000000000011100101111111101101100000000001111111011011011111111111111111111111222211111111111000000000000000000000000000000000
11111111110011111111111111111111111000111111111110011100000010000000000000000000000000000111101110000001100000000000000100100011111111101111111111111122222201111111111000000000000000000000000000000000
11111111111111111111111001111111111111111111111111111111101111111000000000000000000000000001100001101100000000000000001011000000011111001101111111111122222201111111111000000000000000000000000000000000
11111111111111111111111111111111111111111111111110011111111111111111110000000000000000011111100001111110001000000000001000000011011100000000011111111111112221111111100000000000000000000000000000000000
11111111111111111111111111111111111111111111111110011111111111111111110000000000000000011111100001111110001000000000001000000011011100000000011111111111112201111111100000000000000000000000000000000000
11111111111111111110001111111111111111111111111111111111111111111001110000000000000011011111111111111110011000000000000000000000011111000000001111111111112211111111100000000000000000000000000000000000
11111111111111111111111111001111111111111111111111111111111111110111111001110000011100011111111111110001100111000000000000000011111011000000001111111111111111111111111100000000000000000000000000000000
11111111111111111111111111001111111111111111111111111111111111110111111001110000011100011111111111110001100111000000000000000011111011000000001111111111111111111111111100000000000000000000000000000000
21111111111111111111111111111001111111111111111111111111111111111111111110111111100111000101111111111111101000000000000000000000000000000011111111111111111111111111111111100000000000000000000000000000
20111111111111111111111111111111111111111111111111111111111111101111111001111111111011100111111111111101111110000000000000000000000000000010001111111111111111111111111111111111000000000000000000000000
20111111111111111111111111111111111111111111111111111111111111101111111001111111111011100111111111111101111110000000000000000000000000000010001111111111111111111111111111111111000000000000000000000000
22111111111111111111111111111111111111111111111111111111111111111111111111111011111111100111111111111101111000001000000000000000000000000000011111111111111111111111111111111111100000000000000000000000
22011111111111111101111111111110111111111111111111111111111111101001111111111011011111111111111111111111111000001000000000000000000000000000000000011111111111111111111111111111110000000000000000000000
22011111111111111101111111111110111111111111111111111111111111101001111111111011011111111111111111111111111000001000000000000000000000000000000000011111111111111111111111111111110000000000000000000000
22221111111111111111111111111111111111111111111111111111111111111111111111110011011111111111111111111111111111000000000000000000000000000000000001100000111111001111111111100100010000000000000000000000
20011111111111111111111111111111111111111111111111111111111111110110001001110111100111100111111111111111111110110000000000000000000000000000000000000000111111111111111011100000110000000000000000000000
20111111111111111111111111111111111111111111111111111111111111111111110110001111011011100111111111111111110110110000000000000000000000000000000000000000001111111111111111111111100010000000000000000000
00111111111111111111111111111111111111111111111111111111111111111111110110001111011011100111111111111111110110110000000000000000000000000000000000000000001111111111111111111111100010000000000000000000
11111111111111111111111111111111111111111111111111111111111111111001111000000100000000000011111111111101100000000000000000000000000000000000000000000000000001111111111111111000011110000000000000000000
11111111111111111111111111000001111111111111111111111111110001111001110000000100000011011111111111111110000000000000000000000000000000000000000000000000000111111111111111111111110010000000000000000000
11111111111111111111111111000001111111111111111111111111110001111001110000000100000011011111111111111110000000000000000000000000000000000000000000000000000111111111111111111111110010000000000000000000
11111111111111111111111111001111111111111111111111111111110001111111000000000000000111011111111111100001110000000000000000000000000000000000000000000000001001111111111111111111111100000000000000000000
11111111111111111111111111110111111111111111111111111111100011111000000000000000000011000111111110000000000000000000000000000000000000000000000000000000000111111111111111111111111100000000000000000000
11111111111111111111111111110111111111111111111111111111100011111000000000000000000011000111111110000000000000000000000000000000000000000000000000000000000111111111111111111111111100000000000000000000
11111111111111111111111111111001111111111111111111111110011110011000110000000000000000000000011100000000000000000000000000000000000000000000000000000000110001111111111111111111111100000000000000000000
11111111111111111111110111111111110111111111111111111100011110011110110000000000000000000000000000000000000000000000000000000000000000000000000000000000001110110111111222211111111100000000000000000000
11111111111111111111110111111111110111111111111111111100011110011110110000000000000000000000000000000000000000000000000000000000000000000000000000000000001110110111111222211111111100000000000000000000
11111111111111111111111111111110111111111111111111110001111110011110000000000000000000000000000000000000000000000000000000000000000000000000000010000111110111111111102222222111100000000000000000000000
11111111111111111111111111111111111111111111111111110011111111111000000000000000000000000000000000000000000000000000000000000000000000000000010011101111111111111111102222222111110000000000000000000000
11111111111111111111111111111001111111111111111100000011111111110110000000000000000000000000000010000000000000000000000000000011100000000001111111111111111111000111111222222111111100000000000000000000
11111111111111111111111111111001111111111111111100000011111111110110000000000000000000000000000010000000000000000000000000000011100000000001111111111111111111000111111222222111111100000000000000000000
11111111111111111111111111111001111011111111111111101111111110001000000000000000000000000000011110000000000000000001000000111011111111001111111111111111111001110111111111111111111110000000000111000000
11111111111111111111111111111111111111111111000100011101111110000000000000000000000000000000011100000000000111111000000011000111100100110001111111111111111001111111111111111111111111100000001111020000
11111111111111111111111111111111111111111111000100011101111110000000000000000000000000000000011100000000000111111000000011000111100100110001111111111111111001111111111111111111111111100000001111020000
11111111111111111111111111111111111111111111111100010011111110000000000000000000000000011001101100000000010001001111111111111111011100100001111111111111111001111111111111111111111110000011111222221000
11111111111111111111111111111111111111111111111111100010010010000000000000000000000000000011110000000000011000110001110111111111111011111111111111111111111111111111111111111111111112222221111122221111
11111111111111111111111111111111111111111111111111100010010010000000000000000000000000000011110000000000011000110001110111111111111011111111111111111111111111111111111111111111111110222011111110221111
11111111111111111111111111111111111111111111111100010000001111100000000000000000000000000100011110000011111110001001111111111111111011111111111111111111111111001111111111111111111111222011111111221111
11111111111111111111111111111111111111111111111011101111110010010001001000000000000000000110010010000011110000110111111111100111111111111111111111111001111111000100011111111111111111111111111111111111
11111111111111111111111111111111111111111111111011101111110010010001001000000000000000000110010010000011110000110111111111100111111111111111111111111001111111000100011111111111111111111111111111111111
11111111111111111111111111111111111111111111111110001100010011100001111000111000000000000110011111111110001110111111111111111111111111111111111111111111111001111111111111111111111111111111111111111111
11111111111111111111111111111111111111111111100110001100000011110001001111110000000000000110011101111111110111111111111111111111111111111111111111111111111111001111111111011011111111111111111111111111
11111111111111111111111111111111111111111111100110001100000011110001001111110000000000000110011101111111110111111111111111111111111111111111111111111111111111001111111111011011111111111111111111111111
11111111111111111111111111111111111111111111111110010010000010000111111000001100000000111111111101111111110111111110001011111111111111111111111111111111111110111111111111111100011111111111111111111111
11111111111111111111111111111111111111111111111111100010010011101001110110111100000000011001111111100011101000110110001111111111111111111111111111111111111111001100100111111111011111111111111111111111
11111111110010011111111111111111111111111111111011111111101101111000111110111000011100100111111101111111101111111111111111111111111111111111111111111111111111001111111111100000011110011111111111111111
11111111110010011111111111111111111111111111111011111111101101111000111110111000011100100111111101111111101111111111111111111111111111111111111111111111111111001111111111100000011110011111111111111111
11111101110010001100111111111111111111111111111111101111111111111111111001111000011000100111111111101111110001111111111111111111111111111111111111111111111111110000011111011100001101111111111111111111
11011100000010001100000111001111111111111011111111101111111111110001111000111100111100011111111111111111111110110111111111111111111111111111111111111111111111001100000100111100001101110011111111111111
11011100000010001100000111001111111111111011111111101111111111110001111000111100111100011111111111111111111110110111111111111111111111111111111111111111111111001100000100111100001101110011111111111111
11011100000000001100000111000001111111111111111101111110011111100111111110000011111111111111111111111111111001111111111111111111111111111111111111111111111111000011111111011111001101110001111111111111
00000000000000000000001001110001001111111111111111111111111101111110000001000000111111111111111111111111111110111110111111111111111111111111111111111111111111111100000111100011010000000010011111111111
00000000000000000000001001110001001111111111111111111111111101111110000001000000111111111111111111111111111110111110111111111111111111111111111111111111111111111100000111100011010000000010011111111111
00100000000000000000000110110000111111111111111111111111101111111111111110111111111100111111111111111111111001111111111111111111111111111111111111111111111111111100000111011100111100001110001111111001
00000000000000000000001000000000111100111111111111111111111111111001111110001111111111100111111111111111110000111111111111111111111111111111111111111111111111111111011111111111111101110011101111111111
00000000000000000000001000000000111100111111111111111111111111111001111110001111111111100111111111111111110000111111111111111111111111111111111111111111111111111111011111111111111101110011101111111111
00000000000000000000001000000000110011111111111111111111111110011111111001000111111111000111111111111111110111111111111111111111111111111111111111111111111111111111111011111111111111110011100111111111
00000000000000000000000000000000000111111111111111111111111111111111111111000111111111100111111111111111111111111111110000111111111111111111111111111111111001111111111100111111111111111111110111111001
00000000000000000000000000000000000000011111111111111111111111111110111111110011011100011111111111111111111111111111111100111111111111111111111111111111111110001111111111111111111111111111101111111111
00000000000000000000000000000000000000011111111111111111111111111110111111110011011100011111111111111111111111111111111100111111111111111111111111111111111110001111111111111111111111111111101111111111
00000000000000000000000000000000000000111111111111111111111111101111111111000000000011111101111111111111111111111111110111100111111111111111111111110111111111001111111111111111111111111111111111111110
00000000000000000000000000000000000000111111111111111111111111111111110000000000000111111111111111111111111111111111111111111011111111111111111111111110111111111111111111111111111111111111111111111111
00000000000000000000000000000000000000111111111111111111111111111111110000000000000111111111111111111111111111111111111111111011111111111111111111111110111111111111111111111111111111111111111111111111
11000000000000000000000000000000000000011011111111111111111111111111001110000000000000000011111111111111111111111111111111011111111111111111111111111111111110111111111111111111111111111111111111111111
00000100000000000000000000000000000000000100111111111111111111111111001111000000000000000111111111111111111111111111111111011000111111111111111111111111111111111111111111111111111111111111111111111111
00000100000000000000000000000000000000000100111111111111111111111111001111000000000000000111111111111111111111111111111111011000111111111111111111111111111111111111111111111111111111111111111111111111
11100011100000000000000000000000000000000000011111111111110011110111111110000000000000000111111101111111111111111111001111111111011111111110011111111111111111111111111111111111111111111111111111111111
00000010000000000000000000000000000000000000000010001111111111111001111001000000000000000111111111111111111111111111111111011100011111011111111101110111111001111111111111111111111111111111111111111111
00000010000000000000000000000000000000000000000010001111111111111001111001000000000000000111111111111111111111111111111111011100011111011111111101110111111001111111111111111111111111111111111111111111
00000000000000000000000000000000000000000000000111111111101111111001111001000000000000011110001111111111111111001111111011111111100111000000000001111111111111111111111111111111111111111111111111111111
00000000000000000000000000000000000000000000000101110011101111111111111000000000000000111101111111111111111111111111110000000000100111110001100001111111111111111011111111111111111111111111111111111111
00000000000000000000000000000000000000000000000100011101111111111110000000000000000000011001111111111111111111111111000000000000111111011111101111111110111111111111111111111111111111111111111111111111
00000000000000000000000000000000000000000000000100011101111111111110000000000000000000011001111111111111111111111111000000000000111111011111101111111110111111111111111111111111111111111111111111111111
00000000000000000000000000000000000000000000000000001111111100010000000000000000000000111101111101111111111001111000110000011100100100010011110011111111111111111111111111111111111111111111111111111111
00000000000000000000000000000000000000000000000000000011100000000000000000000000000111011111111111111111111111110000000111100100111011111111100011111110111111111111111111111111111111111111111111111111
00000000000000000000000000000000000000000000000000000011100000000000000000000000000111011111111111111111111111110000000111100100111011111111100011111110111111111111111111111111111111111111111111111111
00000000000000000000000000000000000000000000000000000000000000000000000000000000000000111111111111111111111110000001000000011000011111101110001101110110001110111111111111111111111111111111110111111111
00000000000000000000000000000000000000000000000000000000000000000000000000000000100000000111111111111111111111111111001111111100011111101111110011110000111111111111111111111111111111111111111111111111
00000000000000000000000000000000000000000000000000000000000000000000000000000000100000000111111111111111111111111111001111111100011111101111110011110000111111111111111111111111111111111111111111111111
00011000000000000000000000000000000000000000000000000000000000000000000000000000000000100111111111111111101110110000000011011100011011101111110001111001111111111111111111111111111111111111111111111111
00000000000000000000000000000000000000000000000000000000000000000000000000000011000100111111111111111101110000000111111011011100111100101100010011111001111111111111111111111111111111111111111111111111
00000000000000000000000000000000000000000000000000000000000000000000000000000011000100111111111111111101110000000111111011011100111100101100010011111001111111111111111111111111111111111111111111111111
00100000000000000000000000000000000000000000000000000000000000000000000000000011011111000010011100010011110001111000000100011011111000001110010011110111111111111111111111111111111111111111111111111111
00100000000000000000000000000000000000000000000000000000000000000000000001111111111100111111100011101100000000001111110000011011111100100011111100011111111111111111111111111111111111111111111111111111
00100000000000000000000000000000000000000000000000000000000000000000000001111111111100111111100011101100000000001111110000011011111100100011111100011111111111111111111111111111111111111111111111111111
00000000000000000000000000000000000000000000000000000000000000000000110111110111111111011011101101110001110001000000000000000111000000000011111111111111111111111111111111111111111111111111111111111111
00000000000000000000000000000000000000000000000000000000000000000000000000110100111100111101110000000000010000000000000000000111000000001111111111110111111111111111111111111111111111111111101111111111
00000000000000000000000000000000000000000000000000000000000000000000000000111111111111111111101100000000000000000000000000000000100000000000000001111001111111111111111111111111111111111111111111111111
00000000000000000000000000000000000000000000000000000000000000000000000000111111111111111111101100000000000000000000000000000000100000000000000001111001111111111111111111111111111111111111111111111111
00000000000000000000000000000000000000000000000000000000000000000000000000111111111111111111111110010000000000000000000000000000000000001111100000000001001111111111111111111011111111111111111111111111
00000000000000000000000000000000000000000000000000000000000000000001001111111111111111111111110000011110000000000000000000000000000000000011101110011111111111111111111111111111111111111111111111111111
00000000000000000000000000000000000000000000000000000000000000000001001111111111111111111111110000011110000000000000000000000000000000000011101110011111111111111111111111111111111111111111111111111111
00000000000000000000000000000000000000000000000000000000000000011001111111111111111111111111111110000010000000000000000000000000000000001111110000001111111111111111111111111111111111111111111111111111
00000000000000000000000000000000000000000000000000000000000000001110110111111111111111111111111100001111111110000000000000000000000000011111100000011111111111111111111111111111111111111111111111111111
00000000000000000000000000000000000000000000000000000000000000001110110111111111111111111111111100001111111110000000000000000000000000011111100000011111111111111111111111111111111111111111111111111111
00000000000000010000000000000000000000000000000000000000000000011000111111111111111111000001100000011100001000000000000000000000011000111111100011111111111111111111111111111111111111111111111111111111
00000000000000000000000000000000000000000000000000000000000000011110111111111111111111111011111101111111111000000000000000000000111111111100001111111111111111111111111111111111111111111111111111111111
00000000000000000000000000000000000000000000000000000000000000011110111111111111111111111011111101111111111000000000000000000000111111111100001111111111111111111111111111111111111111111111111111111111
00000100000000000000000000000000000000000000000000000000000000001110111111111111111111111010010011111111110110000000000000000000111011111111111111111111111111111111111111111111111111111111111111111111
00000000000000000000000000000000000000000000000000000000000000000001111111111111111111111111100000011100001111001000000000000000000100000011110001111111111111111111111111111111111111111111111111111111
00000110000000000000000000000000000000000000000000000001100000001111001111111111111111111111111111111100001110110000000000000000000000001111111111111111111111111111111111111111111111111111111111111111
00000110000000000000000000000000000000000000000000000001100000001111001111111111111111111111111111111100001110110000000000000000000000001111111111111111111111111111111111111111111111111111111111111111
00000000000000000000000000000000000000000000000000000001101111101111111111111111111111111111111110010000000001110000000000000011000000010011111111111111111111111111111111111111111111111111111111111111
00000000000000000000000000000000000000000000000000000001111111111111111111111111111111111111111111110000000000000000000000000011000011001111111111111111111111111111111111111111111111111101111111111111
00000000000000000000000000000000000000000000000000000001111111111111111111111111111111111111111111110000000000000000000000000011000011001111111111111111111111111111111111111111111111111101111111111111
00000000000000000000000000000000000000000000000000000001111100000111111111111111111111111111111111110000000000000000000000000011000011011111111111111111111111111111111111111111111111101111111111111111
00000000000000000000000000000000000000000000000000011111110001110000001110111111111111111110010000000000000000000000000000000111011111010001101111111111111111111111111111111111111111110011111111111111
00000000000000000000000000000000000000000000000000011111110001110000001110111111111111111110010000000000000000000000000000000111011111010001101111111111111111111111111111111111111111110011111111111111
00000000000000000000000000000000000000000000000000011110010011111111111111111111011111111111111111100000000000000000001100000011011100010000001110011111111111111111111111011111111101111111111111111111
00000000000001110001000000000000000000000000000000000000011101111000110001111111111111111111111111110000000000000000001100000011000011011111110011111111111111111111111111000111111110001111111111111111
00000000000001110001000000000000000000000000000000000000011101111000110001111111111111111111111111110000000000000000001100000011000011011111110011111111111111111111111111000111111110001111111111111111
00000000000001110010000000000000000000000000000000001111111111111111111111111111111111111111111111111111110000000000111111011011000000001111111111111111111111111111111111111111111111101111111111111111
00011000001111110010001000000000000000000000000000000001111111111111111111110111111111111111111111111111111000000000111100000111011100011111111111111111111111111111111111111111111111100011111111001111
00011000001111110010001000000000000000000000000000000001111111111111111111110111111111111111111111111111111000000000111100000111011100011111111111111111111111111111111111111111111111100011111111001111