00000000000000000000000000000000000000000000000000000000000000000000000000000000000000000000000000111110010000000110011100001111111000000001100111111100011000000000000000000000000000000000000000000000
00000000000000000000000000000000000000000000000000000000000000000000000000000000000000000000000000111110010000000110011100001111111000000001100111111100011000000000000000000000000000000000000000000000
00000000000000000000000000000000000000000000000000000000000000000000000000000000000000000000001100011000000000000000000000000111111100000000000111111100000000000000000000000000000000000000000000000000
00000000000000000000000000000000000000000000000000000000000000000000000000000000000000000000001100011000000000000000000000000111111100000000000111111100000000000000000000000000000000000000000000000000
00000000000000000000000000000000000000000000000000000000000000000000000000000000000000000000001100011000000000000001101100001111111000110000000001110000000000000000000000000000000000000000000000000000
00000000000000000000000000000000000000000000000000000000000000000000000000000000000000000000000000011111111111001000001100111111111100110000000000111100000000000000000000000000000000000000000000000000
00000000000000000000000000000000000000000000000000000000000000000000000000000000000000000000000000011111111111001000001100111111111100110000000000111100000000000000000000000000000000000000000000000000
00000000000000000000000000000000000000000000000000000000000000000000000000000000000000000000000000000000000000000110000011111111111111001100000000001100000000000000000000000000000000000000000000000000
00000000000000000000000000000000000000000000000000000000000000000000000000000000000000000000000000000000000000000110000011111111111111001100000000001100000000000000000000000000000000000000000000000000
00000000000000000000000000000000000000000000000000000000000000000000000000000000000000000000000011000000000000000001101111001111111111111100000000000001100000000000000000000000000000000000000000000000
00000000000000000000000000000000000000000000000000000000000000000000000000000000000000000000000011000000000000000001101111001111111111111100000000000001100000000000000000000000000000000000000000000000
00000000000000000000000000000000000000000000000000000000000000000000000000000000000000000000000000000000000000001000000000001111111111111100011000000000000110000000000000000000000000000000000000000000
00000000000000000000000000000000000000000000000000000000000000000000000000000000000000000000000000000000000000001001101100001111111111111100000000000001100000000000000000000000000000000000000000000000
00000000000000000000000000000000000000000000000000000000000000000000000000000000000000000000000000000000000000001001101100001111111111111100000000000001100000000000000000000000000000000000000000000000
01000000000000000000000000000000000000000000000000000000000000000000000000000000000000000000000000000000000000000001110011111001111111111100000000000000000000110000000000000000000000000000000000000000
01000000000000000000000000000000000000000000000000000000000000000000000000000000000000000000000000000000000000000001110011111001111111111100000000000000000000110000000000000000000000000000000000000000
00000000000000000000000000000000000000000000000000000000000000000000000000000000000000000000000000100000000000000001101100001111111111111110000000000000000001000000000000000000000000000000000000000000
00000000000000000000000000000000000000000000000000000000000000000000000000000000000000000000000000100000000000000001101100001111111111111110000000000000000001000000000000000000000000000000000000000000
00000000000000000000000000000000000000000000000000000000000000000000000000000000000000000000000000000000000000000001111100000111111111111111100000000000000000000000000000000000000000000000000000000000
00000000000000000000000000000000000000000000000000000000000000000000000000000000000000000000000000000000000000000001110000000111111111111111111000000000000000000000000000000000000000000000000000000000
00000000000000000000000000000000000000000000000000000000000000000000000000000000000000000000000000000000000000000001110000000111111111111111111000000000000000000000000000000000000000000000000000000000
00000000000000000000000000000000000000000000000000000000000000000000000000000000000000000000000000000000000000000000001100000000000011111111111000000000000000000000000000000000000000000000000000000000
00000000000000000000000000000000000000000000000000000000000000000000000000000000000000000000000000000000000000000000001100000000000011111111111000000000000000000000000000000000000000000000000000000000
00000000000110000000000000000000000000000000000000000000000000000000000000000000000000000000000000000000000000000000001100000110011111111111111000000000000000000000000000000000000000000000000000000000
00000000000110000000000000000000000000000000000000000000000000000000000000000000000000000000000000000000000000000000001100000110011111111111111000000000000000000000000000000000000000000000000000000000
00000000000001000000000000000000000000000000000000000000000000000000000000000000000000000000000000000000000000000000001100000000000111111111111000000000000000000000000000000000000000000000000000000000
00000000000000000000000000000000000000000000000000000000000000000000000000000000000000000000000000000000000000000000000000000000011111111111111110000000000000000000000000000000000000000000000000000000
00000000000000000000000000000000000000000000000000000000000000000000000000000000000000000000000000000000000000000000000000000000011111111111111110000000000000000000000000000000000000000000000000000000
00110000000001000000000000000000000000000000000000000000000000000000000000000000000000000000000000000000000000000000001100000000000000111111111111000001111000000000000000000000000000000000000000000000
00110000000001000000000000000000000000000000000000000000000000000000000000000000000000000000000000000000000000000000001100000000000000111111111111000001111000000000000000000000000000000000000000000000
00001111000000000000000000000000000000000000000000000000000000000000000000000000000000000000000000000000000000000000000000110000000000111111111111111100000000000000000000000000000000000000000000000000
01110000000000000000000000000000000000000000000000000000000000000000000000000000000000000000000000000000000000000000000000000000000000111111111111000001100000000011100000000000000000000000000000000000
01110000000000000000000000000000000000000000000000000000000000000000000000000000000000000000000000000000000000000000000000000000000000111111111111000001100000000011100000000000000000000000000000000000
11000000000000000000000000000000000000000000000000000000000000000000000000000000000000000000000000000000000000000000000000000000000011000011111110000011100001111100000000000000000000000000000000000000
11000000000000000000000000000000000000000000000000000000000000000000000000000000000000000000000000000000000000000000000000000000000011000011111110000011100001111100000000000000000000000000000000000000
00000000000000110000000000000000000000000000000000000000000000000000000000000000000000000000000000000000000000000000000000000000000000000011111001111111100000111100000000000000000000000000000000000000
00000000000000110000000000000000000000000000000000000000000000000000000000000000000000000000000000000000000000000000000000000000000000000011111001111111100000111100000000000000000000000000000000000000
00110000011000000000000000000000000000000000000000000000000000000000000000000000000000000000000000000000000000000000000000000000000000001100011111000001111000000000000000000000000000000000000000000000
00110000000000000000000000000000000000000000000000000000000000000000000000000000000000000000000000000000000000000000000000000000000000000010000111001101111000000000000000000000000000000000000000000000
00110000000000000000000000000000000000000000000000000000000000000000000000000000000000000000000000000000000000000000000000000000000000000010000111001101111000000000000000000000000000000000000000000000
01111100011000000000000000000000000000000000000000000000000000000000000000000000000000000000000000000000000000000000000000000000000000000010000111111110000000000000000000000000000000000000000000000000
01111100011000000000000000000000000000000000000000000000000000000000000000000000000000000000000000000000000000000000000000000000000000000010000111111110000000000000000000000000000000000000000000000000
00000000000000000000000000000000000000000000000000000000000000000000000000000000000000000000000000000000000000000000000000000000000000000001100001111111100000000000000000000000000000000000000000000000
00000000000000000000000000000000000000000000000000000000000000000000000000000000000000000000000000000000000000000000000000000000000000000001100001111111100000000000000000000000000000000000000000000000
01110000000000000000000000000000000000000000000000000000000000000000000000000000000000000000000000000000000000000000000000000000000000001111100000111100000000000000000000000000000000000000000000000000
10000000000000000000000000000000000000000000000000000000000000000000000000000000000000000000000000000000000000000000000000000000000000001100000000001101100000000000000000000000000000000000000000000000
10000000000000000000000000000000000000000000000000000000000000000000000000000000000000000000000000000000000000000000000000000000000000001100000000001101100000000000000000000000000000000000000000000000
00000000000000000000000000000000000000000000000000000000000000000000000000000000000000000000000000000000000000000000000000000000011000000000000001111100000000000000000000000000000000000000000000000000
00000000000000000000000000000000000000000000000000000000000000000000000000000000000000000000000000000000000000000000000000000000011000000000000001111100000000000000000000000000000000000000000000000000
00000000000000000000000000000000000000000000000000000000000000000000000000000000000000000000000000000000000000000000000000000000011111110000000000001100000000000000000000000000000000000000000000000000
00000000000000000000000000000000000000000000000000000000000000000000000000000000000000000000000000000000000000000000000000000000011111110000000000001100000000000000000000000000000000000000000000000000
00000000000000000000000000000000000000000000000000000000000000000000000000000000000000000000000000000000000000000000000011000001111100000001100000001100000000000000000000000000000000000000000000000000
00000000000000000000000000000000000000000000000000000000000000000000000000000000000000000000000000000000000000000000000000000000011000000010000000000000000000000000000000000000000000000000000000000000
00000000000000000000000000000000000000000000000000000000000000000000000000000000000000000000000000000000000000000000000000000000011000000010000000000000000000000000000000000000000000000000000000000000
00000000000000000000000000000000000000000000000000000000000000000000000000000000000000000000000000000000000000000000000000001000000000001101100000110000000000000000000000000000000000000000000000000000
00000000000000000000000000000000000000000000000000000000000000000000000000000000000000000000000000000000000000000000000000001000000000001101100000110000000000000000000000000000000000000000000000000000
00000000000000000000000000000000000000000000000000000000000000000000000000000000000000000000000000000000000000000000000000000110000000000001100110110000000000000000000000000000000000000000000000000000
00000000000000000000000000000000000000000000000000000000000000000000000000000000000000000000000000000000000000000000000000001110000000000001100110000000000000000000000000000000000000000000000000000000
00000000000000000000000000000000000000000000000000000000000000000000000000000000000000000000000000000000000000000000000000001110000000000001100110000000000000000000000000000000000000000000000000000000
00000000000000000000000000000000000000000000000000000000000000000000000000000000000000000000000000000000000000000000000000000000000000110010011000000000000000000000000000000000000000000000000000000000
00000000000000000000000000000000000000000000000000000000000000000000000000000000000000000000000000000000000000000000000000000000000000110010011000000000000000000000000000000000000000000000000000000000
00000000000000000000000000000000000000000000000000000000000000000000000000000000000000000000000000000000000000000000000000000000000000000000000111000000000000000000000000000000000000000000000000000000
00000000000000000000000000000000000000000000000000000000000000000000000000000000000000000000000000000000000000000000000000000000000000000000000111000000000000000000000000000000000000000000000000000000
00000000000000000000000000000000000000000000000000000000000000000000000000000000000000000000000000000000000000000000000000000000000000000000011000000000000000000000000000000000000000000000000000000000
00000000000000000000000000000000000000000000000000000000000000000000000000000000000000000000000000000000000000000000000000000000000000001110000000000000000000000000000000000000000000000000000000000000
00000000000000000000000000000000000000000000000000000000000000000000000000000000000000000000000000000000000000000000000000000000000000001110000000000000000000000000000000000000000000000000000000000000
00000000000000000000000000000000000000000000000000000000000000000000000000000000000000000000000000000000000000000000000000000000000000000000000000000000000000000000000000000000000000000000000000000000
00000000000000000000000000000000000000000000000000000000000000000000000000000000000000000000000000000000000000000000000000000000000000000000000000000000000000000000000000000000000000000000000000000000
00000000000000000000000000000000000000000000000000000000000000000000000000000000000000000000000000000000000000000000001100000111100000000000000000000000000000000000000000000000000000000000000000000000
00000000000000000000000000000000000000000000000000000000000000000000000000000000000000000000000000000000000000000000001100000111100000000000000000000000000000000000000000000000000000000000000000000000
00000000000000000000000000000000000000000000000000000000000000000000000000000000000000000000000000000000000000000000000000000000000100000000000000000000000000000000000000000000000000000000000000000000
00000000000000000000000000000000000000000000000000000000000000000000000000000000000000000000000000000000000000000000000000000000000000000000000000000000000000000000000000000000000000000000000000000000
00000000000000000000000000000000000000000000000000000000000000000000000000000000000000000000000000000000000000000000000000000000000000000000000000000000000000000000000000000000000000000000000000000000
00000000000000000000000000000000000000000000000000000000000000000000000000000000000000000000000000000000000000000000000000000000000000000000000000000000000000000000000000000000000000000000000000000000
00000000000000000000000000000000000000000000000000000000000000000000000000000000000000000000000000000000000000000000000000000000000000000000000000000000000000000000000000000000000000000000000000000000
10000000000000000000000000000000000000000000000000000000000000000000000000000000000000000000000000000000000000000000000000000000000000000000000000000000000000000000000000000000000000000000000000000000
10000000000000000000000000000000000000000000000000000000000000000000000000000000000000000000000000000000000000000000000000000000000000000000000000000000000000000000000000000000000000000000000000000000
00000000000000000000000000000000000000000000000000000000000000000000000000000000000000000000000000000000000000000000000000000000000000000000000000000000000000000000000000000000000000000000000000000000
00000000000000000000000000000000000000000000000000000000000000000000000000000000000000000000000000000000000000000000000000000000000000000000000000000000000000000000000000000000000000000000000000000000
00000000000000000000000000000000000000000000000000000000000000000000000000000000000000000000000000000000000000000000000000000000000000000000000000000000000000000000000000000000000000000000000000000000
00000000000000000000000000000000000000000000000000000000000000000000000000000000000000000000000000000000000000000000000000000000000000000000000000000000000000000000000000000000000000000000000000000000
00000000000000000000000000000000000000000000000000000000000000000000000000000000000000000000000000000000000000000000000000000000000000000000000000000000000000000000000000000000000000000000000000000000
00000000000000000000000000000000000000000000000000000000000000000000000000000000000000000000000000000000000000000000000000000000000000000000000000000000000000000000000000000000000000000000000000000000
00000000000000000000000000000000000000000000000000000000000000000000000000000000000000000000000000000000000000000000000000000000000000000000000000000000000000000000000000000000000000000000000000000000
00000000000000000000000000000000000000000000000000000000000000000000000000000000000000000000000000000000000000000000000000000000000000000000000000000000000000000000000000000000000000000000000000000000
00000000000000000000000000000000000000000000000000000000000000000000000000000000000000000000000000000000000000000000000000000000000000000000000000000000000000000000000000000000000000000000000000000000
00000000000000000000000000000000000000000000000000000000000000000000000000000000000000000000000000000000000000000000000000000000000000000000000000000000000000000000000000000000000000000000000000000000
00000000000000000000000000000000000000000000000000000000000000000000000000000000000000000000000000000000000000000000000000000000000000000000000000000000000000000000000000000000000000000000000000000000
00000000000000000000000000000000000000000000000000000000000000000000000000000000000000000000000000000000000000000000000000000000000000000000000000000000000000000000000000000000000000000000000000000000
00000000000000000000000000000000000000000000000000000000000000000000000000000000000000000000000000000000000000000000000000000000000000000000000000000000000000000000000000000000000000000000000000000000
00000000000000000000000000000000000000000000000000000000000000000000000000000000000000000000000000000000000000000000000000000000000000000000000000000000000000000000000000000000000000000000000000000000
00000000000000000000000000000000000000000000000000000000000000000000000000000000000000000000000000000000000000000000000000000000000000000000000000000000000000000000000000000000000000000000000000000000
00000000000000000000000000000000000000000000000000000000000000000000000000000000000000000000000000000000000000000000000000000000000000000000000000000000000000000000000000000000000000000000000000000000
00000000000000000000000000000000000000000000000000000000000000000000000000000000000000000000000000000000000000000000000000000000000000000000000000000000000000000000000000000000000000000000000000000000
00000000000000000000000000000000000000000000000000000000000000000000000000000000000000000000000000000000000000000000000000000110000000000000000000000000000000000000000000000000000000000000000000000000
00000000000000000000000000000000000000000000000000000000000000000000000000000000000000000000000000000000000000000000000000000110000000000000000000000000000000000000000000000000000000000000000000000000
00000000000000000000000000000000000000000000000000000000000000000000000000000000000000000000000000000000000000000000000000000110000000000000000000000000000000000000000000000000000000000000000000000000
00000000000000000000000000000000000000000000000000000000000000000000000000000000000000000000000000000000000000000000000000110111100000000000000000000000000000000000000000000000000000000000000000000000
00000000000000000000000000000000000000000000000000000000000000000000000000000000000000000000000000000000000000000000000000110111100000000000000000000000000000000000000000000000000000000000000000000000
00000000000000000000000000000000000000000000000000000000000000000000000000000000000000000000000000000000000000000000000000000000000000000000000000000000000000000000000000000000000000000000000000000000
00000000000000000000000000000000000000000000000000000000000000000000000000000000000000000000000000000000000000000000000000000000000000000000000000000000000000000000000000000000000000000000000000000000
00000000000000000000000000000000000000000000000000000000000000000000000000000000000000000000000000000000000000000000000011001110000000000000000000000000000000000011000110000000000000000000000000000000
00000000000000000000000000000000000000000000000000000000000000000000000000000000000000000000000000000000000000000000000011001110000000000000000000000000000000000011000110000000000000000000000000000000
00000000000000000000000000000000000000000000000000000000000000000000000000000000000000000000000000000000000000000000001111111110000000000000000000000000000000000000011000000000000000000000000000000000
00000000000000000000000000000000000000000000000000000000000000000000000000000000000000000000000000000000000000000000001111111110000000000000000000000000000000000000011110000000000000000000000000000000
00000000000000000000000000000000000000000000000000000000000000000000000000000000000000000000000000000000000000000000001111111110000000000000000000000000000000000000011110000000000000000000000000000000
00000000000000000000000000000000000000000000000000000000000000000000000000000000000000000000000000000000000000000000000011111110000000000000000000000000000000000000000111100000000000000000000000000000
00000000000000000000000000000000000000000000000000000000000000000000000000000000000000000000000000000000000000000000000011111110000000000000000000000000000000000000000111100000000000000000000000000000
00000000000000000000000000000000000000000000000000000000000000000000000000000000000000000000000000000000000000000000000011111110000000000000000000000000000000000000000000000000000000000000000000000000
00000000000000000000000000000000000000000000000000000000000000000000000000000000000000000000000000000000000000000000000000111001100000000000000000000000000000000000000000000000000000000000000000000000
00000000000000000000000000000000000000000000000000000000000000000000000000000000000000000000000000000000000000000000000000111001100000000000000000000000000000000000000000000000000000000000000000000000
00000000000000000000000000000000000000000000000000000000000000000000000000000000000000000000000000000000000000000000000000111110000000000000000000000000000000000000000000001100000000000000000000000000
00000000000000000000000000000000000000000000000000000000000000000000000000000000000000000000000000000000000000000000000000111110000000000000000000000000000000000000000000001100000000000000000000000000
00000000000000000000000000000000000000000000000000000000000000000000000000000000000000000000000000000000000000000000000000110000000000000000000000000000000000000000000000001100000000000000000000000000
00000000000000000000000000000000000000000000000000000000000000000000000000000000000000000000000000000000000000000000000000110000000000000000000000000000000000000000000000001100000000000000000000000000
00000000000000000000000000000000000000000000000000000000000000000000000000000000000000000000000000000000000000000000000000000000000000000000000000000000000000000000000000001100000000000000000000000000
00000000000000000000000000000000000000000000000000000000000000000000000000000000000000000000000000000000000000000000000000000000000000000000000000000000000000000000000000001100000000000000000000000000
00000000000000000000000000000000000000000000000000000000000000000000000000000000000000000000000000000000000000000000000000000000000000000000000000000000000000000000000000001100000000000000000000000000
00000000000000000000000000000000000000000000000000000000000000000000000000000000000000000000000000000000000000000000000000000000000000000000000000000000000000000000000000000000000000000000000000000000
00000000000000000000000000000000000000000000000000000000000000000000000000000000000000000000000000000000000000000000000000000000000000000000000000000000000000000000000000000000000000000000000000000000
00000000000000000000000000000000000000000000000000000000000000000000000000000000000000000000000000000000000000000000000000000000000000000000000000000000000000000000000000000000000000000000000000000000
00000000000000000000000000000000000000000000000000000000000000000000000000000000000000000000000000000000000000000000000000000000000000000000000000000000000000000000000000000000000000000000000000000000
00000000000000000000000000000000000000000000000000000000000000000000000000000000000000000000000000000000000000000000000000000000000000000000000000000000000000000000000000000000000000000000000000000000
00000000000000000000000000000000000000000000000000000000000000000000000000000000000000000000000000000000000000000000000000000000000000000000000000000000000000000000000000000000000000000000000000000000
00000000000000000000000000000000000000000000000000000000000000000000000000000000000000000000000000000000000000000000000000000000000000000000000000000000000000000000000000000000000000000000000000000000
00000000000000000000000000000000000000000000000000000000000000000000000000000000000000000000000000000000000000000000000000000000000000000000000000000000000000000000000000000000000000000000000000000000
00000000000000000000000000000000000000000000000000000000000000000000000000000000000000000000000000000000000000000000000000000000000000000000000000000000000000000000000000000000000000000000000000000000
00000000000000000000000000000000000000000000000000000000000000000000000000000000000000000000000000000000000000000000000000000000000000000000000000000000000000000000000000000000000000000000000000000000
00000000000000000000000000000000000000000000000000000000000000000000000000000000000000000000000000000000000000000000000000000000000000000000000000000000000000000000000000000000000000000000000000000000
00000000000000000000000000000000000000000000000000000000000000000000000000000000000000000000000000000000000000000000000000000000000000000000000000000000000000000000000000000000000000000000000000000000
00000000000000000000000000000000000000000000000000000000000000000000000000000000000000000000000000000000000000000000000000000000000000000000000000000000000000000000000000000000000000000000000000000000
00000000000000000000000000000000000000000000000000000000000000000000000000000000000000000000000000000000000000000000000000000000000000000000000000000000000000000000000000000000000000000000000000000000
00000000000000000000000000000000000000000000000000000000000000000000000000000000000000000000000000000000000000000000000000000000000000000000000000000000000000000000000000000000000000000000000000000000
00000000000000000000000000000000000000000000000000000000000000000000000000000000000000000000000000000000000000000000000000000000000000000000000000000000000000000000000000000000000000000000000000000000
00000000000000000000000000000000000000000000000000000000000000000000000000000000000000000000000000000000000000000000000000000000000000000000000000000000000000000000000000000000000000000000000000000000
00000000000000000000000000000000000000000000000000000000000000000000000000000000000000000000000000000000000000000000000000000000000000000000000000000000000000000000000000000000000000000000000000000000
00000000000000000000000000000000000000000000000000000000000000000000000000000000000000000000000000000000000000000000000000000000000000000000000000000000000000000000000000000000000000000000000000000000
00000000000000000000000000000000000000000000000000000000000000000000000000000000000000000000000000000000000000000000000000000000000000000000000000000000000000000000000000000000000000000000000000000000
00000000000000000000000000000000000000000000000000000000000000000000000000000000000000000000000000000000000000000000000000000000000000000000000000000000000000000000000000000000000000000000000000000000
00001100100110111100000000000000000000000000000000000000000000000000000000000000000000000000000000000000000000000000000000000000000000000000000000000000000000000000000000000000000000000000000000000000
00001100100110111100000000000000000000000000000000000000000000000000000000000000000000000000000000000000000000000000000000000000000000000000000000000000000000000000000000000000000000000000000000000000
00111100000000110000111110000000000000000000000000000000000000000000000000000000000000000000000000000000000000000000000000000000000000000000000000000000000000000000000000000000000000000000000000000000
00000000011001000011000001110000000000000000000000000000000000000000000000000000000000000000000000000000000000000000000000000000000000000000000000000000000000000000000000000000000000000000000000000000
00000000011001000011000001110000000000000000000000000000000000000000000000000000000000000000000000000000000000000000000000000000000000000000000000000000000000000000000000000000000000000000000000000000
01000011100110001100000110011100110000000000000000000000000000000000000000000000000000000110000000100000000011110000000000000000000000000000000000000000000000000000000000000000000000000000000000000000
01000011100110001100000110011100110000000000000000000000000000000000000000000000000000000110000000100000000011110000000000000000000000000000000000000000000000000000000000000000000000000000000000000000
00000000011001110011011001111111110000000000000000000000000000000000000000000110000000100000000000000000000000000001100000000000000000000000000000000000000000000000000000000000000000000000000000000000
00000000011001110011011001111111110000000000000000000000000000000000000000000110000000100000000000000000000000000001100000000000000000000000000000000000000000000000000000000000000000000000000000000000
00000000000110001100000000000000001000000000000000000000000000000000000001111110000000000000110000000000000000000001100000000000000000000000000000000000000000000000000000000000000000000000000000000000
00000011000001001111000001100011000000000000000000000000000000000000000000000000000000000000000011111000000000000000000000000000000000000000000000000000000000000000000000000000000000000000000000000000
00000011000001001111000001100011000000000000000000000000000000000000000000000000000000000000000011111000000000000000000000000000000000000000000000000000000000000000000000000000000000000000000000000000
00000000000111110000111110000000111000000000000000000000000000000000000000000110110000000000111111100001100000000110000000000000000000000000000000000000000000000000000000000000000000000000000000000000
00000000000111110000111110000000111000000000000000000000000000000000000000000110110000000000111111100001100000000110000000000000000000000000000000000000000000000000000000000000000000000000000000000000
00000000000000000011111000011100000000000000000000000000000000000000111110000110001100011111111100000110000000000000000000000000000000000000000000000000000000000000000000000000000000000000000000000000
00000000000000000011111000011100000000000000000000000000000000000000111110000110001100011111111100000110000000000000000000000000000000000000000000000000000000000000000000000000000000000000000000000000
00000000000000000011011000000000001000000000000000000000000000000000111100000000000000000111111100000000010000000000000000000000000000000000000000000000000000000000000000000000000000000000000000000000
00000000000000000000000000000000001111100000000000000000000000000000001111100110000000000001000011011110000000000000000000000000000000000000000000000000000000000000000000000000000000000000000000000000
00000000000000000000000000000000001111100000000000000000000000000000001111100110000000000001000011011110000000000000000000000000000000000000000000000000000000000000000000000000000000000000000000000000
00000000000000111100000001110000111001100000000000000000000000000000111110000000000000000111111100111000000000000000000000000000000000000000000000000000000000000000000000000000000000000000000000000000
00000000000000111100000001110000111001100000000000000000000000000000111110000000000000000111111100111000000000000000000000000000000000000000000000000000000000000000000000000000000000000000000000000000
00000000000000000000000000000000111000000000000000000000000000000000001100000000110000000111111111111001100000000000000000000000000000000000000000000000000000000000000000000000000000000000000000000000
00000000000000000000000000000000111000000000000000000000000000000000001100000000110000000111111111111001100000000000000000000000000000000000000000000000000000000000000000000000000000000000000000000000
00000000000000000000011110000000000001110000000000000000000000000000000000000000000000100000111111100000000000000000000000001110000000000000000000000000000000000000000000000000000000000000000000000000
00000000000110000000000001101111000001100000000000000000000000000000001100000000000000100111111111111000000000000000001100000000000100000000000000000000000000000000000000000000000000000000000000000000
00000000000110000000000001101111000001100000000000000000000000000000001100000000000000100111111111111000000000000000001100000000000100000000000000000000000000000000000000000000000000000000000000000000
00000000000000000011111110010000110000000000000000000000000000000100000001100111000000100111111111100111100000000000000000000000000000000000000000000000000000000000000000000000000000000000000000000000
00000000000000000011111110010000110000000000000000000000000000000100000001100111000000100111111111100111100000000000000000000000000000000000000000000000000000000000000000000000000000000000000000000000
00000000000000000011011001111100001110000000000000000000000000000000000000000110000000100000111111100000000000000000000000000000000000000000000000000000000000000000000000000000000000000000000000000000
10000000000000000000100110001111000000010000000000000000000000000000000000011000000000000111111111100000000000000000000000000000000000000000000000000000000000000000000000000000000000000000000000000000
10000000000000000000100110001111000000010000000000000000000000000000000000011000000000000111111111100000000000000000000000000000000000000000000000000000000000000000000000000000000000000000000000000000
00000000000000110000011000001100110001100000000000000000000000000000000000000000000011011111111111100000001100000000000000000000000000000000000000000000000000000000000000000000000000000000000000000000
00000000000000110000011000001100110001100000000000000000000000000000000000000000000011011111111111100000001100000000000000000000000000000000000000000000000000000000000000000000000000000000000000000000
11000011000001000011100110000011110000000011000000000000000000000000110000000000110011111111111111111000000000000000000000000000000000000001100000000000000000000000000000000000000000000000000000000000
11000011000001000011100110000011110000000011000000000000000000000000110000000000110011111111111111111000000000000000000000000000000000000001100000000000000000000000000000000000000000000000000000000000
00001111100000001100111111101100111000010000000000000000000000000000000000000000001100111111111111111000000000000000000000000000000000000000000000000000000000000000000000000000000000000000000000000000
00110011000000001100011110010011000110010011000000000000000000000000000000000111110011011111111111111000000000000000000000001000000000000000000000000000000000000000000000000000000000000000000000000000
00110011000000001100011110010011000110010011000000000000000000000000000000000111110011011111111111111000000000000000000000001000000000000000000000000000000000000000000000000000000000000000000000000000
01111111000110001100111001101111110001110011000000000000000000000000000011100000000000000000111111111110000000000000000000000000000000000010000000000000000000000000000000000000000000000000000000000000
01111111000110001100111001101111110001110011000000000000000000000000000011100000000000000000111111111110000000000000000000000000000000000010000000000000000000000000000000000000000000000000000000000000
11000011111000001111100000011111110000011100110000000000000000000000000000000000000000000000000011111000000000000000000000000000000000000000000000000000000000000000000000000000000000000000000000000000
11000011111000001111100000011111110000011100110000000000000000000000000000000000000000000000000011111000000000000000000000000000000000000000000000000000000000000000000000000000000000000000000000000000
00001111100000111111011000001111111111111100110000000000000000000000000000000000000000000001000011100110000000000000000000000000000000000000000001000000000000000000000000000000000000000000000000000000
00110011111111110000111001101111111000000000000110000000000000000000000000000110001100011001000011111001100000000000000000000110000000000000000000000000000000000000000000000000000000000000000000000000
00110011111111110000111001101111111000000000000110000000000000000000000000000110001100011001000011111001100000000000000000000110000000000000000000000000000000000000000000000000000000000000000000000000
00001111111111111100011111110011111111100000000000000000000000000000000000000000000011000000001111000000000000000000000000000110000000000000000000000000000000000000000000000000000000000000000000000000
00001111111111111100011111110011111111100000000000000000000000000000000000000000000011000000001111000000000000000000000000000110000000000000000000000000000000000000000000000000000000000000000000000000
01000000111111111100111111100011111110010000000000000000000000000000000000000110000011111000001111100000000000000000000000000000000000000000000000000000000000000000000000000000000000000000000000000000
01000000111111111100111111100011111110010000000000000000000000000000000000000110000011111000001111100000000000000000000000000000000000000000000000000000000000000000000000000000000000000000000000000000
11001100011111110000000110011111111001111100000000000000000000000000000000000000000011000110001111100000011100110111100000000000000000000000000000000000000000000000000000000000000000000000000000000000
01000000111111111111000001101111110001100000110110000100000000000000000000000000000000000111111111011001110011000000001100000000000000000000000000000000000000000000000000000000000000000000000000000000
01000000111111111111000001101111110001100000110110000100000000000000000000000000000000000111111111011001110011000000001100000000000000000000000000000000000000000000000000000000000000000000000000000000
10000000000001000011111000010011110001110000111001100000000010000000000000000001000011111111111111111110000000000110000000000000000000000000000000000000000000000000000000000000000000000000000000000000
10000000000001000011111000010011110001110000111001100000000010000000000000000001000011111111111111111110000000000110000000000000000000000000000000000000000000000000000000000000000000000000000000000000
00000000011000110011011111111111111000010000111000000111110000000100000000011111111111111111111111111111110011110110010000000000000000000000000000000000000000000000000000000000000000000000000000000000
00000000000000111100011000010011000110010011111001111100111100000011001101111111111111111110111111111111100011111000001100000000000000000000000000000000000000000000000000000000000000000000000000000000
00000000000000111100011000010011000110010011111001111100111100000011001101111111111111111110111111111111100011111000001100000000000000000000000000000000000000000000000000000000000000000000000000000000
10000000100001000000100000011111001001101100001001111111000000000100111100000000111111111110110011111111101100001000010011000000000000000000000000000000000000000000000000000000000000000000000000000000
10000000100001000000100000011111001001101100001001111111000000000100111100000000111111111110110011111111101100001000010011000000000000000000000000000000000000000000000000000000000000000000000000000000
10000000000110111111111000001100111111111111001001111111111101111111001111100001110000011110110011111111111111110001111100000000000000000000000000000000000000000000000000000000000000000000000000000000
10000000000110111111111000001100111111111111001001111111111101111111001111100001110000011110110011111111111111110001111100000000000000000000000000000000000000000000000000000000000000000000000000000000