00000000110011000000000000000000000000000000000000000001111000000000000000000000000000000000000000000000000000000000000000000000000000000011000000000000000001100000000000000001111100000000000000000000
00000000110011000000000000000000000000000000000000000001111000000000000000000000000000000000000000000000000000000000000000000000000000000011000000000000000001100000000000000001111100000000000000000000
00111100000000000000000000000110000000001100000000000000000000000000000000000000000000000000000000000000000000000000000000000000000111000000000000000000000111100000000011001110000000000000000000000000
00111100000000000000000000000110000000001100000000000000000000000000000000000000000000000000000000000000000000000000000000000000000111000000000000000000000111100000000011001110000000000000000000000000
00111100000000000000000000000000000000110000000000000001100000000000000000000000000000000000000000000000000000001100000000000000000000000000000000000000000000000000000011000111111000000000000000000000
00111100000000000000000000000000000000110000000000000001100000000000000000000000000000000000000000000000000000001100000000000000000000000000000000000000000011011110011100000111100000000000000000000000
00110011000000000000000000000000000000001100001100011000000000000000110000000000000000000110000000000000000000001100000111100000000000000000000000000001100011011110011100000111100000000000000000000000
00110011000000000000000000000000000000001100001100011000000000000000110000000000000000000110000000000000000000001100000111100000000000000000000000000001101100000000011100000001100000000000000000000000
01000000000000000000000000000000000000000000110000000000000000000000001100000000000000000000000000000000000000000000011000000000000000000000000000000000001100000000011100000001100000000000000000000000
01000000000000000000000000000000000000000000110000000000000000000000001100000000000000000000000000000000000000000000011000000000000000000000000000000000000000000000001100000111111000000010000000000000
00000000111100000000000000000000000000000000000000000000000000000000110000000000000000000000000000000000000000000000000000000000000000000000000000000000000000000000001100000111111000000010000000000000
00000011110000000000000000000000000000001100000011000000000000000000000000000000000000000000000000000011111111001111000001100000000000000000000000111000000011000000000000110111111011000000000000000000
00000011110000000000000000000000000000001100000011000000000000000000000000000000000000000000000000000011111111001111000001100000000000000000000000111000001111000110000000111111100111000001100000110000
01111111000000000000000000000000000100000000000000100000000000000000110000000000000000000000000000000000000000000000000000000000000000000000000000000000001111000110000000111111100111000001100000110000
01111111000000000000000000000000000100000000000000100000000000000000110000000000000000000000000000000000000000000000000000000000000000000000000000000000000000111111110000111111111011000001111100000000
11110000000000000000000000000000000111000000000000100000000000000000000000000000000000000000000000000000000000000000000000000000000000000000000000000000000000111111110000111111111011000001111100000000
11110000000000000000000000000000000111000000000000100000000000000000000000000000000000000000000000000000000000000000000000000000000000000000000000000000000000011111111100111110011011000000011000000000
11000000001100110000000000000000000100000000000000111000000000000000000000000000000000000000000000000000000000110000000000000000000000000000000000000000000000011111111100111110011011000000011000000000
11000000001100110000000000000000000100000000000000111000000000000000000000000000000000000000000000000000000000110000000000000000000000000000000000000000000000111001101111000000000000111110000011000000
00000000000000000000000000000000000000000000000000011000000000000000000000110000000000000000000001100000000011110000011000000000000000000000000000000000000000111000000000000000000000110010000000110000
00000000000000000000000000000000000000000000000000011000000000000000000000110000000000000000000001100000000011110000011000000000000000000000000000000000000000111000000000000000000000110010000000110000
00001100000000000000000000000000000000000000000000000110000000011000000000000000000000000000000000010000000000110000011000000000000000000000000000000000000000100000010000000000000000001111100000000000
00001100000000000000000000000000000000000000000000000110000000011000000000000000000000000000000000010000000000110000011000000000000000000000000000000000000000100000010000000000000000001111100000000000
00001100000011110010000000000000000000000000000000011001100001100110000000000000000000000000000000000000000000001100100000000000000000000000000000000000000000011000001111110001100000000000011000000001
00001100000011110010000000000000000000000000000000011001100001100110000000000000000000000000000000000000000000001100100000000000000000000000000000000000000000011000001111110001100000000000011000000001
00000000110011000010011000000110000000000011110000000000000000000000000000000000000000000000000000000011001111000000011111111000000000000000000000000000000000000000000000110000000011000000011100000001
00000000110011000010011000000110000000000011110000000000000000000000000000000000000000000000000000000011001111000000011111111000000000000000000000000000000000000000000000110000000000000000000100000001
00000000111100110010000110000000000000000000000000011000000000000000000000000000000000011000000000001100001100110000000001111111111000000000000000000000000000000111100000000000000000100000000100000001
00001111001100111100011000000000000000000000000000000110000110000000000000001100000000000000000000000000000000110011000001111110000000000000000000000000000000011001110000001100001100011100011000000000
00001111001100111100011000000000000000000000000000000110000110000000000000001100000000000000000000000000000000110011000001111110000000000000000000000000000000011001110000001100001100011100011000000000
00000011110000001100000000000110000000111100000000111000000000000110001100110000000000000000000000010000000000000000000000000000000000000000110000000000011000000001110000001100001100011110000000000000
00000011110000001100000000000110000000111100000000111000000000000110001100110000000000000000000000010000000000000000000000000000000000000000110000000000011000000001110000001100001100011111111000000000
00110011111100001100000000000000011100001100111111111000000000000110111100000000000000000000000000010000000000000000111110000110000000000000111111111000000110000111110000001100000000100001111000000000
00110011111100001100000000000000011100001100111111111000000000000110111100000000000000000000000000010000000000000000111110000110000000000000111111111000000110000111110000001100000000100001111000000000
10111111111111111100000000011000011111110000111111111111100000000001110000000000000000000000000110001100000011000011100111100001111001001100001111111000000110011110010000000000000000011000011000000000
10111111111111111100000000011000011111110000111111111111100000000001110000000000000000000000000110001100000011000011100111100001111001001100001111111000000110011110010000000000000000011000000000000000
11111111111111111110000111100000011100111111111111111110011000000000111111110000000000000000000000000011111111000000000000000001111111111111111100110000000001111111110000000000000000100110000000000000
11111111111111111110000111100000011100111111111111111110011000000000111111110000000000000000000000000011111111000000000000000001111111111111111100110000000001111111110000000000000000100110000000000000
10110011111111111110011111100001111111111111111111111111111111100110001111001100000000000000000000010000111100001100100000000110011000000011110011111111111111111111110000000000000000000110000110000000
10110011111111111110011111100001111111111111111111111111111111100110001111001100000000000000000000010000111100001100100000000110011000000011110011111111111111111111110000000000000000000110000110000000
11111111111111111111111111100001111111111111111111111111111111111001110000000000000000000000000110010000000000000011011110011000000000000011111111111111100111111111111100001100110000000000000001100000
11111111111111111111111111100001111111111111111111111111111111111001110000000000000000000000000110010000000000000011011110011000000000000011111111111111100111111111111100001100110000000000000001100000
01111111001100111100000111100111111111111111111111111001111001111001000011110000000000000000000000010000000011000000111111100111111111111111111111111111111110011111110000001100110000011000011110000000
01111111001100111100000111100111111111111111111111111001111001111001000011110000000000000000000000010000000011000000111111100111111111111111111111111111111110011111110000001100110000011000011110000000
11111100001111001101100111111110000100001111111111111001111111111111001111000000000000000000000000001100000011000011111111111111111001111111111111111111111111111001100000000000111100100110000111000000
10111100000011111111111111111111111100001100111100111111111111111111001100000000000000000000000001110000111100111111111111111111111111111111111111111111111111111001111100000000000011111000011110000000
10111100000011111111111111111111111100001100111100111111111111111111001100000000000000000000000001110000111100111111111111111111111111111111111111111111111111111001111100000000000011111000011110000000
00000011000011111111111111111111100100110011000011111111111111111111000000001100110001111000000110001100110000110011111111111001111111111111110011111001111111111000000000001111000011111111100111100000
00000011000011111111111111111111100100110011000011111111111111111111000000001100110001111000000110001100110000110011111111111001111111111111110011111001111111111000000000001111000011111111100111100000
00000000000000110001111111111000011111000011111111111111111111111110000000000000110000000000000000000011110000001111111111111111111110110000110011111111111111111001100000001100111111111110011110011010
00000000000000110001111111111000011111000011111111111111111111111110000000000000110000000000000000000011110000001111111111111111111110110000110011111111111111111001100000001100111111111110011110011010
00000000000011000001111001111001100100111100111111111111111111111110000000000011110000000000000000000000000000001111111111111111111111111111110000001111111111111000000000111100111111011111111111111011
00000000000011000001111001111001100100111100111111111111111111111110000000000011110000000000000000000000000000001111111111111111111111111111110000001111111111111000000000111100111111011111111111111011
00000000000000111110011000000000000111111111111111111111111111111001000000000000111110000110000000000000001100110011111111111111111111111111000000000001111111111001111111110011110000000001100111100011
00000000000000111110011000000000000111111111111111111111111111111001000000000000111110000110000000000000001100110011111111111111111111111111000000000001111111111001111111110011110000000001100111100010
00000000000000001110000000011001100100111111111111111111111111100111000000000000000010000000000000000000000011001111111111111111111111111111110000001110011110011110010000000011110000100001100000011110
00000000000000001110000000011001100100111111111111111111111111100111000000000000000010000000000000000000000011001111111111111111111111111111110000001110011110011110010000000011110000100001100000011100
00000000000000001110000110000001111100111111111111100111111000000000000000000000000000000001100000000000001100001111111111111111111111111111111100110000000001111110001100111100111100000000011000000000
00000000000000001110000110000001111100111111111111100111111000000000000000000000000000000001100000000000001100001111111111111111111111111111111100110000000001111110001100111100111100000000011000000000
01000000000000000011100000000000011111111111111111111111100001100000000000000000000010000000000000010000000011000011111111111111111111111111110000000000000111111111110000110011110011011001100000000000
00000000000000000000000001100000000111111111111111111111100001100110111100000011111110000000000000000000001111111111111111111111111111111111110000000001100111111111110000001100001100111000000001100000
00000000000000000000000001100000000111111111111111111111100001100110111100000011111110000000000000000000001111111111111111111111111111111111110000000001100111111111110000001100001100111000000001100000
00000000000000000000000000000001111111111111111111111001111000011000000000000000001100000001100000000011111111110011011111111001111111111111110000000001111001111111111100000000111100000000011110000000
00000000000000000000000000000001111111111111111111111001111000011000000000000000001100000001100000000011111111110011011111111001111111111111110000000001111001111111111100000000111100000000011110000000
00000000000000110000000000011111100111111111111111111110011000011110000000000000000000000001111111100011111111111100111111111001111111111100111111110001111001111111110011001100000000000000000110000000
00000000000000110000000000011111100111111111111111111110011000011110000000000000000000000001111111100011111111111100111111111001111111111100111111110001111001111111110011001100000000000000000110000000
00000000110000000000011000011111111111111111111111111111111111111000000000000011000001100001111111101111111111110000011111111110011111111111111111110111111111111110000000111111110000111000000000000000
00000000110000000000011000011111111111111111111111111111111111111000000000000011000001100001111111101111111111110000011111111110011111111111111111110111111111111110000000111111110000111000000000000000
00000000000000000010000001111111111111001111111111100000000000000001001100000000000000000001111111111111111111111100111001111000000111111111111111111001111111100000010011111111000000111000000000000000
00000000000000000010000001111111111111001111111111100000000000000001001100000000000000000001111111111111111111111100111001111000000111111111111111111001111111100000010011111111000000111000000000000000
00000000001100110001100000011111111111111111111111111111100000000001000000000000000000000110011111100011000011000000100000011001100111111111111111111001111111111110001111111111000000000000000000000000
00000000001100110001100000011111111111111111111111111111100000000001000000000000000000000110011111100011000011000000100000011001100111111111111111111001111111111110001111111111000000000000011000110000
00000000000000110000011111111111111111111111111111000110000000000110000000000000000000000000011110011111110000000000000000000000011111111111111100110001100000000001101100110000110000000000011000110000
00000000000000110000011111111111111111111111111111000110000000000110000000000000000000000000011110011111110000000000000000000000011111111111111100110001100000000001101100110000110000000000000000110010
00000000000000110000000001111111111111111111111100011001100000000000000000000000000010000111111000000011000000110000000000000000011111111111111111001110000000000001101111000011000011100000000000110010
00000000000000110000000001111111111111111111111100011001100000000000000000000000000010000111111000000011000000110000000000000000011111111111111111001110000000000001101111000011000011100000000000001110
00000000000000001110011111111111111111111111110011111111100110000000000000000000000001111110000110000000001100000000000001111001111111111111111100000110000000000000000000000000000000000000000000001110
01000000110011000000000110011111111111111111111100011110000000000000000000000000000001100000000000000000000000000011100110011110000000111111111100001110000001100000000000000000001111100000011000000000
01000000110011000000000110011111111111111111111100011110000000000000000000000000000001100000000000000000000000000011100110011110000000111111111100001110000001100000000000000000001111100000011000000011
00000000111100110010011001111111111111111111111100011111100000000000000000000000110010000110000000000000000000000011011110011111111001111100110000000110011000000000010011000011001111111000000000000011
00000000111100110010011001111111111111111111111100011111100000000000000000000000110010000110000000000000000000000011011110011111111001111100110000000110011000000000010011000011001111111000000000000000
00001111111100111100000000000001111111111100111100011110000000000001000011000000000000000001100110000000000000000000000110000000011111111100000000000001111111100001100000001111000000100000000000000000
00001111111100111100000000000001111111111100111100011110000000000001000011000000000000000001100110000000000000000000000110000000011111111100000000000001111111100001100000001111000000100000000000000000
00110000000011111100011000000000000111111111111111011111111000011110000000000000000000011110000000000000000000000000111111111111111111111111000000000110000000000000000000000000000011100000000000000000
00110000000011111100011000000000000111111111111111011111111000011110000000000000000000011110000000000000000000000000111111111111111111111111000000000110000000000000000000000000000011100000000000000000
00000000000000001111100001100000011111111100111111011111100001100110000000000011000001100000000000000000000000000011011001111111111110110000000000000111100000000000000000000000000011111110000000000000
00000000000000001111100001100000011111111100111111011111100001100110000000000011000001100000000000000000000000000011011001111111111110110000000000000111100000000000000000000000000011111110000000000000
00000011001100110011111000011000000111111111111100100110011000000000000000000011110010000000000000000000000000110000100111111111111111111100000000000110011000000000000000000000001100100000000001100000
00000011001100110011111000011000000111111111111100100110011000000000000000000011110010000000000000000000000000110000100111111111111111111100000000000110011000000000000000000000001100100000000001100000
10000000000000111100000000000001111111111111001111111110011000000000000000001111111101100111100000010000000000000000111111111111111111111100000000001001100110000000000011110011111100100001111000011000
10000000000000111100000000000001111111111111001111111110011000000000000000001111111101100111100000010000000000000000111111111111111111111100000000001001100110000000000011110011111100100001111000011000
10000000000000111110011110000001100000111111111111100111111000000000000000000011111111111000000000000000000000000000100111111111111111111100000000110000011001100000000011110000001111111111111110011000
10000000000000111110011110000001100000111111111111100111111000000000000000000011111111111000000000000000000000000000100111111111111111111100000000110000011001100000000011110000001111111111111110011000
10000000000011110010011000000001100011111111111111100111111000000000000000000011111111100000000000000000000000000011011111100111111111111100000000000000011111111000000000001100111111111111111111100000
01000000000000000011111000000111100011111111001111011111100000000000000000000011111110011000011110000000000011111100000000000001111111000000000000000000011001111110000000110000111111111111111110000000
01000000000000000011111000000111100011111111001111011111100000000000000000000011111110011000011110000000000011111100000000000001111111000000000000000000011001111110000000110000111111111111111110000000
11110000000000001101100000000111100111111111111111111000011000000000000000000011111111100110000111100011000000000000000000000111111111111100000000000110011110000110000000001111111111111111111111100000
11110000000000001101100000000111100111111111111111111000011000000000000000000011111111100110000111100011000000000000000000000111111111111100000000000110011110000110000000001111111111111111111111100000
10111100000000111110000000000000000111111111111111111000011001100000000000000000000011100000000000000011000000000000011111111111111111110000000000000111111110011000000000111111110011111111111110000000
10111100000000111110000000000000000111111111111111111000011001100000000000000000000011100000000000000011000000000000011111111111111111110000000000000111111110011000000000111111110011111111111110000000
11000000001100111100000000000000000111110011111111100000011110011001000000000000000000000000000000000011000000000000000001111111111111000000000000001001111110000001101100111100110011111111111110000000
11000000001100111100000000000000000111110011111111100000011110011001000000000000000000000000000000000011000000000000000001111111111111000000000000001001111110000001101100111100110011111111111110000000
10000000000000000000000000000000011111111100001111111110000000000110000000110011110000000000000000001100000000000000000000000111100000000000000011000000011110011110010000111100111111111111111000011000
10000000000000000000000000000000011111111100001111111110000000000110000000110011110000000000000000001100000000000000000000000111100000000000000011000000011110011110010000111100111111111111111000011000
10110011000000111110000000000000000011111100000000000111111111111110000011111111110000011000000001111111000000000000000000000000011000001100000000000000011000000110001111000000111100111111111110000000
10110011000000111110000000000000000011111100000000000111111111111110000011111111110000011000000001111111000000000000000000000000011000001100000000000000011000000110001111000000111100111111111110000000
01110000001100111110000110000000000000000011001111011111111111111111000011001111111100000110000111111111111100000000000000000000000000000000000000001001111000000000000011000011111100111111111111111100
01110000001100111110000110000000000000000011001111011111111111111111000011001111111100000110000111111111111100000000000000000000000000000000000000001001111000000000000011000011111100111111111111111100
10111100000000001111100110000000000000000000000000000000000000011111111100111111111111100001111111111111110000000000000000000000000000000000000000001111111000000000000000001100111100100111100111111100
11110011110000001111111000000000000000000000000000000001100111111000001111111111111111111111111111100011000000000000100001100000000001000000000000110001111000000000000000001100000000111111100111100011
11110011110000001111111000000000000000000000000000000001100111111000001111111111111111111111111111100011000000000000100001100000000001000000000000110001111000000000000000001100000000111111100111100011
11111111111111000010011000000110000000000000000000111001111111111111111111110022222011111111111111111100000000000000111000000001100000000000000011110001111000000000000000000011001111111111100111100000
11111111111111000010011000000110000000000000000000111001111111111111111111110022222011111111111111111100000000000000111000000001100000000000000011110001111000000000000000000011001111111111100111100000
11111111111111000001111110011000000000000000000000000000000111111111111122222222222111111111111111110000110000000000100110011000000000000000000011000001111000000000001100000011000000000000000110011000
11111111111111000001111110011000000000000000000000000000000111111111122222222222211111111111111111110000110000000000100110011000000000000000000011000001111000000000001100000011000000000000000110011000
11111111111111110001100111111110000000000000000000100110011000011111122222222222211111111110000111100011111100001100111111111110000000000000000000000000000110000000011111001100001111000000000000011000
11111111111111110001100111111110000000000000000000100110011000011111111122222220111111111110000111100011111100001100111111111110000000000000000000000000000110000000011111001100001111000000000000011000
11111111111111111100000110011000000000000011000000111110011110011111111122222220111111111110000111101111111100000000011001111111111110000000001111000000000110000000000000001100110011100000011000000000
11111111111111111100000110011000000000000011000000111110011110011111111100222222211111111110000111101111111100000000011001111111111110000000001111000000000110000000000000001100110011100000011000000000
11111111111111111100011111100000000000000011111100011111100111111001111111222222211111111000011110010011111100000000011111111111111000000000001111001000000000000000001100001100111111011110000000000000
11111111111111111100011111100000000000000011111100011111100111111001111111112211111111111000011110010011111100000000011111111111111000000000001111001000000000000000001100001100111111011110000000000000
11111111111111111100011111100111111100111111111111111110000110011111111111111111111111111111111001111111111111001111011111111111111110001100110000001110011000000111100000000011111111011000011000000000
11111111111111111100011111100111111100111111111111111110000110011111111111111111111111111111111001111111111111001111011111111111111110001100110000001110011000000111100000000011111111011000011000000000
11111111111111111100011111111110011000111111111111100111111111111111111111111111111111111111111110011111111111000011011111111111111111000011000000000000000000011000000000000000000000000110000000000000
11111111111111111100011111111110011000111111111111100111111111111111111111111111111111111111111110011111111111000011011111111111111111000011000000000000000000011000000000000000000000000110000000000000
11111111111111111111100111111111111111111111110011111111111111111001111111111111111111111111111001100011000011000000111110000111111110000000001100000000000110000111110000000011001100100110000000000000
11111111111111111110000111111111111111111111111111111111111111111111111111111111111111100000011001110000000000000000000001111000011110110000000000000000000110011000000000000000000000000110000000000011
11111111111111111110000111111111111111111111111111111111111111111111111111111111111111100000011001110000000000000000000001111000011110110000000000000000000110011000000000000000000000000110000000000011
11111111111111111111111111111111111111111111111111111111111111111001111111111111111111111111100000001100001100000011000000000000011000000000000000000000000000000001111100000000000000100001100000000000
11111111111111111111111111111111111111111111111111111111111111111001111111111111111111111111100000001100001100000011000000000000011000000000000000000000000000000001111100000000000000100001100000000000
11111111111111222011100111111111111111111111111111111111111111111111001111111111111110011001100110000000000000000000011000011000000000000000000000000000000110000110000000001100000000000000000110000000
11111111111111222011100111111111111111111111111111111111111111111111001111111111111110011001100110000000000000000000011000011000000000000000000000000000000110000110000000001100000000000000000110000000
11111111111111222222211110222111111111111111111111111111111111111111000011111111111111111111100001110000000000000000000001100000000000000000000000000000000000000000000000000000000000000001100000000000
11111111111111222222222222222221111111111111111111111111111111111111000011111111111111111111100001110000000000000000000001100000000000000000000000000000000000000000000000000000000000000001100000000000
11111111111111222222222222222221111111111111111111111111111111111110000000000011001100000111100001100011000000000000000110011000000000000000000000000000000000000000000000000011001111000000000000000000
11111111111111222222200110002221111111111111111111111111111111111110000000000011001100000111100001100011000000000000000110011000000000000000000000000000000000000000000000000011001111000000000000000000
11111111111111222222211110012221111111111111111111111111111111111000000000000000000000000000000000000011110000000011000000000000000000000000000000000000000000000000000000000011001111111001111110000000
11111111111111222222222110011111111111111111111111111111111111111000000000000000000000000000000000000011110000000011000000000000000000000000000000000000000000000000000000000011001111111001111110000000
11111111111111222222222111100111111111111111111111111111111111111000000000000000000010000000000000000000000011000000000000000000000000000000000000000000000000000000000000001111110000000110000001100000
11111111111111222222222211100111111111111111111111111111111111111000000000000000000010000000000000000000000011000000000000000000000000000000000000000000000000000000000000001111110000000110000001100000
11111111111111112222222210000001111111111111111111111111111111111111000000000000000000000000000000000000000000000000000000000000000000000000000000000000000000000110000000000000000000000001111001100000
11111111111111112222222210000001111111111111111111111111111111111111000000000000000000000000000000000000000000000000000000000000000000000000000000000000000000000110000000000000000000000001111001100000
11111111111111111101111110000001111111111111111111111111111111100001000000000000000000000000000000000000000000000000000000000000000000000000000000000000000000000000010000000000000000100000011110000000
11111111111111111111111111100000011111111111111111111111111110000110000000000000000000000000000000000000000000000000000000000000000000000000000000000000000000000000000011111100000000000000000000000000
11111111111111111111111111100000011111111111111111111111111110000110000000000000000000000000000000000000000000000000000000000000000000000000000000000000000000000000000011111100000000000000000000000000
11111111111111111111111110000000000111110011111111111111111110011000000011000000000001100000000000000000000000000000000000000000000000000000000000000000000000000000000000001100000000000000000000000000
11111111111111111111111110000000000111110011111111111111111110011000000011000000000001100000000000000000000000000000000000000000000000000000000000000000000000000000000000001100000000000000000000000000
11111111111111111111111111100000000011111111111111111111111111111000000000000000110000000000000000010000000000000000000000000000000000000000000000000000000000000000000000000000000000000110000000000000
11111111111111111111111111100000000011111111111111111111111111111000000000000000110000000000000000010000000000000000000000000000000000000000000000000000000000000000000000000000000000000110000000000000
11111111111111111111111111100000000000111111111111111111111111100001000000000000000000000000000000000000000000110000000000000000000000000000000000000000000000000000000000000000000000000000000000000000
11111111111111111111111111100000000000111111111111111111111111100001000000000000000000000000000000000000000000110000000000000000000000000000000000000000000000000000000000000000000000000000000000000000
11111111111111111111111111100000000000111111111111111111111111100000110000000000000000000000000001100000001100000011000000000000000000000000000000000000000000000000000000000000000000000000000000000000
11111111111111111111111111100000000000111111111111111111111111100000110000000000000000000000000001100000001100000011000000000000000000000000000000000000000000000000000000000000000000000000000000000000
11111111111111111111111111100000000100001111111111111111111111100110000000000000000000000000000001100011110000000000000000000000000000000000000000000000000000000000000000000000000000000000000000000000
11111111111111111111111111100000000100001111111111111111111111100110000000000000000000000000000001100011110000000000000000000000000000000000000000000000000000000000000000000000000000000000000000000000
11111111111111111111111111100000000111111111111111111111111001100000000000000000000000000000000000000000000000000000000000000000000000000000000000000000000000000000000000000000110000100000000000000000
11111111111111111111111111100000000111111111111111111111111001100000000000000000000000000000000000000000000000000000000000000000000000000000000000000000000000000000000000000000110000100000000000000000
11111111111111111111111111111001100011111111111111111111111111100000110000000000000000000000000110000000000000000000000000000000000000000000000000000000000000000000000000000000000011000000000000000000
11111111111111111111111111111001100011001111111111111111111111111000000000000000000000000000000000000000000000000000000000000000000000000000000000000000000000000000000000000000001111100000000000000000
11111111111111111111111111111001100011001111111111111111111111111000000000000000000000000000000000000000000000000000000000000000000000000000000000000000000000000000000000000000001111100000000000000000
11111111111111111110011111111000000000111111111111111111111110000000000000000000000000000000000000000000000000000000000000000000000000000000000000000000000000000000000000000000000011000000000000000000
11111111111111111110011111111000000000111111111111111111111110000000000000000000000000000000000000000000000000000000000000000000000000000000000000000000000000000000000000000000000011000000000000000000
11111111111111111110011111111110000011111111111111111111111000000001110000000000000000000000000000000000000000000000000000000000000000000000000000000000000000011000000000000000000000000000000000000000
11111111111111111110011111111110000011111111111111111111111000000001110000000000000000000000000000000000000000000000000000000000000000000000000000000000000000011000000000000000000000000000000000000000
11111111111111111111111111100110000011111111111111111111111001100000000000000000000000000000000000000000000011000000000000000000000000000000000000000000000000000000000000000000000000000000000000000000
11111111111111111111111111100110000011111111111111111111111001100000000000000000000000000000000000000000000011000000000000000000000000000000000000000000000000000000000000000000000000000000000000000000
11111111110011111111111111111110000011111111001111111111100110000000000000110000000000000000000000000000000011000000000000000000000000000000000000000000000000000000000000000000000000000000000000000000
11111111110011111111111111111110000011111111001111111111100110000000000000110000000000000000000000000000000011000000000000000000000000000000000000000000000000000000000000000000000000000000000000000000
11111111001100111111111110011001100000111111111111111111111000000000000000000000000000000000000000000000000000000000000000000000000000000000000000000000000000011000000000000000000000000000000000000000
11111111001100111111111110011001100000111111111111111111111000000000000000000000000000000000000000000000000000000000000000000000000000000000000000000000000000011000000000000000000000000000000000000000
11111111110000000000000001111000000000001111111111111111100000000000000000000000000000000000000110000000000000000000000000000000000000000000000000000000000000000000000000110000000011000000000000000000
11111111110000000000000001111000000000001111111111111111100000000000000000000000000000000000000110000000000000000000000000000000000000000000000000000000000000000000000000110000000011000000000000000000
11111111110000000000011110011110000000111111111111111110011110000001000000110011000000000000000000000000000000000000000000000000000000000000000000001000000000011000011100000000001100000000000000000000
11111111110000000000011110011110000000111111111111111110011110000001000000110011000000000000000000000000000000000000000000000000000000000000000000001000000000011000011100000000001100000000000000000000
11111111111100000001100000000111111000111111111111111000000000000110001111000000000000000000011000000000000000000000000000000000000000000000000000000000000000000001110000000011000011000000000000011000
11111111000000000011100000000000011111111111111111111000000001100110000000000000000000000001100000000000110000000000000000000000000000000000000000000000000000000001100011001100001111000000000000000000
11111111000000000011100000000000011111111111111111111000000001100110000000000000000000000001100000000000110000000000000000000000000000000000000000000000000000000001100011001100001111000000000000000000
11111111000000000011100000000000000111111111000000111111100110000110000000000011000001100000000000000000000011000000000000000000000000000000000000000000000000000001100000110011000000000000000000000000
11111111000000000011100000000000000111111112222200111111100110000110000000000011000001100000000000000000000011000000000000000000000000000000000000000000000000000001100000110011000000000000000000000000
11110011110000000000000000000001111111111112222200111111100110011000000000000000000000000000000000010000000000001111000000000000000000000000000000000000011111100000000000000000000011011000000000000000
11110011110000000000000000000001111111111112222200111111100110011000000000000000000000000000000000010000000000001111000000000000000000000000000000000000011111100000000000000000000011011000000000000000
11111111111100000000000000011111111111111112222200011001100110011110000000000000000000000001100000001100000000110000000000000000000000000000110000000001100000000000000000001100000000000000000000000000
11111111111100000000000000011111111111111112222222011001100110011110000000000000000000000001100000001100000000110000000000000000000000000000110000000001100000000000000000001100000000000000000000000000
11111100111100110000000001111111111111111111122122111110011110000000000011110000000000000000000000000011000000000011000000000110000110000000000000000000000000000000000000000000000000000000000000000000
11111100111100110000000001111111111111111111122122111110011110000000000011110000000000000000000000000011000000000011000000000110000110000000000000000000000000000000000000000000000000000000000000000000
11111111111111110001100000011111111111111112222222220111111111111000000000000000000000000000000000000000000000000000000111100000011110000011110000000000000000000000000000000000000011000000000000000000
11111111111111110001100000011111111111111112222222220111111111111000000000000000000000000000000000000000000000000000000111100000011110000011110000000000000000000000000000000000000011000000000000000000
11111100111100000011111001111111111111111102222222222211111110000001001100000000000000000000000000000011000011000000000111100000000000000000000000000111100000000000000000110000000011100000000000000000
11111100111100000011111001111111111111111100000222220111111110000001001100000000000000000000000000000011000011000000000111100000000000000000000000000111100000000000000000110000000011100000000000000000
11110000000000111101111111111111111111111111111222221111111111111111110000000000000000000000000000000000000000110000000111100000011001111111000000000000000000000000000000000000000000011110000000000000
11110000000000111101111111111111111111111111111100011111111111111111110000000000000000000000000000000000000000110000000111100000011001111111000000000000000000000000000000000000000000011110000000000000
11000000000011111111111111111111111111111111111111111111111111111110110000000000000001100110000000011100111100001100000000011001100000000000000000000000000000000000000000110000000000011000000000000000
10001111001111111111111111100111111111111111111111111111111110000110000000000000000000000000000110010000001100000000011000000000000000000000000000000000000000000000000000001100000000100000000000000000
10001111001111111111111111100111111111111111111111111111111110000110000000000000000000000000000110010000001100000000011000000000000000000000000000000000000000000000000000001100000000100000000000000000
11111111111111111111111111111111111111111111111111111111111111100001000000000000110000000001100110011111000011110000000000000000000000000000110000000000000000000000000000001111000000000000000000011000
11111111111111111111111111111111111111111111111111111111111111100001000000000000110000000001100110011111000011110000000000000000000000000000110000000000000000000000000000001111000000000000000000011000
11111111111111111111111111111111111111111111111111111111111111111110000000000000001100000000000000001100000000110000000001100000000000000000000000000000000000000000000000000000000000000000000000011000
11111111111111111111111111111111111111111111111111111111111111111110000000000000001100000000000000001100000000110000000001100000000000000000000000000000000000000000000000000000000000000000000000011000
11111111111111111111111111111111111111111111111111111111111110011110000000000000000000011000000001100000000000110000100001111110000000110000000000000000000000000000000000110000000000000000000000000000
22111111111111111111111111111111111111111111111111111111111110011110000000000000000000011000000001100000000000110000100001111110000000110000000000000000000000000000000000110000000000000000000000000000